1604988201228,0.125,0.125,0.07151249999999898
1604988201260,-0.3125,-0.1875,-0.05089999999999684
1604988201292,0.1875,0.25,0.06529374999999504
1604988201324,-0.0625,-0.25,-0.10174999999999379
1604988201356,0.0,0.1875,0.08868749999999359
1604988201388,0.0625,-0.1875,-0.10994374999999401
1604988201420,-0.0625,0.125,0.11109374999999311
1604988201453,0.06060606060606061,-0.06060606060606061,-0.10541818181817428
1604988201485,-0.0625,0.0,0.08187499999999304
1604988201534,0.04081632653061224,0.0,-0.04589795918366931
1604988201565,-0.12903225806451613,0.0,0.06650967741934767
1604988201597,0.0625,0.0625,-0.04596874999999301
1604988201629,0.0,-0.0625,0.031868749999993895
1604988201660,0.0,0.06451612903225806,-0.006477419354833699
1604988201692,-0.0625,0.0,0.01134999999999664
1604988201724,0.125,-0.0625,-0.018368749999996936
1604988201756,-0.0625,0.0625,0.011293749999994773
1604988201792,0.05555555555555555,0.0,-0.026883333333325748
1604988201821,0.0,-0.06896551724137931,0.02248275862067744
1604988201869,0.0,0.041666666666666664,-0.03425416666665863
1604988201897,0.0,0.0,0.06123571428570074
1604988201932,-0.05714285714285714,0.0,-0.05767428571427575
1604988201964,0.125,0.0625,0.07516249999999047
1604988201996,-0.125,-0.0625,-0.08152499999999208
1604988202028,0.0625,0.125,0.11153124999999342
1604988202060,0.0,-0.0625,-0.12937499999999424
1604988202092,0.0,0.0625,0.1228874999999956
1604988202124,0.0,0.0,-0.09040624999999736
1604988202156,0.0,0.3125,0.10039999999999871
1604988202188,0.0625,-0.25,-0.09905625000000029
1604988202221,-0.06060606060606061,0.30303030303030304,0.0982242424242441
1604988202253,0.0625,-0.3125,-0.10885000000000211
1604988202286,-0.06060606060606061,0.30303030303030304,0.1177272727272759
1604988202333,0.0851063829787234,-0.1276595744680851,-0.08165106382979105
1604988202364,-0.12903225806451613,0.1935483870967742,0.14527741935484623
1604988202396,0.125,-0.0625,-0.15250625000000895
1604988202428,-0.125,0.0625,0.15776875000001134
1604988202460,0.125,-0.1875,-0.16120000000001333
1604988202493,-0.06060606060606061,0.24242424242424243,0.14390909090910542
1604988202524,0.06451612903225806,-0.3225806451612903,-0.15881935483872667
1604988202556,-0.0625,0.1875,0.14433750000001666
1604988202588,0.1875,0.1875,-0.1343375000000151
1604988202620,-0.375,-0.375,0.14571875000001278
1604988202653,0.48484848484848486,0.24242424242424243,-0.15647272727273853
1604988202685,-0.5625,-0.375,0.20954375000001235
1604988202733,0.3333333333333333,0.125,-0.15854166666667524
1604988202764,-0.5806451612903226,-0.5161290322580645,0.21064516129033453
1604988202796,0.5625,0.625,-0.20300000000001006
1604988202829,-0.5454545454545454,-0.7272727272727273,0.1915939393939487
1604988202860,0.5806451612903226,0.5806451612903226,-0.18149032258065562
1604988202892,-0.6875,-0.75,0.19841875000001075
1604988202924,0.6875,0.8125,-0.20866875000000995
1604988202956,-0.625,-0.875,0.22706875000000792
1604988202988,0.6875,1.0,-0.2168562500000064
1604988203020,-0.8125,-1.375,0.14547500000000646
1604988203053,0.6666666666666666,0.9090909090909091,-0.07656363636364245
1604988203084,-0.45161290322580644,-0.25806451612903225,-0.10890322580644535
1604988203132,0.20833333333333334,-0.125,0.1328291666666613
1604988203165,-0.30303030303030304,0.06060606060606061,-0.19344848484847477
1604988203197,0.25,0.0625,0.18833749999998872
1604988203228,-0.1935483870967742,-0.3225806451612903,-0.21514838709676146
1604988203260,0.1875,0.75,0.24271874999998566
1604988203292,-0.1875,-1.25,-0.23398124999998515
1604988203324,0.125,1.25,0.22008749999998578
1604988203356,-0.125,-1.25,-0.217418749999986
1604988203389,0.12121212121212122,1.2121212121212122,0.22143636363635075
1604988203421,-0.125,-1.25,-0.23619999999998775
1604988203453,0.125,1.3125,0.21655624999998935
1604988203485,-0.0625,-1.3125,-0.21825624999999071
1604988203534,0.0,0.8571428571428571,0.14608163265305574
1604988203565,0.06451612903225806,-1.2903225806451613,-0.23344516129031578
1604988203596,-0.12903225806451613,1.2903225806451613,0.24081290322580035
1604988203628,0.1875,-1.1875,-0.2424312499999921
1604988203660,-0.25,1.3125,0.2553499999999893
1604988203692,0.3125,-1.3125,-0.2594749999999877
1604988203724,-0.3125,1.4375,0.23776874999998832
1604988203757,0.30303030303030304,-1.3333333333333333,-0.19870909090908148
1604988203788,-0.3225806451612903,1.4193548387096775,0.1987354838709584
1604988203821,0.30303030303030304,-1.2121212121212122,-0.1760606060605958
1604988203853,-0.25,1.375,0.18741874999998664
1604988203885,0.1875,-1.375,-0.18288749999998366
1604988203934,-0.12244897959183673,0.9795918367346939,0.12524081632651887
1604988203966,0.25,-1.4375,-0.18004999999998184
1604988203998,-0.3125,1.4375,0.17193749999998076
1604988204030,0.375,-1.375,-0.17558124999997915
1604988204060,-0.4,1.5333333333333334,0.20087333333330928
1604988204092,0.3125,-1.3125,-0.19563124999997505
1604988204124,-0.25,1.3125,0.21921249999997272
1604988204156,0.25,-1.1875,-0.22743124999997022
1604988204188,-0.3125,1.25,0.2410062499999679
1604988204221,0.42424242424242425,-1.0909090909090908,-0.23039393939390693
1604988204253,-0.5,1.25,0.24578124999996476
1604988204300,0.3404255319148936,-0.8085106382978723,-0.16116595744678272
1604988204331,-0.45161290322580644,1.4193548387096775,0.2393096774193135
1604988204364,0.42424242424242425,-1.2727272727272727,-0.20666666666662684
1604988204397,-0.42424242424242425,1.2727272727272727,0.19935151515147537
1604988204428,0.45161290322580644,-1.4193548387096775,-0.18727096774189395
1604988204460,-0.375,1.5,0.15712499999996155
1604988204492,0.375,-1.75,-0.15708124999996365
1604988204524,-0.375,1.9375,0.15028124999996528
1604988204557,0.36363636363636365,-2.303030303030303,-0.16416363636360323
1604988204589,-0.375,2.5,0.14234374999996469
1604988204621,0.4375,-2.8125,-0.17464999999996422
1604988204653,-0.4375,3.125,0.14133749999996503
1604988204701,0.25,-2.4583333333333335,-0.06747083333331005
1604988204732,-0.3225806451612903,4.32258064516129,0.10864516129028574
1604988204764,0.125,-4.6875,-0.07096874999996317
1604988204797,0.0,4.7272727272727275,0.07142424242420536
1604988204828,-0.06451612903225806,-4.903225806451613,-0.09472903225802413
1604988204860,0.125,4.5,0.12103124999996062
1604988204892,-0.375,-4.75,-0.10471249999996068
1604988204924,0.5,5.1875,0.11758749999996176
1604988204956,-0.5,-5.5625,-0.142024999999963
1604988204988,0.5,5.375,0.17965624999996344
1604988205021,-0.48484848484848486,-5.212121212121212,-0.13232727272723865
1604988205053,0.6875,5.4375,0.020881249999966656
1604988205100,-0.6808510638297872,-4.0,-0.010927659574446245
1604988205145,0.8,4.488888888888889,-0.036777777777799905
1604988205165,-1.9,-10.8,0.13457000000005054
1604988205196,1.2258064516129032,6.838709677419355,-0.12460000000003439
1604988205228,-1.1875,-6.625,0.16157500000003466
1604988205261,1.0909090909090908,6.424242424242424,-0.17845454545457848
1604988205292,-1.096774193548387,-6.967741935483871,0.17789032258067913
1604988205324,1.125,7.0,-0.17846250000003394
1604988205357,-1.0909090909090908,-7.090909090909091,0.20389696969700502
1604988205388,1.1612903225806452,7.483870967741935,-0.2221677419355226
1604988205420,-1.1875,-7.25,0.2181937500000366
1604988205453,1.2121212121212122,7.03030303030303,-0.22504848484851953
1604988205517,-0.65625,-3.625,0.1214250000000181
1604988205540,1.826086956521739,10.173913043478262,-0.36041739130440004
1604988205564,-1.75,-9.75,0.36211666666671743
1604988205596,1.375,7.4375,-0.2800250000000375
1604988205628,-1.4375,-7.4375,0.3032937500000372
1604988205660,1.4375,7.5,-0.2807000000000368
1604988205692,-1.4375,-7.4375,0.24875625000003687
1604988205723,1.4838709677419355,7.741935483870968,-0.22928387096778036
1604988205757,-1.2941176470588236,-7.0,0.20905882352944533
1604988205789,1.3125,7.5,-0.21734375000003325
1604988205836,-0.851063829787234,-5.0638297872340425,0.14101702127661708
1604988205853,2.3529411764705883,14.117647058823529,-0.3570705882353509
1604988205900,-0.851063829787234,-5.1063829787234045,0.12737446808512715
1604988205932,1.25,7.625,-0.20049375000003167
1604988205964,-1.25,-7.625,0.20818750000003305
1604988205997,1.1515151515151516,7.393939393939394,-0.19860000000003172
1604988206029,-1.125,-7.5,0.2044187500000305
1604988206060,1.1612903225806452,7.741935483870968,-0.20058064516132024
1604988206092,-1.125,-7.4375,0.18550625000002796
1604988206124,1.125,7.4375,-0.1881437500000267
1604988206156,-1.125,-7.3125,0.19786875000002624
1604988206188,1.0625,7.3125,-0.18776875000002669
1604988206221,-0.9696969696969697,-6.909090909090909,0.17958787878790466
1604988206253,1.0625,7.1875,-0.18379375000002618
1604988206300,-0.7659574468085106,-4.851063829787234,0.13762978723406027
1604988206332,1.125,7.25,-0.17131875000002594
1604988206364,-1.0625,-7.1875,0.1637812500000262
1604988206396,1.0,7.25,-0.15070000000002715
1604988206429,-0.9696969696969697,-6.96969696969697,0.14427878787881465
1604988206460,1.032258064516129,7.483870967741935,-0.15365806451615804
1604988206492,-0.9375,-7.1875,0.14156875000002955
1604988206524,0.875,7.25,-0.10780625000002964
1604988206556,-0.8125,-7.3125,0.06514375000002737
1604988206589,0.8484848484848485,6.848484848484849,-0.10840606060608507
1604988206621,-0.875,-6.8125,0.14353125000002542
1604988206653,0.9375,6.25,-0.1649562500000279
1604988206701,-0.7083333333333334,-3.875,0.11687500000002042
1604988206732,1.2258064516129032,5.548387096774194,-0.22998064516132255
1604988206764,-1.3125,-5.0625,0.22115000000002993
1604988206796,1.375,5.0,-0.1760875000000297
1604988206828,-1.4375,-5.0625,0.1232312500000301
1604988206861,1.4545454545454546,4.424242424242424,-0.11587878787881581
1604988206892,-1.6774193548387097,-4.193548387096774,0.15466451612905985
1604988206924,1.8125,3.9375,-0.16583750000002517
1604988206956,-2.25,-4.4375,0.2509312500000238
1604988206988,2.625,4.875,-0.3209312500000223
1604988207022,-2.3529411764705883,-4.470588235294118,0.3125647058823735
1604988207053,2.3225806451612905,4.451612903225806,-0.3232258064516362
1604988207102,-1.469387755102041,-2.7346938775510203,0.18702448979593334
1604988207134,2.125,4.0,-0.2369500000000233
1604988207165,-2.064516129032258,-4.193548387096774,0.21561290322583113
1604988207196,2.193548387096774,4.32258064516129,-0.2163935483871217
1604988207228,-2.1875,-4.25,0.19989375000002418
1604988207260,2.0625,4.0,-0.23009375000002308
1604988207293,-1.878787878787879,-3.696969696969697,0.19609090909092988
1604988207324,1.8709677419354838,3.2903225806451615,-0.2004774193548597
1604988207357,-1.8181818181818181,-2.9696969696969697,0.20775151515153373
1604988207389,2.0,3.1875,-0.2883437500000188
1604988207422,-2.0,-3.272727272727273,0.34824848484850457
1604988207452,2.066666666666667,3.4,-0.38748000000002397
1604988207502,-1.2,-1.72,0.2229640000000154
1604988207536,1.7647058823529411,2.2941176470588234,-0.30492941176473043
1604988207564,-2.142857142857143,-3.0714285714285716,0.33388571428574615
1604988207596,1.9375,2.6875,-0.24805000000002764
1604988207628,-2.0,-2.75,0.224937500000026
1604988207660,2.0,2.8125,-0.2295812500000256
1604988207692,-1.9375,-2.8125,0.23821250000002614
1604988207724,1.9375,2.875,-0.24180625000002642
1604988207758,-1.8235294117647058,-2.7058823529411766,0.2260058823529672
1604988207788,2.066666666666667,3.1333333333333333,-0.2602266666666973
1604988207820,-1.9375,-2.875,0.24566250000002832
1604988207886,0.9393939393939394,1.4242424242424243,-0.1099484848484985
1604988207922,-1.7222222222222223,-2.5555555555555554,0.1915888888889141
1604988207933,5.636363636363637,8.363636363636363,-0.6820909090909905
1604988207964,-2.0,-2.903225806451613,0.27200000000002805
1604988207996,2.0,2.8125,-0.27946875000002613
1604988208028,-2.0625,-2.75,0.28539375000002565
1604988208060,2.125,2.8125,-0.2771812500000248
1604988208092,-2.1875,-2.8125,0.28031875000002415
1604988208124,2.25,2.875,-0.2863875000000249
1604988208156,-2.25,-2.8125,0.2767500000000247
1604988208189,2.1818181818181817,2.787878787878788,-0.2607575757575987
1604988208221,-2.25,-2.875,0.29330625000002364
1604988208268,1.5319148936170213,2.0,-0.22088510638299547
1604988208300,-2.25,-2.875,0.36229375000002584
1604988208332,2.25,2.875,-0.3730812500000269
1604988208364,-2.25,-2.8125,0.3765687500000272
1604988208396,2.25,2.875,-0.36451250000002666
1604988208428,-2.25,-2.8125,0.3558062500000272
1604988208460,2.1875,2.875,-0.3315437500000282
1604988208492,-2.0625,-2.8125,0.3223812500000278
1604988208524,2.0,2.875,-0.31678125000002666
1604988208556,-2.0,-2.75,0.31291250000002613
1604988208589,1.9393939393939394,2.727272727272727,-0.2949393939394199
1604988208637,-1.2916666666666667,-1.7916666666666667,0.20514583333335187
1604988208668,1.935483870967742,2.838709677419355,-0.31192258064519074
1604988208701,-1.7575757575757576,-2.606060606060606,0.29456363636366534
1604988208732,1.8709677419354838,2.903225806451613,-0.2810516129032591
1604988208764,-1.8125,-2.9375,0.25951250000003334
1604988208796,1.8125,3.1875,-0.27337500000003345
1604988208828,-1.75,-3.4375,0.28053125000003476
1604988208860,1.75,3.375,-0.31490000000003526
1604988208892,-1.75,-2.875,0.3329875000000335
1604988208924,1.75,2.0,-0.37515625000003183
1604988208956,-1.75,-1.5,0.36020625000003115
1604988208989,1.7575757575757576,1.2121212121212122,-0.3604848484848782
1604988209021,-1.875,-1.3125,0.38868750000002983
1604988209070,1.1428571428571428,0.7755102040816326,-0.21024081632654945
1604988209105,-1.4857142857142858,-0.9142857142857143,0.2423657142857402
1604988209132,1.7777777777777777,1.037037037037037,-0.2597703703704042
1604988209164,-1.6875,-0.875,0.2700812500000289
1604988209196,1.8125,0.875,-0.2623625000000285
1604988209228,-1.5625,-0.875,0.15576250000002823
1604988209261,1.3333333333333333,0.6666666666666666,-0.06424242424245194
1604988209292,-1.6774193548387097,-0.8387096774193549,0.0835225806451908
1604988209324,1.875,0.6875,-0.07900625000002925
1604988209356,-1.6875,-1.0625,0.14611250000003118
1604988209389,1.696969696969697,1.2121212121212122,-0.32272121212124394
1604988209436,-1.4042553191489362,-0.9787234042553191,0.2525829787234271
1604988209468,1.9375,1.375,-0.31066875000003513
1604988209500,-1.6875,-1.5625,0.021875000000036948
1604988209532,1.6875,1.8125,0.11061249999996292
1604988209564,-1.875,-2.25,-0.12240624999996363
1604988209596,2.0,2.5,0.08586249999996376
1604988209628,-2.0625,-2.3125,-0.08060624999996335
1604988209660,2.0,1.75,0.17694374999996398
1604988209693,-1.878787878787879,-1.3333333333333333,-0.18192727272724019
1604988209724,1.935483870967742,1.4838709677419355,0.1735032258064188
1604988209757,-1.7575757575757576,-1.7575757575757576,-0.1681999999999682
1604988209789,1.8125,1.9375,0.2109624999999653
1604988209836,-1.2340425531914894,-1.3191489361702127,-0.15755319148933694
1604988209868,1.875,2.25,0.20353124999996197
1604988209901,-1.878787878787879,-2.5454545454545454,-0.16381818181814412
1604988209932,1.935483870967742,2.774193548387097,0.2114903225806045
1604988209965,-1.7575757575757576,-2.5454545454545454,-0.22010909090905292
1604988209996,1.8064516129032258,2.7096774193548385,0.24320645161286475
1604988210028,-1.6875,-2.625,-0.23691874999996365
1604988210059,1.7419354838709677,2.838709677419355,0.24746451612899392
1604988210092,-1.6363636363636365,-2.727272727272727,-0.22807272727269182
1604988210125,1.6363636363636365,2.787878787878788,0.19605454545451162
1604988210156,-1.7419354838709677,-2.903225806451613,-0.1790451612902867
1604988210189,1.6363636363636365,2.787878787878788,0.18106666666663138
1604988210221,-1.625,-2.875,-0.2011624999999615
1604988210270,1.0204081632653061,1.9183673469387754,0.13099591836732094
1604988210301,-1.5483870967741935,-3.032258064516129,-0.21356129032253904
1604988210333,1.5,3.0,0.21602499999995928
1604988210364,-1.5483870967741935,-3.096774193548387,-0.23047741935479757
1604988210396,1.5,3.0,0.22513124999996137
1604988210428,-1.5,-2.9375,-0.21986874999996076
1604988210460,1.5,2.9375,0.21943749999995887
1604988210492,-1.5625,-2.9375,-0.21231249999995683
1604988210525,1.5757575757575757,2.909090909090909,0.2111333333332902
1604988210558,-1.6363636363636365,-2.909090909090909,-0.2119151515151085
1604988210589,1.8064516129032258,3.096774193548387,0.20518064516124557
1604988210636,-1.1914893617021276,-1.9574468085106382,-0.11965957446805538
1604988210668,1.75,2.9375,0.17338124999995408
1604988210700,-1.75,-2.875,-0.18017499999995223
1604988210731,1.8064516129032258,3.096774193548387,0.19383225806446688
1604988210765,-1.6470588235294117,-2.764705882352941,-0.18594117647054317
1604988210796,1.8064516129032258,3.096774193548387,0.21894838709672257
1604988210828,-1.6875,-2.8125,-0.19032499999994812
1604988210860,1.625,2.875,0.19478749999994882
1604988210892,-1.625,-2.75,-0.17586874999994961
1604988210924,1.6875,2.8125,0.1625437499999478
1604988210956,-1.75,-2.75,-0.15773749999994635
1604988210990,1.7647058823529411,2.6470588235294117,0.16415294117642112
1604988211036,-1.3478260869565217,-1.9565217391304348,-0.1346826086956165
1604988211068,2.0,2.8125,0.17797499999994848
1604988211100,-2.0,-2.8125,-0.18579999999994712
1604988211132,2.0,2.6875,0.19832499999994546
1604988211164,-2.0,-3.4375,-0.236731249999945
1604988211196,2.0,4.5625,0.2677999999999461
1604988211228,-2.0,-5.3125,-0.3245124999999476
1604988211260,2.0625,5.375,0.3442499999999491
1604988211292,-2.1875,-5.3125,-0.32178124999995106
1604988211325,2.1818181818181817,5.151515151515151,0.2827999999999537
1604988211357,-2.375,-5.625,-0.29112499999995123
1604988211388,2.5806451612903225,5.806451612903226,0.34149677419349606
1604988211437,-1.7142857142857142,-3.63265306122449,-0.22031020408159832
1604988211469,2.625,5.75,0.33320624999994486
1604988211500,-2.7096774193548385,-6.129032258064516,-0.3544322580644568
1604988211532,2.75,6.125,0.3358812499999413
1604988211565,-2.909090909090909,-6.424242424242424,-0.31294545454539613
1604988211596,3.2903225806451615,7.225806451612903,0.3478774193547745
1604988211628,-3.5625,-7.25,-0.24323124999993695
1604988211660,4.25,7.375,0.04436874999993634
1604988211692,-4.75,-7.8125,0.0851312500000656
1604988211724,4.875,7.875,-0.017268750000067
1604988211756,-4.8125,-8.0,-0.05953749999993363
1604988211789,4.606060606060606,7.636363636363637,0.05021818181811775
1604988211836,-3.234042553191489,-5.148936170212766,-0.12819574468080597
1604988211869,4.666666666666667,6.7272727272727275,0.22196363636357208
1604988211900,-5.032258064516129,-6.774193548387097,-0.19976129032251183
1604988211932,4.75,6.125,0.2415249999999336
1604988211964,-4.625,-5.8125,-0.3812249999999331
1604988211996,4.5,5.625,0.4603687499999314
1604988212028,-4.4375,-5.5625,-0.4678624999999297
1604988212060,4.4375,5.4375,0.4833687499999293
1604988212093,-4.363636363636363,-4.909090909090909,-0.47619393939387256
1604988212124,4.645161290322581,4.645161290322581,0.5532258064515443
1604988212157,-4.303030303030303,-4.181818181818182,-0.5559696969696344
1604988212188,4.451612903225806,4.516129032258065,0.6028193548386445
1604988212236,-2.8333333333333335,-3.0416666666666665,-0.38842499999995894
1604988212268,4.1875,4.625,0.5714437499999399
1604988212301,-4.0,-4.484848484848484,-0.5524727272726692
1604988212332,4.258064516129032,4.838709677419355,0.5968774193547761
1604988212365,-3.9393939393939394,-4.545454545454546,-0.5808181818181224
1604988212395,4.266666666666667,5.066666666666666,0.6408466666666015
1604988212428,-3.8181818181818183,-4.545454545454546,-0.5639515151514574
1604988212460,3.9375,4.6875,0.5699874999999412
1604988212492,-3.875,-4.625,-0.5766312499999398
1604988212525,3.696969696969697,4.545454545454546,0.5650303030302432
1604988212557,-3.75,-4.625,-0.5705499999999386
1604988212592,3.3714285714285714,4.228571428571429,0.5067028571428019
1604988212636,-2.6363636363636362,-3.272727272727273,-0.36992272727268405
1604988212669,3.515151515151515,4.424242424242424,0.4789818181817612
1604988212700,-3.7419354838709675,-4.709677419354839,-0.5186903225805853
1604988212732,3.5625,4.6875,0.5286999999999438
1604988212764,-3.5,-4.6875,-0.5346374999999455
1604988212796,3.5,4.75,0.5299874999999457
1604988212828,-3.5625,-4.6875,-0.5189562499999454
1604988212860,3.625,4.8125,0.513218749999945
1604988212892,-3.625,-4.75,-0.4881437499999439
1604988212924,3.625,4.875,0.46240624999994395
1604988212958,-3.3529411764705883,-4.529411764705882,-0.3992647058823008
1604988212988,3.8,5.266666666666667,0.4450599999999402
1604988213037,-2.36734693877551,-3.142857142857143,-0.2662244897958816
1604988213069,3.75,4.875,0.39336874999994365
1604988213100,-3.935483870967742,-4.967741935483871,-0.348341935483813
1604988213132,3.875,4.9375,0.3199249999999445
1604988213165,-3.757575757575758,-4.848484848484849,-0.33914545454539946
1604988213196,3.935483870967742,5.225806451612903,0.37654838709671373
1604988213227,-3.870967741935484,-5.225806451612903,-0.37129032258058436
1604988213260,3.6363636363636362,4.484848484848484,0.31798181818175986
1604988213297,-3.2432432432432434,-3.675675675675676,-0.2829783783783255
1604988213325,4.357142857142857,4.714285714285714,0.3512571428570733
1604988213357,-3.8125,-4.3125,-0.28932499999993944
1604988213390,3.6363636363636362,4.484848484848484,0.27250909090903197
1604988213436,-2.5652173913043477,-3.5652173913043477,-0.254282608695609
1604988213468,3.6875,5.375,0.41137499999993743
1604988213500,-3.6875,-5.5,-0.37941249999993865
1604988213532,3.5,5.375,0.39427499999994
1604988213563,-3.6129032258064515,-5.548387096774194,-0.4126903225805853
1604988213596,3.212121212121212,5.454545454545454,0.4603757575757031
1604988213628,-2.75,-5.8125,-0.6113249999999439
1604988213660,2.375,5.75,0.7335249999999434
1604988213693,-2.4242424242424243,-5.757575757575758,-0.7781090909090354
1604988213724,2.4516129032258065,6.064516129032258,0.9238709677418764
1604988213758,-1.8823529411764706,-5.529411764705882,-0.9271588235293594
1604988213788,2.4,5.933333333333334,0.964713333333276
1604988213837,-1.8775510204081634,-3.7551020408163267,-0.3524244897958847
1604988213868,3.4193548387096775,6.193548387096774,0.12728387096769123
1604988213900,-3.625,-6.3125,-0.07375624999995267
1604988213932,3.8125,6.375,0.10101249999995332
1604988213964,-4.0625,-6.625,-0.10367499999995289
1604988213996,4.3125,6.8125,0.04602499999995224
1604988214028,-4.5,-6.875,0.04201250000004819
1604988214060,4.5625,6.8125,-0.08176250000004792
1604988214092,-4.5625,-7.0625,0.110118750000046
1604988214124,4.5625,7.3125,-0.10671250000004306
1604988214157,-4.363636363636363,-6.96969696969697,0.07783030303034255
1604988214188,4.580645161290323,7.032258064516129,-0.07292903225810542
1604988214236,-3.0416666666666665,-4.625,0.062158333333358705
1604988214270,4.411764705882353,6.588235294117647,-0.09800588235297462
1604988214300,-5.066666666666666,-7.4,0.13120666666670217
1604988214332,4.75,6.9375,-0.16117500000003204
1604988214364,-4.75,-6.9375,0.20091875000003157
1604988214396,4.8125,7.0,-0.23176875000003072
1604988214428,-4.875,-6.875,0.24104375000002953
1604988214460,4.9375,6.875,-0.2336875000000287
1604988214493,-4.787878787878788,-6.666666666666667,0.20051515151517965
1604988214525,4.9375,6.9375,-0.19779375000003085
1604988214557,-4.875,-6.875,0.21896875000003213
1604988214604,3.276595744680851,4.723404255319149,-0.1580595744681074
1604988214637,-4.606060606060606,-6.7272727272727275,0.21961818181821538
1604988214668,4.838709677419355,7.161290322580645,-0.2536129032258439
1604988214700,-4.625,-6.8125,0.26125625000003616
1604988214732,4.625,6.8125,-0.24820625000003638
1604988214764,-4.625,-6.8125,0.24803750000003788
1604988214796,4.6875,6.9375,-0.2550125000000385
1604988214828,-4.75,-6.875,0.27195625000003787
1604988214860,4.75,6.9375,-0.2453687500000381
1604988214892,-4.75,-6.75,0.231643750000039
1604988214925,4.606060606060606,6.606060606060606,-0.20529696969700842
1604988214957,-4.75,-6.8125,0.21110625000004113
1604988215004,3.234042553191489,4.76595744680851,-0.13054893617024096
1604988215037,-4.545454545454546,-6.787878787878788,0.16072727272731155
1604988215068,4.774193548387097,7.225806451612903,-0.13610322580649015
1604988215100,-4.5625,-6.875,0.13032500000003466
1604988215132,4.5,6.9375,-0.1293000000000326
1604988215164,-4.4375,-6.875,0.1403937500000314
1604988215196,4.4375,6.9375,-0.1394812500000313
1604988215228,-4.4375,-6.875,0.13700625000003086
1604988215272,3.272727272727273,5.0,-0.09664090909093143
1604988215293,-6.9523809523809526,-10.380952380952381,0.22546666666671572
1604988215325,4.625,6.75,-0.18377500000003444
1604988215358,-4.484848484848484,-6.545454545454546,0.1902484848485201
1604988215404,3.217391304347826,4.739130434782608,-0.13363043478263445
1604988215436,-4.625,-6.875,0.18549375000003643
1604988215468,4.5625,6.5625,-0.18393750000003628
1604988215499,-4.645161290322581,-6.516129032258065,0.19721290322584376
1604988215532,4.303030303030303,5.878787878787879,-0.18670909090912408
1604988215564,-4.375,-5.8125,0.14335000000003184
1604988215595,4.516129032258065,5.67741935483871,-0.12677419354841848
1604988215628,-4.303030303030303,-5.333333333333333,0.08814545454548338
1604988215664,3.9444444444444446,5.055555555555555,-0.08079444444447069
1604988215693,-4.758620689655173,-6.344827586206897,0.1258758620689985
1604988215725,4.1875,5.8125,-0.11260625000003088
1604988215759,-3.8823529411764706,-5.529411764705882,0.07106470588238313
1604988215804,2.933333333333333,4.044444444444444,-0.035697777777801955
1604988215836,-4.1875,-5.625,0.06416875000003586
1604988215868,4.125,5.375,-0.04750625000003694
1604988215900,-4.1875,-5.1875,0.03536875000003725
1604988215932,4.375,5.125,-0.061156250000037105
1604988215964,-4.5625,-5.25,0.14830625000003828
1604988215996,4.625,5.5,-0.1993562500000401
1604988216028,-4.6875,-5.875,0.1864187500000405
1604988216060,4.8125,5.8125,-0.14225000000003973
1604988216092,-4.8125,-5.8125,0.12521250000003903
1604988216125,4.787878787878788,5.454545454545454,-0.11995151515155254
1604988216157,-5.0625,-5.4375,-0.00974999999996129
1604988216205,3.25,3.4166666666666665,0.06506249999997375
1604988216237,-4.625,-4.75,-0.12484999999996127
1604988216268,4.580645161290323,4.064516129032258,0.15890322580641272
1604988216300,-4.4375,-3.4375,-0.1884624999999609
1604988216332,4.5,3.1875,0.1954062499999587
1604988216364,-4.5625,-2.9375,-0.2316562499999577
1604988216396,4.5625,2.8125,0.25847499999995627
1604988216429,-4.424242424242424,-2.8484848484848486,-0.23715151515147104
1604988216462,4.363636363636363,2.9696969696969697,0.24168484848480326
1604988216492,-4.733333333333333,-3.3333333333333335,-0.30823999999994955
1604988216525,4.363636363636363,3.090909090909091,0.3033757575757122
1604988216557,-4.5,-3.5,-0.3156812499999546
1604988216605,2.9583333333333335,2.3333333333333335,0.21476666666663746
1604988216637,-4.4375,-3.5625,-0.3230249999999586
1604988216669,4.4375,3.6875,0.3062562499999615
1604988216700,-4.516129032258065,-3.935483870967742,-0.30663870967738155
1604988216732,4.3125,3.875,0.30393749999996444
1604988216764,-4.25,-3.8125,-0.3177937499999661
1604988216796,4.25,3.8125,0.3185937499999678
1604988216828,-4.25,-3.8125,-0.31941249999996835
1604988216860,4.25,3.8125,0.30031874999996866
1604988216893,-4.0606060606060606,-3.5757575757575757,-0.28137575757572775
1604988216925,4.125,3.625,0.30698124999996956
1604988216956,-4.258064516129032,-3.6129032258064515,-0.30405161290319566
1604988217005,2.7346938775510203,2.36734693877551,0.17748571428569682
1604988217037,-4.3125,-3.625,-0.2358124999999749
1604988217068,4.516129032258065,3.870967741935484,0.25267096774191045
1604988217100,-4.375,-3.5625,-0.25619374999997646
1604988217132,4.3125,3.5,0.2807062499999766
1604988217164,-4.25,-3.4375,-0.3026249999999777
1604988217196,4.25,3.5,0.31143749999997894
1604988217228,-4.25,-3.5625,-0.3268062499999793
1604988217260,4.25,3.625,0.3454062499999804
1604988217292,-4.25,-3.625,-0.3523437499999815
1604988217326,4.0,3.411764705882353,0.34304117647057053
1604988217357,-4.387096774193548,-3.7419354838709675,-0.3680580645161076
1604988217404,2.9361702127659575,2.4680851063829787,0.22427234042551597
1604988217437,-4.181818181818182,-3.696969696969697,-0.32083636363633977
1604988217470,4.181818181818182,3.5757575757575757,0.2886787878787645
1604988217500,-4.466666666666667,-4.133333333333334,-0.3818066666666406
1604988217532,4.125,3.5625,0.2922624999999748
1604988217564,-4.125,-3.4375,-0.2916624999999744
1604988217596,4.125,3.1875,0.2000374999999739
1604988217628,-3.0,-2.875,-0.3361437499999731
