1604994658444,-0.0029296875,0.0087890625,-0.01697998046874999
1604994658476,-0.0009765625,-0.0439453125,-0.03935078125000002
1604994658509,-0.0018365472910927456,0.017447199265381085,-0.006142975206611559
1604994658540,-0.001040582726326743,0.013527575442247659,6.482830385014918e-05
1604994658573,-0.0009182736455463728,0.014692378328741965,6.482830385014918e-05
1604994658605,-0.0009765625,0.015625,6.482830385014918e-05
1604994658636,0.0,0.014568158168574402,6.482830385014918e-05
1604994658669,0.0,0.011937557392102846,6.482830385014918e-05
1604994658716,-0.0004526935264825713,0.005432322317790856,6.482830385014918e-05
1604994658749,-0.0009182736455463728,0.011937557392102846,6.482830385014918e-05
1604994658780,0.0,0.011446409989594173,6.482830385014918e-05
1604994658812,-0.0009765625,0.009765625,6.482830385014918e-05
1604994658844,-0.0009765625,0.0078125,6.482830385014918e-05
1604994658876,0.0,0.005859375,6.482830385014918e-05
1604994658908,0.0,0.00390625,6.482830385014918e-05
1604994658940,-0.00390625,-0.0029296875,0.145083984375
1604994658973,-0.0009182736455463728,0.006427915518824609,0.145083984375
1604994659004,-0.001040582726326743,0.009365244536940686,0.145083984375
1604994659037,-0.0009182736455463728,0.006427915518824609,0.145083984375
1604994659070,-0.0036730945821854912,-0.0009182736455463728,0.145083984375
1604994659116,-0.0033081285444234404,-0.001890359168241966,0.07079664461247637
1604994659149,-0.0009182736455463728,0.0018365472910927456,0.00042846648301193726
1604994659181,-0.0048828125,-0.0087890625,0.0029506835937499754
1604994659212,0.001040582726326743,0.003121748178980229,0.0008803329864724283
1604994659244,-0.0048828125,0.00390625,-0.002838671875000004
1604994659276,-0.005859375,0.00390625,-0.002838671875000004
1604994659309,-0.0036730945821854912,0.0018365472910927456,-0.002838671875000004
1604994659341,-0.0068359375,0.00390625,-0.002838671875000004
1604994659372,-0.005202913631633715,0.002081165452653486,-0.002838671875000004
1604994659405,-0.005509641873278237,-0.0036730945821854912,-0.002838671875000004
1604994659437,-0.0087890625,-0.0009765625,-0.002838671875000004
1604994659469,-0.0048828125,0.001953125,-0.002838671875000004
1604994659516,-0.0018107741059302852,-0.0004526935264825713,-0.002838671875000004
1604994659548,-0.005859375,-0.0029296875,0.14907558593749998
1604994659580,-0.001953125,-0.0009765625,-0.00016152343749997744
1604994659612,-0.0029296875,0.0009765625,0.00011914062499998601
1604994659644,-0.001953125,0.00390625,-0.000266210937500011
1604994659676,-0.001953125,-0.001953125,0.0005499023437500195
1604994659708,-0.001953125,0.00390625,0.00018437499999998663
1604994659741,-0.0036730945821854912,0.0,0.0001754820936639172
1604994659772,-0.001040582726326743,0.001040582726326743,0.0005867845993756395
1604994659805,-0.0027548209366391185,0.0027548209366391185,-6.336088154268908e-05
1604994659837,0.0,0.001953125,0.0002370117187499854
1604994659868,-0.003121748178980229,-0.006243496357960458,0.0008067637877211401
1604994659916,-0.0013020833333333333,0.0026041666666666665,0.0008067637877211401
1604994659948,-0.001953125,-0.0009765625,0.0008067637877211401
1604994659980,-0.0029296875,0.0,0.0008067637877211401
1604994660012,-0.00390625,0.0009765625,0.1532533203125
1604994660045,-0.0036730945821854912,0.0009182736455463728,0.1532533203125
1604994660076,-0.003121748178980229,-0.008324661810613945,0.1532533203125
1604994660108,-0.005859375,-0.013671875,0.1532533203125
1604994660140,-0.0048828125,-0.0166015625,0.1532533203125
1604994660172,-0.0048828125,-0.0166015625,0.1532533203125
1604994660204,-0.0048828125,-0.0166015625,0.1532533203125
1604994660237,-0.0027548209366391185,-0.018365472910927456,0.1532533203125
1604994660270,-0.0027548209366391185,-0.01928374655647383,0.1532533203125
1604994660317,-0.001358080579447714,-0.008148483476686284,0.1532533203125
1604994660348,-0.001040582726326743,-0.01664932362122789,0.1532533203125
1604994660380,0.0,-0.013671875,0.1532533203125
1604994660412,0.0,-0.0078125,0.1532533203125
1604994660444,0.0,-0.0029296875,0.1532533203125
1604994660476,0.0,0.0,0.14376220703125
1604994660508,0.0,0.0009765625,0.0002486328124999826
1604994660540,0.0,0.0029296875,-2.0214843749977174e-05
1604994660572,0.0009765625,0.0078125,-2.0214843749977174e-05
1604994660604,0.0,0.0126953125,-2.0214843749977174e-05
1604994660637,0.0009182736455463728,0.011937557392102846,-2.0214843749977174e-05
1604994660669,0.0009765625,0.015625,-2.0214843749977174e-05
1604994660716,0.0,0.007695789950203712,-2.0214843749977174e-05
1604994660748,0.0,0.017578125,-2.0214843749977174e-05
1604994660780,0.0,0.01953125,-2.0214843749977174e-05
1604994660812,0.0,0.0185546875,-2.0214843749977174e-05
1604994660844,0.0,0.0205078125,-2.0214843749977174e-05
1604994660877,0.0,0.017447199265381085,-2.0214843749977174e-05
1604994660909,0.0,0.015625,-2.0214843749977174e-05
1604994660940,0.001040582726326743,0.01040582726326743,-2.0214843749977174e-05
1604994660972,0.0,0.0185546875,-2.0214843749977174e-05
1604994661005,0.0,0.011019283746556474,-2.0214843749977174e-05
1604994661037,0.0,0.0048828125,-2.0214843749977174e-05
1604994661068,0.001040582726326743,-0.002081165452653486,-2.0214843749977174e-05
1604994661117,-0.0008329862557267805,0.003331945022907122,-2.0214843749977174e-05
1604994661150,-0.0009182736455463728,0.0036730945821854912,-2.0214843749977174e-05
1604994661180,-0.0011111111111111111,0.0033333333333333335,0.18891688888888888
1604994661211,-0.002081165452653486,0.0,0.0006310093652445451
1604994661244,0.0,-0.0018365472910927456,-0.000565472910927463
1604994661276,-0.0009765625,-0.005859375,0.00013232421875000733
1604994661308,-0.0009765625,-0.0048828125,-0.0005359375
1604994661340,0.0009765625,-0.009765625,-0.0005359375
1604994661373,0.0009182736455463728,0.0036730945821854912,-0.0005359375
1604994661404,0.001040582726326743,-0.011446409989594173,-0.0005359375
1604994661437,-0.0009182736455463728,-0.013774104683195593,-0.0005359375
1604994661469,0.0009765625,-0.01171875,-0.0005359375
1604994661516,0.0,-0.008601177003168854,-0.0005359375
1604994661549,-0.0009182736455463728,-0.01652892561983471,-0.0005359375
1604994661580,0.001040582726326743,-0.018730489073881373,-0.0005359375
1604994661612,0.0,-0.0185546875,-0.0005359375
1604994661645,0.0018365472910927456,-0.015610651974288337,-0.0005359375
1604994661676,0.0,-0.01664932362122789,-0.0005359375
1604994661708,0.001953125,-0.0146484375,-0.0005359375
1604994661741,0.0009182736455463728,-0.012855831037649219,-0.0005359375
1604994661772,0.001040582726326743,-0.012486992715920915,-0.0005359375
1604994661805,0.0009182736455463728,-0.009182736455463728,-0.0005359375
1604994661837,0.0009765625,-0.0068359375,-0.0005359375
1604994661869,0.0009765625,-0.0068359375,-0.0005359375
1604994661916,0.0004526935264825713,-0.0022634676324128564,-0.0005359375
1604994661948,0.0,-0.0029296875,0.1300134765625
1604994661980,0.0,-0.0009765625,-0.00012519531249999272
1604994662012,0.0,0.0,0.00048095703125000666
1604994662044,0.0,0.0029296875,0.00048095703125000666
1604994662076,-0.0009765625,0.0068359375,0.00048095703125000666
1604994662108,-0.001953125,0.0078125,0.00048095703125000666
1604994662140,0.0,0.0107421875,0.00048095703125000666
1604994662173,-0.0009182736455463728,0.010101010101010102,0.00048095703125000666
1604994662204,0.0,0.013527575442247659,0.00048095703125000666
1604994662253,0.0,0.0058309037900874635,0.00048095703125000666
1604994662284,0.001040582726326743,0.014568158168574402,0.00048095703125000666
1604994662317,0.0009182736455463728,0.013774104683195593,0.00048095703125000666
1604994662348,0.001040582726326743,0.014568158168574402,0.00048095703125000666
1604994662380,0.001953125,0.0126953125,0.00048095703125000666
1604994662412,0.001953125,0.013671875,0.00048095703125000666
1604994662445,0.0027548209366391185,0.012855831037649219,0.00048095703125000666
1604994662476,0.003121748178980229,0.013527575442247659,0.00048095703125000666
1604994662508,0.0009765625,0.0107421875,0.00048095703125000666
1604994662540,0.001953125,0.0107421875,0.00048095703125000666
1604994662572,0.0009765625,0.01171875,0.00048095703125000666
1604994662605,-0.0009182736455463728,0.008264462809917356,0.00048095703125000666
1604994662638,0.0009182736455463728,0.0073461891643709825,0.00048095703125000666
1604994662685,0.0018107741059302852,-0.001358080579447714,0.00048095703125000666
1604994662716,-0.001040582726326743,0.009365244536940686,0.00048095703125000666
1604994662748,0.0,0.0087890625,0.00048095703125000666
1604994662780,0.001953125,0.0068359375,0.00048095703125000666
1604994662812,-0.001953125,0.0048828125,0.00048095703125000666
1604994662844,-0.0029296875,-0.001953125,0.16384404296875002
1604994662876,0.0,0.0,0.0029472656250000007
1604994662908,0.0048828125,-0.001953125,-0.0027853515625000103
1604994662940,-0.0009765625,-0.009765625,-0.0027853515625000103
1604994662972,-0.001953125,-0.009765625,-0.0027853515625000103
1604994663005,0.0018365472910927456,-0.009182736455463728,-0.0027853515625000103
1604994663037,0.0078125,-0.00390625,-0.0027853515625000103
1604994663084,0.0018107741059302852,-0.004979628791308284,-0.0027853515625000103
1604994663116,0.0048828125,-0.0126953125,-0.0027853515625000103
1604994663148,0.0029296875,-0.015625,-0.0027853515625000103
1604994663180,0.00390625,-0.0087890625,-0.0027853515625000103
1604994663212,0.0009765625,-0.0126953125,-0.0027853515625000103
1604994663244,-0.0009765625,-0.0078125,-0.0027853515625000103
1604994663276,-0.001953125,-0.0029296875,-0.0027853515625000103
1604994663308,-0.0087890625,-0.0078125,-0.0027853515625000103
1604994663341,-0.0073461891643709825,0.005509641873278237,-0.0027853515625000103
1604994663373,-0.01171875,0.0,-0.0027853515625000103
1604994663405,-0.015625,0.00390625,-0.0027853515625000103
1604994663438,-0.01652892561983471,0.0018365472910927456,-0.0027853515625000103
1604994663485,-0.008601177003168854,0.0009053870529651426,-0.0027853515625000103
1604994663516,-0.019771071800208116,0.003121748178980229,-0.0027853515625000103
1604994663549,-0.017447199265381085,0.0,-0.0027853515625000103
1604994663580,-0.018730489073881373,-0.001040582726326743,-0.0027853515625000103
1604994663612,-0.0205078125,0.0,-0.0027853515625000103
1604994663644,-0.0107421875,-0.00390625,-0.0027853515625000103
1604994663676,-0.013671875,0.0,-0.0027853515625000103
1604994663708,-0.0087890625,-0.001953125,-0.0027853515625000103
1604994663740,-0.00390625,0.0,-0.0027853515625000103
1604994663772,-0.005859375,-0.0048828125,0.15688154296875
1604994663804,0.0,-0.001953125,-0.000983007812499992
1604994663854,0.0012,-0.0008,-0.0007201600000000098
1604994663886,0.0048828125,-0.001953125,-0.0019513671874999972
1604994663916,0.008888888888888889,0.0,-0.002140888888888873
1604994663948,0.0087890625,0.0,-0.0023942382812500163
1604994663980,0.009765625,-0.0009765625,-0.0013427734375
1604994664012,0.01171875,0.0,-0.0013427734375
1604994664044,0.0126953125,0.0,-0.0013427734375
1604994664076,0.0146484375,-0.0009765625,-0.0013427734375
1604994664108,0.015625,0.0,-0.0013427734375
1604994664140,0.015625,-0.0009765625,-0.0013427734375
1604994664172,0.0166015625,0.0,-0.0013427734375
1604994664205,0.01652892561983471,-0.0009182736455463728,-0.0013427734375
1604994664236,0.01768990634755463,-0.001040582726326743,-0.0013427734375
1604994664284,0.007378472222222222,0.0,-0.0013427734375
1604994664316,0.015625,0.0,-0.0013427734375
1604994664348,0.0146484375,0.0,-0.0013427734375
1604994664380,0.013671875,0.0009765625,-0.0013427734375
1604994664413,0.010101010101010102,0.0009182736455463728,-0.0013427734375
1604994664444,0.01040582726326743,0.001040582726326743,-0.0013427734375
1604994664476,0.005859375,0.0009765625,-0.0013427734375
1604994664509,0.0036730945821854912,0.0,0.134742883379247
1604994664540,0.0,0.0,0.0018046826222684604
1604994664573,-0.0018365472910927456,0.0027548209366391185,0.0018046826222684604
1604994664605,-0.0048828125,0.0029296875,0.0018046826222684604
1604994664637,-0.005859375,0.0029296875,0.0018046826222684604
1604994664684,-0.003168854685377999,0.0009053870529651426,0.0018046826222684604
1604994664716,-0.0087890625,0.001953125,0.0018046826222684604
1604994664748,-0.009765625,0.0029296875,0.0018046826222684604
1604994664780,-0.01171875,0.0029296875,0.0018046826222684604
1604994664812,-0.0126953125,0.0009765625,0.0018046826222684604
1604994664845,-0.013774104683195593,0.0018365472910927456,0.0018046826222684604
1604994664876,-0.015608740894901144,0.001040582726326743,0.0018046826222684604
1604994664908,-0.0166015625,0.0029296875,0.0018046826222684604
1604994664940,-0.015625,0.0009765625,0.0018046826222684604
1604994664973,-0.015610651974288337,0.0,0.0018046826222684604
1604994665005,-0.015625,0.0,0.0018046826222684604
1604994665036,-0.02081165452653486,0.0,0.0018046826222684604
1604994665086,-0.0056,0.0,0.06889055999999999
1604994665117,-0.011446409989594173,0.0,0.06889055999999999
1604994665148,-0.012486992715920915,-0.002081165452653486,0.18042684703433923
1604994665180,-0.009765625,-0.001953125,0.0006802734375000175
1604994665212,-0.01171875,-0.0029296875,0.0005422851562499886
1604994665244,-0.0068359375,-0.0029296875,0.00015185546874998956
1604994665277,-0.004591368227731864,-0.0018365472910927456,1.689623507806608e-05
1604994665309,-0.0029296875,-0.001953125,-0.0004098632812500058
1604994665341,0.0,-0.0009765625,-0.00071289062499999
1604994665372,0.002081165452653486,-0.001040582726326743,-0.0012073881373569266
1604994665405,0.004591368227731864,0.0,-0.0012532598714416919
1604994665452,0.003168854685377999,0.0004526935264825713,-0.000965821638750565
1604994665486,0.006920415224913495,0.0,-0.0002992214532871975
1604994665516,0.011111111111111112,0.0011111111111111111,-0.0008914444444444472
1604994665549,0.010101010101010102,0.0,-0.0002985307621671184
1604994665581,0.01171875,0.0,-0.0004840820312499994
1604994665612,0.013527575442247659,-0.001040582726326743,-0.0007170655567117547
1604994665644,0.0146484375,-0.0009765625,-9.902343750001208e-05
1604994665676,0.0146484375,-0.0009765625,-0.00015390625000000213
1604994665708,0.015625,-0.0009765625,-0.00025419921875000084
1604994665740,0.0166015625,-0.001953125,0.0004281250000000014
1604994665772,0.015625,-0.0009765625,9.88281250000056e-05
1604994665805,0.013774104683195593,0.0,0.000227089072543614
1604994665853,0.006076388888888889,-0.00043402777777777775,0.0005649305555555589
1604994665885,0.01171875,0.0009765625,0.000721582031250001
1604994665917,0.009765625,0.0009765625,0.0011338867187500046
1604994665948,0.008324661810613945,0.001040582726326743,0.001058064516129021
1604994665981,0.005509641873278237,0.0,0.0015342516069788926
1604994666012,0.001040582726326743,0.0,0.002615088449531717
1604994666044,0.0,0.001953125,0.0024274414062500083
1604994666076,-0.0009765625,0.0009765625,0.002265917968750003
1604994666108,-0.0029296875,0.0009765625,0.001301562499999992
1604994666140,-0.0029296875,0.0,0.00045185546875001203
1604994666173,-0.0027548209366391185,0.0,0.00045185546875001203
1604994666206,-0.0036730945821854912,0.0,0.12267630853994489
1604994666252,-0.0023629489603024575,0.0004725897920604915,-0.0009573251417769378
1604994666284,-0.0048828125,0.0,-0.0032448242187499976
1604994666316,-0.005859375,0.0009765625,-0.003147167968750003
1604994666348,-0.0048828125,0.0009765625,-0.003617285156249983
1604994666380,-0.005859375,0.0,-0.004175585937500004
1604994666412,-0.0048828125,0.0009765625,-0.00366962890625
1604994666444,-0.005859375,0.0,-0.004284960937499999
1604994666476,-0.0029296875,0.0,-0.004284960937499999
1604994666509,-0.004591368227731864,0.0009182736455463728,-0.004284960937499999
1604994666540,-0.003121748178980229,-0.006243496357960458,0.13926774193548386
1604994666573,0.0,0.0027548209366391185,-0.0027151515151515294
1604994666620,-0.0022634676324128564,-0.001358080579447714,-0.0011429606156631955
1604994666653,0.0009182736455463728,0.0009182736455463728,-0.0020385674931129466
1604994666684,-0.002081165452653486,0.002081165452653486,-0.0021279916753381765
1604994666716,-0.0009765625,-0.001953125,-0.0013896484375000018
1604994666748,-0.0009765625,-0.0009765625,-0.0012610351562500066
1604994666780,0.0,0.0009765625,-0.00010654296874998415
1604994666813,0.0009182736455463728,0.0,-0.0002651974288338008
1604994666845,0.001953125,0.0029296875,0.00013105468749999294
1604994666876,0.001040582726326743,0.0,0.0010916753381893965
1604994666909,0.0018365472910927456,0.0018365472910927456,0.0017057851239669338
1604994666940,0.002081165452653486,0.0,0.0021958376690946846
1604994666973,0.0018365472910927456,0.0,0.002397245179063366
1604994667021,0.0008680555555555555,-0.0008680555555555555,0.002397245179063366
1604994667052,0.003121748178980229,0.0,0.002397245179063366
1604994667084,0.0029296875,0.001953125,0.002397245179063366
1604994667116,0.0029296875,-0.001953125,0.151158984375
1604994667148,0.0009765625,0.0009765625,0.004267773437500011
1604994667180,0.0029296875,-0.001953125,0.00413085937499999
1604994667212,0.0029296875,0.0,0.003720214843749986
1604994667244,0.0029296875,-0.0009765625,0.003693164062500004
1604994667276,0.0029296875,-0.001953125,0.003428515625000017
1604994667309,0.0018365472910927456,-0.0009182736455463728,0.002867676767676756
1604994667341,0.0029296875,-0.0009765625,0.0027543945312500095
1604994667373,0.0029296875,-0.001953125,0.0022508789062500034
1604994667405,0.001953125,-0.0009765625,0.0024282226562499787
1604994667452,0.0004526935264825713,-0.0004526935264825713,0.000903485740153917
1604994667484,0.0009765625,0.0009765625,0.0018770507812500004
1604994667516,0.0,0.0,0.0017365234374999983
1604994667548,-0.0009765625,0.0,0.0011121093750000033
1604994667580,0.0009765625,0.0009765625,-0.0006711914062499935
1604994667612,-0.0009765625,0.0009765625,-0.0009274414062500069
1604994667644,-0.0009765625,0.0,-0.0014668945312499848
1604994667676,-0.0009765625,0.0009765625,-0.002180664062500004
1604994667708,-0.0009765625,0.0,-0.0026796874999999998
1604994667740,-0.001953125,0.0009765625,-0.0024928710937500154
1604994667773,-0.0018365472910927456,0.0018365472910927456,-0.0027649219467401247
1604994667805,-0.001953125,0.0009765625,-0.002640332031249998
1604994667853,-0.0013020833333333333,0.00043402777777777775,-0.0013090711805555531
1604994667886,-0.0027548209366391185,0.0018365472910927456,-0.0030452708907254475
1604994667916,-0.0033333333333333335,0.0011111111111111111,-0.0036394444444444378
1604994667948,-0.0029296875,0.0009765625,-0.0034951171875000075
1604994667980,-0.001953125,0.0029296875,-0.003485058593749979
1604994668012,-0.0029296875,0.0,-0.0032802734375000087
1604994668044,-0.0029296875,-0.0009765625,-0.0032802734375000087
1604994668076,-0.00390625,0.00390625,-0.0032802734375000087
1604994668109,-0.0018365472910927456,0.0009182736455463728,0.12260596877869605
1604994668141,-0.0029296875,0.0,-0.002614453124999999
1604994668174,-0.0036730945821854912,-0.0018365472910927456,-0.0026809917355371925
1604994668221,0.0018107741059302852,0.0,-0.001175735626980528
1604994668253,0.0,0.0,-0.00309189453125
1604994668284,-0.002081165452653486,0.0,-0.0015721123829344319
1604994668316,0.0,-0.001953125,-0.001594921875000016
1604994668348,0.0,-0.001953125,-0.0008795898437500005
1604994668380,-0.0009765625,-0.001953125,-0.0007054687499999934
1604994668413,0.0009182736455463728,0.0027548209366391185,-0.000700734618916445
1604994668444,0.001040582726326743,-0.001040582726326743,6.899063475547602e-05
1604994668475,0.001040582726326743,0.001040582726326743,0.0011645161290322612
1604994668509,0.0008650519031141869,0.0025951557093425604,0.0002778546712802562
1604994668541,0.001953125,0.0029296875,0.0009224609375000081
1604994668573,0.0009765625,-0.0048828125,0.0017622070312500182
1604994668621,0.0013020833333333333,-0.0008680555555555555,0.001361762152777773
1604994668653,0.00390625,0.0009765625,0.001361762152777773
1604994668684,0.003121748178980229,0.001040582726326743,0.001361762152777773
1604994668715,0.003121748178980229,-0.002081165452653486,0.001361762152777773
1604994668748,0.0027548209366391185,-0.0027548209366391185,0.001361762152777773
1604994668780,0.0029296875,-0.001953125,0.1520716796875
1604994668812,0.001953125,-0.001953125,0.004280078125000003
1604994668844,0.0029296875,-0.001953125,0.00431738281250002
1604994668877,0.0036730945821854912,0.0009182736455463728,0.00363966942148759
1604994668909,0.001953125,0.0,0.0038122070312500145
1604994668940,0.003121748178980229,0.0,0.003663163371488025
1604994668975,0.0016326530612244899,-0.0008163265306122449,0.002435836734693882
1604994669021,0.0004725897920604915,0.0,0.0011282136105860029
1604994669052,0.002081165452653486,0.0,0.002309469302809581
1604994669084,0.0,-0.0009765625,0.002190429687499995
1604994669116,0.0009765625,-0.0009765625,0.0013174804687500208
1604994669148,0.0,0.0,0.0021075195312499906
1604994669181,-0.0009182736455463728,0.0,0.0011514233241505852
1604994669212,0.001040582726326743,-0.001040582726326743,-0.0008202913631633636
1604994669245,0.0009182736455463728,-0.0009182736455463728,-0.00014600550964186576
1604994669276,-0.002081165452653486,0.0,-0.0002267429760666123
1604994669308,0.0009765625,0.0,-5.761718749999756e-05
1604994669341,0.0018365472910927456,-0.0027548209366391185,-0.0006619834710743805
1604994669374,0.0036730945821854912,-0.008264462809917356,-0.0015540863177226742
1604994669421,0.0018107741059302852,-0.007243096423721141,-0.0017019465821638778
1604994669452,0.007284079084287201,-0.02809573361082206,-0.003683350676378783
1604994669484,0.0068359375,-0.03515625,-0.004324316406249973
1604994669516,0.0078125,-0.0419921875,-0.0047241210937500056
1604994669548,0.0087890625,-0.0341796875,-0.004620605468750011
