1604932261364,437,8,100.9008
1604932261396,426,9,101.2434
1604932261427,420,11,104.2444
1604932261459,407,12,107.4253
1604932261492,389,8,12.9085
1604932261539,377,4,114.2708
1604932261571,375,9,44.8259
1604932261604,362,17,117.9267
1604932261635,357,30,46.1764
1604932261667,350,34,124.0857
1604932261699,343,40,13.3629
1604932261732,336,45,13.554
1604932261763,331,52,26.0584
1604932261796,324,57,14.8144
1604932261828,318,65,15.0738
1604932261860,313,76,14.151
1604932261908,306,84,15.1778
1604932261939,299,89,14.9333
1604932261971,292,97,15.2682
1604932262004,286,103,15.1726
1604932262035,284,118,15.1589
1604932262069,280,125,14.4072
1604932262099,276,129,14.4159
1604932262132,271,135,14.3948
1604932262171,264,140,14.4285
1604932262196,258,148,14.4913
1604932262228,253,159,15.0875
1604932262261,250,169,15.4191
1604932262309,247,165,15.4327
1604932262342,245,173,15.4506
1604932262372,243,180,15.4577
1604932262403,242,192,15.4236
1604932262435,239,201,160.1052
1604932262468,237,209,160.4512
1604932262500,235,214,161.4076
1604932262537,235,228,162.2203
1604932262564,234,238,162.3
1604932262601,233,246,163.0656
1604932262628,233,259,163.8786
1604932262660,234,269,163.3995
1604932262708,235,274,163.2855
1604932262740,237,284,163.8387
1604932262772,237,288,163.8467
1604932262804,239,293,163.9879
1604932262836,239,292,163.844
1604932262868,241,291,164.7069
1604932262905,243,287,165.9154
1604932262931,245,285,165.3619
1604932262963,245,280,165.8698
1604932262996,244,266,166.0874
1604932263028,245,263,165.4267
1604932263060,246,266,165.2333
1604932263107,245,253,164.8036
1604932263140,244,240,164.2772
1604932263172,243,225,163.7055
1604932263204,242,210,162.6321
1604932263236,241,194,161.7195
1604932263268,240,179,160.9387
1604932263300,239,164,160.0521
1604932263331,238,150,159.5758
1604932263363,236,138,159.4528
1604932263396,235,127,158.77
1604932263428,233,117,158.2882
1604932263460,232,107,157.719
1604932263508,230,99,157.912
1604932263539,229,93,157.4194
1604932263572,227,90,156.8609
1604932263604,226,87,157.1966
1604932263636,225,90,157.621
1604932263667,225,96,157.8415
1604932263700,225,106,158.5595
1604932263731,226,119,159.0294
1604932263764,227,134,159.7923
1604932263796,229,149,161.8236
1604932263828,230,166,162.9876
1604932263860,232,183,164.1381
1604932263907,235,199,165.1535
1604932263939,237,215,166.0481
1604932263971,240,229,166.6911
1604932264003,243,241,167.5152
1604932264035,248,249,167.2991
1604932264067,250,248,166.7726
1604932264100,254,251,167.7759
1604932264131,256,257,168.6486
1604932264164,257,255,169.405
1604932264196,255,259,171.0018
1604932264229,252,259,171.7658
1604932264260,246,256,172.1947
1604932264307,240,256,172.5231
1604932264340,230,252,172.2606
1604932264371,218,248,172.1231
1604932264403,206,241,170.9607
1604932264435,192,235,169.9292
1604932264472,177,229,168.0242
1604932264499,163,224,167.0316
1604932264532,149,219,166.6444
1604932264569,137,216,165.5644
1604932264596,127,214,164.6767
1604932264628,119,213,164.1617
1604932264662,115,213,163.677
1604932264707,114,211,163.5779
1604932264740,115,210,162.7817
1604932264772,121,208,162.1027
1604932264804,128,204,161.2444
1604932264840,138,197,159.8894
1604932264867,150,191,159.1496
1604932264899,163,185,157.8982
1604932264932,177,179,157.1053
1604932264964,192,174,156.6196
1604932264997,207,171,155.614
1604932265029,224,169,155.4538
1604932265060,241,168,154.6162
1604932265108,258,169,154.3405
1604932265140,275,170,154.0141
1604932265171,292,171,153.8849
1604932265203,306,172,153.4438
1604932265236,319,175,153.4167
1604932265267,329,177,153.6346
1604932265300,337,179,153.5558
1604932265331,343,180,154.0371
1604932265364,343,182,156.9802
1604932265396,342,182,158.0334
1604932265428,338,182,16.0663
1604932265476,331,183,15.5537
1604932265508,321,184,15.5497
1604932265540,310,186,15.5692
1604932265571,299,188,15.5757
1604932265603,287,189,15.5498
1604932265636,274,189,16.2426
1604932265667,262,190,164.4274
1604932265700,250,190,165.3818
1604932265731,237,191,165.6523
1604932265763,224,192,166.5692
1604932265796,211,192,166.7863
1604932265828,199,192,166.3399
1604932265876,186,193,166.1134
1604932265908,174,194,165.2076
1604932265940,163,195,163.6538
1604932265971,154,196,161.8566
1604932266004,147,195,159.0457
1604932266036,142,195,155.7796
1604932266068,138,193,152.2355
1604932266099,135,191,148.8402
1604932266132,133,189,145.8462
1604932266164,132,187,143.0421
1604932266196,131,185,140.6726
1604932266244,132,184,139.7201
1604932266279,133,183,139.8184
1604932266307,135,181,139.3222
1604932266339,139,178,140.4973
1604932266373,144,175,141.9633
1604932266404,150,171,142.8806
1604932266436,157,166,144.9789
1604932266467,165,163,147.4615
1604932266499,173,158,149.7814
1604932266531,181,154,152.2349
1604932266563,189,151,155.0137
1604932266596,196,148,157.2014
1604932266628,201,148,159.7739
1604932266677,207,147,161.1582
1604932266709,212,146,163.4557
1604932266740,216,146,163.5188
1604932266773,220,146,164.5531
1604932266805,224,147,163.3514
1604932266835,230,149,161.5752
1604932266867,236,153,159.3363
1604932266900,241,157,158.2844
1604932266932,245,163,156.7331
1604932266964,248,169,154.7305
1604932266995,250,176,153.6284
1604932267049,251,181,152.1849
1604932267075,252,185,149.9411
1604932267108,253,189,146.2905
1604932267139,254,193,144.2667
1604932267171,253,197,141.2019
1604932267203,254,202,138.4577
1604932267236,252,204,135.231
1604932267267,251,208,132.6843
1604932267299,251,210,129.4158
1604932267332,252,213,127.1875
1604932267363,254,211,124.341
1604932267412,254,210,121.9192
1604932267439,253,210,120.443
1604932267481,253,212,119.4437
1604932267508,252,212,117.6739
1604932267539,253,210,116.694
1604932267571,253,204,116.07
1604932267603,253,199,116.2761
1604932267636,252,197,117.21
1604932267668,254,192,119.384
1604932267699,254,188,121.4865
1604932267732,254,185,123.9006
1604932267763,255,182,12.2903
1604932267796,255,178,131.1255
1604932267843,256,175,134.6571
1604932267876,258,174,138.777
1604932267907,259,172,142.9165
1604932267939,260,171,146.2681
1604932267976,262,170,150.0723
1604932268004,264,170,152.674
1604932268035,266,169,156.1301
1604932268067,269,170,158.1333
1604932268100,271,169,161.2909
1604932268132,274,167,163.4607
1604932268164,276,167,165.6086
1604932268196,277,166,167.6552
1604932268248,278,167,168.5889
1604932268275,278,167,169.7837
1604932268308,278,169,170.0744
1604932268340,277,168,169.931
1604932268371,275,168,168.6341
1604932268403,273,168,166.9209
1604932268436,271,167,164.9367
1604932268467,268,168,162.7075
1604932268499,265,168,159.7501
1604932268533,262,169,157.3247
1604932268563,259,170,153.9995
1604932268596,256,170,150.572
1604932268644,254,173,147.4963
1604932268675,253,175,143.405
1604932268708,252,176,139.8757
1604932268739,252,177,136.4374
1604932268772,253,180,133.0582
1604932268804,252,186,129.7922
1604932268835,253,183,127.3148
1604932268868,256,184,124.4041
1604932268899,256,185,121.6868
1604932268932,257,185,120.1673
1604932268965,258,184,118.3869
1604932268996,259,185,117.6674
1604932269048,259,184,117.8843
1604932269075,258,183,118.0277
1604932269107,259,181,118.7516
1604932269139,259,176,120.1019
1604932269171,261,174,121.4873
1604932269204,263,172,124.0676
1604932269235,265,169,126.1202
1604932269267,267,168,129.5653
1604932269299,269,167,133.2803
1604932269332,269,165,136.4651
1604932269364,269,166,140.3452
1604932269397,269,166,143.88
1604932269444,270,166,146.5259
1604932269476,272,163,148.6145
1604932269508,274,156,149.6039
1604932269539,276,147,150.4817
1604932269571,278,136,151.1603
1604932269604,279,125,30.3349
1604932269635,279,114,30.7118
1604932269667,279,105,30.9921
1604932269699,278,99,16.1216
1604932269731,278,93,153.949
1604932269764,277,90,154.2751
1604932269797,277,90,154.7965
1604932269844,277,92,155.405
1604932269875,277,98,155.9869
1604932269912,277,106,156.4576
1604932269939,277,118,157.2019
1604932269971,277,132,158.3054
1604932270004,278,147,158.9095
1604932270036,279,163,159.1729
1604932270068,280,180,160.2781
1604932270100,281,198,161.4429
1604932270131,283,216,162.1077
1604932270164,284,234,162.8119
1604932270197,286,249,163.4712
1604932270245,287,263,164.1232
1604932270276,288,261,165.308
1604932270307,288,270,164.9259
1604932270339,288,279,165.4569
1604932270371,288,283,165.6988
1604932270403,289,283,166.7254
1604932270436,289,287,166.823
1604932270468,290,284,168.1562
1604932270500,288,278,169.0038
1604932270532,289,276,169.8686
1604932270563,288,267,169.4701
1604932270597,287,267,168.4688
1604932270644,288,251,167.9056
1604932270676,289,253,165.6129
1604932270708,288,242,165.3681
1604932270740,286,231,163.8585
1604932270772,284,222,162.8088
1604932270804,282,216,161.4861
1604932270835,279,211,160.1857
1604932270868,275,210,157.9211
1604932270900,272,209,155.6742
1604932270932,268,209,152.7667
1604932270965,265,208,149.5528
1604932271001,262,208,145.7139
1604932271043,259,209,142.7237
1604932271075,256,208,139.2631
1604932271108,256,211,135.9315
1604932271141,252,214,133.6392
1604932271172,250,216,130.5741
1604932271204,247,218,128.7684
1604932271236,242,218,127.1893
1604932271267,240,219,125.0704
1604932271300,239,222,123.9206
1604932271332,235,221,123.2957
1604932271365,234,220,122.5805
1604932271396,237,220,121.8813
1604932271444,237,217,121.895
1604932271476,241,214,11.4487
1604932271509,245,209,11.8166
1604932271539,249,203,12.4757
1604932271573,253,197,12.3446
1604932271604,258,191,12.3358
1604932271637,263,185,13.3531
1604932271668,268,182,13.0443
1604932271718,272,180,141.7144
1604932271742,276,182,26.8688
1604932271764,281,186,27.5061
1604932271797,285,193,15.0294
1604932271844,289,200,15.1556
1604932271875,291,210,156.4195
1604932271908,294,220,15.7127
1604932271939,298,233,29.9634
1604932271971,301,245,30.2446
1604932272004,305,258,165.1364
1604932272036,308,265,30.6246
1604932272067,311,277,30.845
1604932272100,314,276,30.9555
1604932272132,315,284,168.4835
1604932272163,315,289,169.0632
1604932272196,316,294,169.7121
1604932272246,315,297,171.2182
1604932272290,315,301,172.87
1604932272314,312,298,174.2889
1604932272340,311,292,175.7305
1604932272371,309,289,175.7901
1604932272404,307,281,176.3696
1604932272436,303,267,175.9732
1604932272467,300,268,174.5973
1604932272500,298,263,173.4119
1604932272537,296,255,171.9633
1604932272564,294,241,170.9328
1604932272611,292,226,169.5271
1604932272644,290,212,169.238
1604932272676,289,199,168.907
1604932272707,288,187,167.6416
1604932272739,287,175,167.2573
1604932272772,287,164,166.5227
1604932272803,286,155,166.1687
1604932272836,286,147,165.8247
1604932272868,285,141,165.1236
1604932272900,284,137,165.2018
1604932272938,284,135,165.2314
1604932272968,284,134,164.9136
1604932273012,285,133,164.2569
1604932273044,285,135,164.7508
1604932273076,286,139,164.4873
1604932273108,286,144,164.8301
1604932273139,287,153,165.0195
1604932273172,287,162,165.6727
1604932273207,287,174,167.0865
1604932273235,287,186,168.051
1604932273269,288,199,168.6971
1604932273300,289,213,169.9499
1604932273331,291,227,170.018
1604932273369,293,232,170.4208
1604932273412,296,233,170.1407
1604932273444,300,238,169.5424
1604932273475,302,242,169.1765
1604932273508,305,246,170.0699
1604932273539,306,251,170.2065
1604932273571,307,254,171.0904
1604932273604,304,244,172.0649
1604932273635,300,240,172.7398
1604932273669,294,241,172.5342
1604932273699,285,237,172.7287
1604932273733,275,229,172.5311
1604932273764,265,222,171.6935
1604932273811,254,215,170.9647
1604932273844,243,211,169.4478
1604932273875,232,206,168.4052
1604932273908,222,204,166.6651
1604932273940,212,201,166.1681
1604932273971,203,200,164.7759
1604932274004,196,199,164.3731
1604932274035,191,199,163.5375
1604932274069,189,198,163.0207
1604932274100,190,197,162.1403
1604932274148,194,195,161.2368
1604932274165,201,192,160.5855
1604932274211,210,187,159.5831
1604932274243,221,182,159.2873
1604932274280,232,175,158.8962
1604932274307,245,169,158.1478
1604932274339,259,163,157.4008
1604932274372,272,158,157.6812
1604932274404,286,154,156.9727
1604932274435,299,150,156.8439
1604932274467,311,150,157.2004
1604932274500,324,152,157.4362
1604932274532,336,155,157.0734
1604932274565,347,159,157.4954
1604932274613,356,163,30.258
1604932274646,365,167,30.3139
1604932274675,371,171,30.475
1604932274707,375,176,16.5188
1604932274739,374,181,163.5296
1604932274771,372,187,16.9437
1604932274804,368,193,16.9945
1604932274835,362,202,16.5783
1604932274868,355,212,16.7369
1604932274899,347,223,16.8053
1604932274932,341,237,16.8429
1604932274965,334,242,17.0624
1604932275012,330,245,16.9434
1604932275044,323,252,16.7083
1604932275076,318,258,16.5516
1604932275107,313,265,169.9059
1604932275140,308,269,169.0841
1604932275171,301,273,169.7152
1604932275203,296,277,169.2405
1604932275235,286,277,16.4017
1604932275267,277,280,169.757
1604932275301,267,282,170.7886
1604932275333,256,276,170.9542
1604932275365,246,281,169.7157
1604932275411,236,275,169.5961
1604932275444,227,286,169.3408
1604932275476,218,272,167.8383
1604932275508,210,270,167.0797
1604932275540,205,259,166.1282
1604932275571,201,247,164.6365
1604932275603,200,234,163.4709
1604932275636,201,223,162.0793
1604932275668,205,211,160.382
1604932275701,212,200,158.4668
1604932275733,221,189,157.7374
1604932275765,231,180,156.2132
1604932275816,242,170,154.9658
1604932275844,254,161,153.9071
1604932275876,267,153,152.5405
1604932275908,280,145,28.3207
1604932275940,295,137,30.0024
1604932275971,308,129,30.0543
1604932276003,320,124,30.1362
1604932276035,331,121,30.2663
1604932276067,338,119,149.3112
1604932276100,344,119,149.3746
1604932276132,351,121,149.9166
1604932276180,358,126,15.7809
1604932276212,364,134,15.7193
1604932276244,371,143,15.8059
1604932276275,376,154,15.5165
1604932276308,380,168,15.7173
1604932276340,383,183,15.7754
1604932276371,383,196,15.7876
1604932276403,382,209,15.775
1604932276435,381,220,15.7916
1604932276467,380,231,15.7126
1604932276500,378,241,15.7007
1604932276532,375,251,15.6704
1604932276581,373,260,15.6577
1604932276613,370,268,15.592
1604932276644,367,272,15.6177
1604932276675,363,279,15.6577
1604932276708,360,283,162.0986
1604932276739,355,293,161.7295
1604932276771,350,297,15.8984
1604932276804,346,300,163.0968
1604932276836,338,297,15.8131
1604932276872,332,298,163.1463
1604932276900,327,302,163.4662
1604932276933,320,304,15.7036
1604932276980,311,301,15.8093
1604932277012,298,295,15.7904
1604932277045,284,298,15.7859
1604932277075,268,299,15.8532
1604932277108,249,292,15.8824
1604932277140,235,304,162.8044
1604932277171,219,288,163.6798
1604932277203,208,291,162.8838
1604932277236,200,295,162.7115
1604932277268,193,283,161.5003
1604932277300,190,279,161.7184
1604932277349,187,274,161.3135
1604932277380,187,267,160.7597
1604932277412,189,272,159.9476
1604932277443,193,277,159.0381
1604932277476,195,264,157.6232
1604932277508,196,248,156.1077
1604932277540,198,232,154.7822
1604932277572,199,216,153.7911
1604932277603,201,202,152.8216
1604932277636,204,190,152.0544
1604932277668,208,179,151.7935
1604932277700,212,169,151.2072
1604932277747,216,160,150.7731
1604932277781,221,151,150.632
1604932277811,224,147,150.5265
1604932277843,229,140,149.7474
1604932277875,233,140,149.2723
1604932277908,238,134,148.6292
1604932277940,244,133,148.4166
1604932277972,252,132,29.4731
1604932278004,261,133,29.4485
1604932278035,273,132,27.6546
1604932278068,288,132,146.7918
1604932278099,304,131,146.2076
1604932278134,320,130,145.9153
1604932278179,333,131,145.803
1604932278212,345,131,145.353
1604932278243,351,134,147.0282
1604932278275,352,138,150.017
1604932278308,350,143,15.9319
1604932278339,346,147,152.6344
1604932278371,341,151,15.242
1604932278404,335,155,15.211
1604932278435,330,159,14.9773
1604932278474,326,161,14.6943
1604932278500,322,164,147.6118
1604932278548,318,165,144.5304
1604932278580,316,168,140.4427
1604932278612,312,169,137.514
1604932278643,310,172,134.9175
1604932278676,309,173,132.1834
1604932278708,304,175,129.9177
1604932278740,302,178,127.2473
1604932278771,302,177,124.7611
1604932278804,298,178,122.4091
1604932278835,298,176,119.823
1604932278868,298,175,117.9792
1604932278900,298,173,116.2781
1604932278948,297,172,114.4743
1604932278980,297,171,113.7988
1604932279012,297,169,113.2604
1604932279043,297,169,112.7902
1604932279076,296,169,112.4204
1604932279108,296,168,112.7851
1604932279140,296,168,113.6397
1604932279171,296,167,114.0952
1604932279203,297,167,114.9456
1604932279236,296,165,116.7923
1604932279267,297,165,118.6602
1604932279300,296,164,121.1361
1604932279348,296,164,123.1219
1604932279379,296,164,125.4369
1604932279411,297,164,128.0823
1604932279443,295,163,131.3026
1604932279475,295,163,134.1106
1604932279507,295,162,137.0188
1604932279540,295,163,140.2757
1604932279571,295,163,143.5035
1604932279619,295,162,146.51
1604932279640,296,162,149.011
1604932279668,298,161,150.9856
1604932279700,299,161,153.5577
1604932279748,300,161,155.6555
1604932279779,301,161,157.9768
1604932279811,302,161,159.8396
1604932279860,302,161,162.0223
1604932279892,302,161,162.4219
1604932279920,301,161,162.1594
1604932279950,300,162,161.1349
1604932279972,299,163,159.4103
1604932280003,298,164,157.3431
1604932280035,297,165,154.1058
1604932280067,296,166,151.2873
1604932280101,296,167,147.5106
1604932280147,295,168,143.5424
1604932280179,294,168,139.7826
1604932280212,294,168,136.428
1604932280243,295,168,132.264
1604932280276,299,167,128.169
1604932280308,302,165,124.9528
1604932280340,304,162,121.1294
1604932280371,305,160,118.6622
1604932280404,307,157,115.9107
1604932280436,309,155,113.757
1604932280468,310,154,111.8443
1604932280500,311,152,110.5505
1604932280548,312,151,110.5861
1604932280580,312,150,110.5415
1604932280611,312,149,111.0825
1604932280644,310,149,112.6896
1604932280676,309,149,114.0356
1604932280708,308,150,116.6453
1604932280740,307,151,23.0531
1604932280771,307,152,122.8986
1604932280803,307,153,125.6704
1604932280836,308,153,129.3811
1604932280868,310,153,132.6615
1604932280901,312,153,13.2022
1604932280948,314,152,140.5419
1604932280981,315,151,143.5904
1604932281012,316,150,146.4698
1604932281044,317,148,149.094
1604932281076,317,147,151.4995
1604932281108,315,148,153.0875
1604932281139,312,148,15.2429
1604932281171,308,149,15.1109
1604932281203,301,149,14.9904
1604932281235,292,149,14.8677
1604932281268,280,149,14.7425
1604932281301,269,149,14.5347
1604932281347,256,147,14.4273
1604932281379,240,147,14.466
1604932281412,224,148,14.4518
1604932281444,207,149,14.404
1604932281476,188,151,14.3205
1604932281509,173,151,14.209
1604932281539,160,151,145.6913
1604932281571,148,153,145.8263
1604932281604,138,155,145.8037
1604932281636,131,156,145.1997
1604932281668,127,156,144.6197
1604932281701,126,156,144.4435
1604932281748,129,156,143.0415
1604932281780,134,155,142.2278
1604932281811,142,155,140.5282
1604932281844,152,154,140.188
1604932281875,162,153,139.4108
1604932281908,173,151,139.4254
1604932281939,186,151,139.2786
1604932281971,198,148,139.1656
1604932282003,211,148,138.7696
1604932282035,223,146,26.8351
1604932282068,236,145,26.0801
1604932282101,248,146,26.0111
1604932282148,261,144,13.9978
1604932282180,274,145,13.2731
1604932282216,286,146,13.3653
1604932282243,298,145,13.188
1604932282276,311,147,13.2631
1604932282307,322,150,13.315
1604932282340,335,154,13.3362
1604932282371,347,159,13.4622
1604932282403,358,164,13.5972
1604932282436,369,167,13.8709
1604932282468,380,172,14.1086
1604932282501,388,176,14.0025
1604932282547,395,179,140.5781
1604932282579,400,182,141.3584
1604932282612,403,185,142.7111
1604932282644,403,187,143.4437
1604932282675,402,190,143.8175
1604932282708,399,192,144.7457
1604932282740,395,195,145.5891
1604932282772,391,196,144.9702
1604932282803,385,198,145.3696
1604932282835,378,201,146.0579
1604932282868,371,208,146.299
1604932282915,364,217,14.5292
1604932282948,359,229,14.4963
1604932282979,355,243,14.4014
1604932283012,354,256,14.4444
1604932283043,354,269,14.4784
1604932283075,353,272,14.423
1604932283107,352,284,14.4671
1604932283140,350,297,14.5178
1604932283171,352,286,14.5064
1604932283203,349,295,14.4754
1604932283235,347,297,14.5296
1604932283268,345,295,151.8041
1604932283315,344,294,151.6503
1604932283347,343,296,14.8783
1604932283379,341,298,14.6118
1604932283412,337,287,14.628
1604932283443,333,289,14.5522
1604932283476,328,275,14.3069
1604932283508,321,260,14.2182
1604932283540,314,245,13.9694
1604932283572,307,233,13.7395
1604932283603,298,222,13.7661
1604932283635,288,214,13.7779
1604932283668,276,210,13.8982
1604932283717,265,209,13.8355
1604932283750,248,211,13.8329
1604932283780,237,212,13.9072
1604932283811,222,219,14.5702
1604932283843,210,224,14.5247
1604932283876,199,230,14.29
1604932283907,190,233,14.427
1604932283940,180,238,147.0835
1604932283972,174,239,146.5743
1604932284003,169,240,146.6411
1604932284036,165,238,146.2214
1604932284069,161,236,145.4903
1604932284117,157,236,145.407
1604932284149,152,233,144.8261
1604932284180,147,230,144.9571
1604932284212,144,227,144.6214
1604932284244,142,222,143.7712
1604932284276,143,219,143.4064
1604932284307,147,214,141.7799
1604932284339,155,209,139.9559
1604932284371,164,204,139.0888
1604932284404,174,200,138.9913
1604932284435,185,197,138.8834
1604932284469,198,196,138.6732
1604932284516,210,194,138.6574
1604932284548,221,194,25.6428
1604932284580,231,195,25.5165
1604932284611,239,200,14.0244
1604932284644,243,208,14.179
1604932284676,242,217,14.2236
1604932284707,241,230,14.1857
1604932284739,238,245,14.1699
1604932284772,233,257,14.2451
1604932284803,231,276,14.2887
1604932284836,225,283,14.3253
1604932284869,225,275,14.3211
1604932284916,223,301,14.1898
1604932284948,223,301,14.1494
1604932284984,226,300,14.0052
1604932285011,231,305,13.8358
1604932285044,237,310,26.5017
1604932285076,243,308,26.4431
1604932285107,251,311,26.4592
1604932285139,259,313,26.565
1604932285172,268,316,13.7408
1604932285203,275,306,13.8046
1604932285235,285,303,13.7971
1604932285269,297,298,13.8084
1604932285316,307,287,13.8587
1604932285348,318,284,13.9725
1604932285379,329,275,13.9893
1604932285411,339,264,13.9907
1604932285443,349,259,14.0522
1604932285476,357,249,13.9988
1604932285508,365,245,13.9993
1604932285539,371,239,15.1003
1604932285573,377,234,14.0221
1604932285603,381,227,14.3309
1604932285636,384,218,14.1443
1604932285668,386,206,14.2398
1604932285715,387,194,14.2621
1604932285748,385,183,14.2591
1604932285780,381,173,14.233
1604932285812,375,164,14.2585
1604932285843,368,156,14.281
1604932285880,359,151,14.2877
1604932285907,349,147,27.4988
1604932285940,338,144,27.5219
1604932285972,327,140,14.3236
1604932286004,315,138,14.2989
1604932286036,303,137,14.3188
1604932286068,290,136,14.2816
1604932286116,277,134,13.947
1604932286147,262,135,13.8836
1604932286180,248,134,13.6371
1604932286212,232,135,14.6237
1604932286243,216,136,14.5654
1604932286275,196,144,13.6741
1604932286308,180,149,13.5439
1604932286340,166,154,13.5367
1604932286372,152,161,14.3982
1604932286404,142,168,14.361
1604932286437,136,175,141.3133
1604932286484,132,182,141.0468
1604932286515,132,189,141.1009
1604932286547,133,198,140.7555
1604932286580,136,210,140.5656
1604932286611,141,221,141.0405
1604932286645,148,234,141.0845
1604932286676,156,242,26.4936
1604932286708,166,252,142.3143
1604932286739,179,259,142.8286
1604932286772,191,264,143.5987
1604932286804,203,266,144.0687
1604932286836,216,268,144.8039
1604932286884,227,266,145.7167
1604932286916,239,262,145.985
1604932286947,250,256,26.9052
1604932286997,260,247,14.0142
1604932287017,270,236,14.0068
1604932287044,279,225,14.0004
1604932287076,286,213,13.9982
1604932287119,293,199,14.0032
1604932287143,297,186,14.0125
1604932287172,300,173,14.022
1604932287204,302,162,14.0522
1604932287236,303,154,14.1129
1604932287283,303,148,144.81
1604932287316,303,143,144.6562
1604932287347,305,139,143.7005
1604932287379,308,134,142.8217
1604932287412,310,121,13.5869
1604932287443,313,99,13.4544
1604932287476,314,65,13.5443
1604932287512,314,24,13.4361
