1604767539104,-4.8225308641975306e-05,-8.439429012345679e-05,-3.039038387345685e-05
1604767541506,6.412918460261744e-06,-3.466442410952294e-06,-1.7980436785609394e-07
1604767541567,0.0005374899220639613,0.0005374899220639613,0.00023321687718354969
1604767541602,-0.0016326530612244899,0.0,-0.0003482448979591667
1604767541641,0.0013149243918474688,0.0006574621959237344,0.0003161735700197181
1604767541676,-0.0008163265306122449,0.0,-0.00011289795918368587
1604767541714,0.002077562326869806,-0.002077562326869806,-1.6897506925197898e-05
1604767543137,-3.209989090975536e-05,0.0,-2.5811275358296465e-06
1604767543237,-0.0001,-0.0005,-5.455000000000041e-05
1604767543275,0.0006925207756232687,0.0,0.00013691135734071852
1604767543304,-0.0023781212841854932,0.0,0.0010957193816884766
1604767543325,0.0022675736961451248,-0.0022675736961451248,-0.0004834467120181417
1604767543353,0.0,0.002551020408163265,-8.21428571428651e-05
1604767543385,0.001953125,0.0009765625,0.0011046875000000067
1604767543413,-0.0012755102040816326,-0.002551020408163265,-0.00012028061224490313
1604767543448,0.0,0.0,0.00018832653061223232
1604767543504,0.0006377551020408163,-0.00031887755102040814,0.00021607142857143252
1604767543543,0.0,-0.0006574621959237344,4.470742932280318e-06
1604767543587,0.0,0.0,-0.00010258264462809865
1604767543616,0.0011890606420927466,0.0011890606420927466,0.0006606420927467281
1604767543656,-0.000625,0.0,0.0001849374999999931
1604767543697,0.000594883997620464,-0.004759071980963712,-0.0007183819155264635
1604767543756,-0.0002872737719046251,0.002010916403332376,0.00019215742602699782
1604767543788,0.0,0.0,3.0371093750009015e-05
1604767543843,0.001322314049586777,0.0,0.00010029752066116051
1604767544122,1.2846700325021518e-05,-7.70802019501291e-05,-9.68641204506647e-07
1604767544304,-0.00018113754377490642,0.00018113754377490642,-2.1464798937326794e-05
1604767544977,-0.00033559343738201794,3.311777342585703e-05,-1.0476034875223272e-05
1604767545105,-0.00018310546875,0.0001220703125,2.365112304687604e-05
1604767546673,8.744728758850479e-05,-4.880778842149105e-06,3.980112453144519e-06
1604767546762,-0.00479737406893069,-0.0002524933720489837,-0.0005511425325085218
