1605005646701,-1.0,0.23529411764705882,0.0
1605005646732,2.4516129032258065,0.12903225806451613,0.0
1605005646765,-3.6363636363636362,-0.5454545454545454,0.0
1605005646797,3.9375,0.6875,0.0
1605005646845,-2.125,-0.5833333333333334,0.0
1605005646876,2.129032258064516,0.6451612903225806,0.0
1605005646909,-0.9696969696969697,0.18181818181818182,0.0
1605005646940,0.3870967741935484,-0.45161290322580644,0.0
1605005646972,0.0,-0.125,0.0
1605005647004,0.0,0.4375,0.0
1605005647036,0.0625,-0.125,0.0
1605005647067,-0.12903225806451613,0.06451612903225806,0.0
1605005647101,0.058823529411764705,-0.23529411764705882,12.777417647058822
1605005647133,0.0,0.1875,-23.848899999999993
1605005647165,-0.25,-0.375,23.844731249999995
1605005647197,0.25,0.5,-23.874381249999995
1605005647245,-0.25,-0.2916666666666667,15.923741666666663
1605005647277,0.25,0.5625,-23.862987499999992
1605005647324,-0.1276595744680851,-0.3404255319148936,16.23666382978723
1605005647359,0.17142857142857143,0.5714285714285714,-21.76497142857142
1605005647375,-0.5,-1.0,47.694124999999985
1605005647404,0.4827586206896552,0.5517241379310345,-26.363613793103436
1605005647435,-0.25806451612903225,-0.3225806451612903,24.672954838709668
1605005647468,0.30303030303030304,0.06060606060606061,-23.188745454545444
1605005647500,-0.125,0.25,23.851793749999985
1605005647532,0.3125,-0.6875,-23.840362499999983
1605005647565,-0.24242424242424243,0.9696969696969697,23.060963636363624
1605005647597,0.5,-1.25,-23.794556249999985
1605005647644,-0.3829787234042553,0.9787234042553191,16.204080851063825
1605005647677,0.7272727272727273,-1.3333333333333333,-23.120866666666657
1605005647708,-0.7741935483870968,1.032258064516129,24.631529032258054
1605005647740,1.1875,-0.5625,-23.834462499999987
1605005647773,-1.3333333333333333,-0.30303030303030304,23.068993939393927
1605005647804,1.6129032258064515,0.5806451612903226,-24.54990322580644
1605005647836,-1.5625,-0.3125,23.810999999999986
1605005647868,1.625,-0.1875,-23.80556874999999
1605005647899,-1.6774193548387097,-0.25806451612903225,24.686819354838697
1605005647932,1.6363636363636365,0.48484848484848486,-23.298848484848474
1605005647964,-1.875,-0.8125,24.08030624999999
1605005647998,1.8235294117647058,1.2352941176470589,-22.90505294117646
1605005648044,-1.434782608695652,-1.2608695652173914,16.96609130434782
1605005648076,1.9375,1.75,-24.28575624999999
1605005648108,-1.9375,-1.25,24.17027499999999
1605005648139,1.8709677419354838,1.032258064516129,-24.875651612903216
1605005648172,-1.9393939393939394,-0.9696969696969697,23.376690909090897
1605005648205,1.878787878787879,1.393939393939394,-23.330987878787873
1605005648252,-1.4042553191489362,-1.3191489361702127,16.369557446808507
1605005648275,2.782608695652174,2.869565217391304,-33.476791304347806
1605005648300,-2.56,-2.72,30.793855999999987
1605005648332,1.875,2.125,-24.00325624999999
1605005648364,-2.0625,-2.3125,23.98845624999999
1605005648397,1.878787878787879,2.4242424242424243,-23.19076969696969
1605005648448,-1.1764705882352942,-1.411764705882353,14.961678431372547
1605005648476,2.0,2.642857142857143,-27.24700714285714
1605005648508,-1.75,-2.25,23.874925
1605005648539,1.6774193548387097,2.3870967741935485,-24.681438709677423
1605005648572,-1.5757575757575757,-2.121212121212121,23.202769696969703
1605005648604,1.5625,2.25,-23.911943750000006
1605005648636,-1.5,-2.1875,23.857868750000005
1605005648668,1.625,2.1875,-23.864081250000005
1605005648700,-1.625,-2.0625,23.920181250000002
1605005648733,1.696969696969697,2.0606060606060606,-23.244006060606065
1605005648764,-1.6774193548387097,-2.064516129032258,24.798187096774193
1605005648798,1.7058823529411764,1.8823529411764706,-22.640841176470584
1605005648845,-1.148936170212766,-1.3617021276595744,16.368221276595744
1605005648877,1.8125,1.875,-24.003318749999995
1605005648908,-1.6129032258064515,-1.935483870967742,24.692361290322573
1605005648940,1.5625,1.6875,-23.891118749999997
1605005648972,-1.375,-1.625,23.856099999999998
1605005649004,1.4375,1.125,-23.8592875
1605005649036,-1.4375,-0.5,23.956412500000003
1605005649068,1.375,-0.3125,-23.957256250000004
1605005649100,-1.25,0.8125,23.927893750000003
1605005649132,1.1875,-0.9375,-23.861131250000003
1605005649164,-1.125,0.4375,23.821093750000003
1605005649217,0.6415094339622641,-0.1509433962264151,-14.394532075471698
1605005649244,-1.2592592592592593,0.14814814814814814,28.213096296296296
1605005649276,1.0625,-0.3125,-23.8107375
1605005649309,-1.2121212121212122,0.8484848484848485,23.11580606060606
1605005649340,1.2903225806451613,-1.2258064516129032,-24.584477419354837
1605005649372,-1.5625,1.125,23.845918749999996
1605005649404,1.625,-1.1875,23.845918749999996
1605005649436,-1.75,1.25,23.845918749999996
1605005649468,1.6875,-1.375,23.845918749999996
1605005649500,-1.9375,1.3125,23.845918749999996
1605005649533,1.878787878787879,-1.1515151515151516,23.845918749999996
1605005649565,-2.0,1.1875,23.845918749999996
1605005649597,1.6875,-1.0625,23.845918749999996
1605005649645,-1.0416666666666667,0.7083333333333334,23.845918749999996
1605005649676,1.7419354838709677,-1.032258064516129,23.845918749999996
1605005649709,-1.878787878787879,1.0909090909090908,23.845918749999996
1605005649746,1.5675675675675675,-0.8648648648648649,23.845918749999996
1605005649773,-2.1481481481481484,1.3333333333333333,23.845918749999996
1605005649804,1.8709677419354838,-0.967741935483871,23.845918749999996
1605005649836,-1.75,1.0,23.845918749999996
1605005649867,1.4838709677419355,-0.9032258064516129,23.845918749999996
1605005649900,-0.9696969696969697,0.9696969696969697,23.845918749999996
1605005649932,1.125,-1.0,23.845918749999996
1605005649966,-1.0,0.9411764705882353,23.845918749999996
1605005650012,0.9130434782608695,-0.8260869565217391,23.845918749999996
1605005650044,-1.25,1.4375,23.845918749999996
1605005650077,1.393939393939394,-1.5757575757575757,23.845918749999996
1605005650108,-1.032258064516129,2.0,23.845918749999996
1605005650140,0.875,-2.125,23.845918749999996
1605005650173,-0.7272727272727273,1.4545454545454546,23.845918749999996
1605005650204,0.7096774193548387,-1.1612903225806452,23.845918749999996
1605005650236,-0.4375,0.9375,23.845918749999996
1605005650268,0.3125,-0.9375,23.845918749999996
1605005650300,-0.1875,0.75,23.845918749999996
1605005650332,0.125,-0.5,23.845918749999996
1605005650365,0.0,0.30303030303030304,23.845918749999996
1605005650412,-0.2127659574468085,-0.1702127659574468,23.845918749999996
1605005650444,0.1875,0.1875,23.845918749999996
1605005650476,-0.3125,-0.75,-40.36168750000003
1605005650508,0.25,2.0,31.307100000000027
1605005650540,-1.0,-3.625,-31.068231250000025
1605005650572,1.5625,5.1875,30.931543750000028
1605005650604,-2.25,-6.1875,-31.081475000000026
1605005650636,2.4375,6.5,31.485218750000026
1605005650667,-2.2580645161290325,-6.129032258064516,-32.98290967741938
1605005650700,1.7575757575757576,5.212121212121212,-32.98290967741938
1605005650748,-1.125,-3.625,-32.98290967741938
1605005650765,2.588235294117647,10.352941176470589,-32.98290967741938
1605005650812,-0.8085106382978723,-3.702127659574468,-32.98290967741938
1605005650844,1.25,5.0,-32.98290967741938
1605005650876,-1.0625,-5.125,-32.98290967741938
1605005650908,1.25,5.1875,-32.98290967741938
1605005650939,-1.1612903225806452,-6.064516129032258,-32.98290967741938
1605005650972,1.2727272727272727,5.636363636363637,-32.98290967741938
1605005651004,-1.0625,-5.8125,-32.98290967741938
1605005651036,1.125,6.0,-32.98290967741938
1605005651068,-1.0,-5.5,-32.98290967741938
1605005651100,1.0625,5.75,-32.98290967741938
1605005651132,-0.875,-5.75,-32.98290967741938
1605005651166,1.0588235294117647,3.588235294117647,-32.98290967741938
1605005651212,-0.8695652173913043,-1.7391304347826086,-4.062839130434795
1605005651244,1.125,2.875,-1.5979249999999823
1605005651277,-1.1515151515151516,-2.5454545454545454,1.5664242424242254
1605005651308,1.2258064516129032,2.838709677419355,-1.7023999999999821
1605005651340,-1.1875,-2.625,-1.7023999999999821
1605005651372,1.125,2.75,-1.7023999999999821
1605005651404,-1.125,-2.625,-1.7023999999999821
1605005651436,1.1875,2.6875,-1.7023999999999821
1605005651468,-1.25,-2.5625,-1.7023999999999821
1605005651500,1.25,2.6875,-1.7023999999999821
1605005651532,-1.375,-2.5625,-1.7023999999999821
1605005651580,0.9166666666666666,1.625,-1.7023999999999821
1605005651612,-1.4375,-2.5,-1.7023999999999821
1605005651644,1.3125,2.75,-1.7023999999999821
1605005651676,-1.375,-2.75,-1.7023999999999821
1605005651709,1.1515151515151516,2.121212121212121,-1.7023999999999821
1605005651740,-1.1612903225806452,-1.5483870967741935,-1.7023999999999821
1605005651772,0.9375,1.0625,-1.7023999999999821
1605005651804,-1.0625,-0.6875,-1.7023999999999821
1605005651836,1.0625,0.0625,-1.7023999999999821
1605005651868,-1.25,0.375,-1.7023999999999821
1605005651900,1.25,-1.0625,-1.7023999999999821
1605005651933,-1.878787878787879,1.4545454545454546,-1.7023999999999821
1605005651980,1.9574468085106382,-0.9787234042553191,-1.7023999999999821
1605005652012,-3.5,1.5625,-1.7023999999999821
1605005652044,3.6875,-2.3125,-1.7023999999999821
1605005652076,-3.75,2.6875,-1.7023999999999821
1605005652108,3.75,-2.5625,-1.7023999999999821
1605005652140,-3.6875,1.875,-1.7023999999999821
1605005652172,3.5625,-1.125,-1.7023999999999821
1605005652204,-3.4375,0.6875,-0.39801250000001787
1605005652236,3.4375,-0.875,-9.871731249999982
1605005652268,-3.5,1.25,9.84354374999998
1605005652300,3.5625,-1.4375,9.84354374999998
1605005652332,-3.625,1.6875,41.61234999999998
1605005652382,2.48,-1.12,-33.41893599999999
1605005652412,-4.533333333333333,1.3333333333333333,55.69283333333331
1605005652443,4.774193548387097,-1.096774193548387,-53.898967741935465
1605005652476,-4.363636363636363,1.1515151515151516,50.62300606060605
1605005652508,4.5,-1.375,-52.23279374999999
1605005652540,-4.4375,1.5,52.26216249999999
1605005652572,4.5,-1.5625,-52.266437499999995
1605005652604,-4.4375,1.4375,52.272693749999995
1605005652635,4.709677419354839,-1.4193548387096775,-53.99896774193548
1605005652668,-4.363636363636363,1.2121212121212122,50.738842424242414
1605005652701,4.424242424242424,-1.2727272727272727,-50.78155757575757
1605005652732,-4.645161290322581,1.2258064516129032,54.12119999999999
1605005652779,3.106382978723404,-0.7659574468085106,-35.7388
1605005652812,-4.363636363636363,1.0303030303030303,50.924612121212114
1605005652844,4.5,-1.0,-52.51742499999999
1605005652876,-4.375,1.0,52.49132499999999
1605005652908,4.3125,-1.0,-52.53681874999999
1605005652939,-4.32258064516129,1.096774193548387,54.27140645161289
1605005652972,4.0,-0.8484848484848485,-51.025418181818175
1605005653004,-4.0625,1.0,52.589574999999996
1605005653036,4.0625,-1.0,-52.58889375
1605005653068,-3.9375,0.75,52.60640624999999
1605005653100,3.875,-0.6875,-52.59179999999999
1605005653132,-3.75,0.6875,52.587349999999994
1605005653180,2.4583333333333335,-0.3333333333333333,-35.03391666666666
1605005653212,-3.75,0.625,52.57502499999999
1605005653244,3.6875,-0.5,-52.567737499999986
1605005653278,-3.5294117647058822,0.47058823529411764,49.49947647058822
1605005653308,3.8,-0.7333333333333333,-56.025506666666644
1605005653340,-3.875,0.875,52.608899999999984
1605005653372,3.75,-0.9375,-52.64851249999998
1605005653404,-3.9375,0.9375,52.68998124999999
1605005653435,3.935483870967742,-0.967741935483871,-54.44657419354838
1605005653469,-3.6470588235294117,0.8235294117647058,49.67072352941175
1605005653500,3.806451612903226,-0.5806451612903226,-54.475864516129015
1605005653534,-3.588235294117647,0.5882352941176471,49.69286470588234
1605005653581,2.6382978723404253,-0.3829787234042553,-36.0013744680851
1605005653613,-3.8125,-0.0625,52.89914374999999
1605005653644,3.935483870967742,0.25806451612903225,-54.61329032258064
1605005653677,-3.6363636363636362,-0.12121212121212122,51.31092727272726
1605005653708,3.870967741935484,0.1935483870967742,-54.67145161290321
1605005653740,-3.75,0.0625,52.98057499999999
1605005653772,3.875,0.0,-52.94297499999999
1605005653804,-3.8125,0.125,52.90693124999999
1605005653836,3.9375,0.0,-52.89253124999999
1605005653868,-3.875,-0.0625,52.89090625
1605005653900,4.0625,0.1875,-52.9063875
1605005653934,-3.6470588235294117,-0.23529411764705882,49.75458235294118
1605005653980,2.739130434782609,0.08695652173913043,-36.78740434782608
1605005654012,-3.875,-0.4375,52.8450625
1605005654043,4.193548387096774,0.5161290322580645,-54.536070967741935
1605005654076,-3.9393939393939394,-0.36363636363636365,51.22561212121212
1605005654108,4.125,-0.3125,-52.80726875
1605005654140,-4.0,1.125,52.786281249999995
1605005654172,4.0,-1.75,-52.780418749999995
1605005654204,-3.9375,1.8125,52.79362499999999
1605005654236,3.8125,-2.375,-52.842224999999985
1605005654268,-3.625,2.875,52.861356249999986
1605005654300,3.5625,-2.6875,-52.854343749999984
1605005654334,-3.3529411764705883,2.0588235294117645,49.7149882352941
1605005654380,2.4782608695652173,-1.391304347826087,-36.706278260869546
1605005654412,-3.5625,2.375,52.681199999999976
1605005654443,3.6129032258064515,-3.032258064516129,-54.387167741935464
1605005654475,-3.5625,2.875,52.609043749999984
1605005654508,3.393939393939394,-3.1515151515151514,-51.012806060606046
1605005654541,-3.4545454545454546,3.696969696969697,51.02250909090907
1605005654572,3.5483870967741935,-4.32258064516129,-54.37340645161288
1605005654605,-3.4545454545454546,4.242424242424242,51.17823030303028
1605005654636,3.4193548387096775,-4.967741935483871,-54.44072258064514
1605005654668,-3.4375,5.0,52.74782499999998
1605005654700,3.25,-5.0625,-52.716418749999974
1605005654733,-3.3333333333333335,5.03030303030303,51.13606666666663
1605005654780,2.3404255319148937,-3.5319148936170213,-35.96200425531913
1605005654812,-3.4375,5.3125,52.91458124999996
1605005654844,3.0625,-5.1875,-52.90354374999996
1605005654877,-2.727272727272727,5.151515151515151,51.25326060606057
1605005654907,2.6666666666666665,-5.333333333333333,-56.32597333333329
1605005654940,-2.4242424242424243,4.909090909090909,51.178072727272685
1605005654972,2.375,-4.8125,-52.78636874999995
1605005655004,-2.25,4.875,52.80878749999995
1605005655036,2.375,-4.6875,-52.82182499999995
1605005655068,-2.125,4.75,52.88139999999996
1605005655100,2.25,-4.5625,-52.930543749999956
1605005655150,-1.28,2.96,33.90579999999997
1605005655180,2.466666666666667,-5.0,-56.52835999999995
1605005655212,-2.125,4.625,52.86533749999995
1605005655243,2.3870967741935485,-4.967741935483871,-54.56596129032253
1605005655276,-2.121212121212121,4.242424242424242,51.26039393939389
1605005655308,2.25,-4.6875,-52.88533124999995
1605005655340,-2.0625,5.5,52.96849999999995
1605005655371,2.129032258064516,-6.580645161290323,-54.68323870967737
1605005655404,-1.9393939393939394,6.303030303030303,51.355812121212075
1605005655436,2.0625,-6.875,-53.02188124999995
1605005655468,-2.0625,7.0,53.07036874999995
1605005655500,2.0625,-7.5625,-53.07350624999995
1605005655548,-1.5,5.375,35.393295833333305
1605005655581,2.121212121212121,-8.06060606060606,35.393295833333305
1605005655613,-2.3125,8.25,35.393295833333305
1605005655644,2.129032258064516,-8.838709677419354,35.393295833333305
1605005655676,-2.3125,8.5,35.393295833333305
1605005655708,2.1875,-8.4375,35.393295833333305
1605005655740,-2.4375,8.5,35.393295833333305
1605005655772,2.375,-8.1875,35.393295833333305
1605005655803,-2.7096774193548385,8.387096774193548,35.393295833333305
1605005655837,2.5294117647058822,-7.588235294117647,35.393295833333305
1605005655868,-2.967741935483871,8.64516129032258,35.393295833333305
1605005655901,2.727272727272727,-7.9393939393939394,35.393295833333305
1605005655948,-2.0,5.74468085106383,35.393295833333305
1605005655980,2.9375,-8.3125,35.393295833333305
1605005656012,-2.9375,8.5,35.393295833333305
1605005656044,3.0,-8.375,35.393295833333305
1605005656076,-3.0625,8.5,35.393295833333305
1605005656108,2.9375,-8.3125,35.393295833333305
1605005656140,-2.375,8.25,35.393295833333305
1605005656172,2.5,-8.3125,35.393295833333305
1605005656204,-2.0625,8.25,35.393295833333305
1605005656236,2.375,-8.0,35.393295833333305
1605005656269,-2.242424242424242,7.515151515151516,35.393295833333305
1605005656301,2.375,-8.0625,35.393295833333305
1605005656349,-1.4166666666666667,5.125,35.393295833333305
1605005656380,2.3225806451612905,-7.483870967741935,35.393295833333305
1605005656411,-2.3225806451612905,7.290322580645161,35.393295833333305
1605005656444,2.1818181818181817,-7.515151515151516,35.393295833333305
1605005656476,-2.0625,8.0625,35.393295833333305
1605005656508,1.875,-8.1875,35.393295833333305
1605005656539,-1.7419354838709677,8.258064516129032,35.393295833333305
1605005656572,1.4545454545454546,-8.181818181818182,35.393295833333305
1605005656603,-1.6129032258064515,9.225806451612904,35.393295833333305
1605005656636,1.3333333333333333,-8.909090909090908,35.393295833333305
1605005656669,-1.5757575757575757,9.030303030303031,35.393295833333305
1605005656701,1.375,-9.125,-64.31553749999998
1605005656755,-1.1851851851851851,5.222222222222222,32.973707407407396
1605005656781,2.769230769230769,-9.76923076923077,32.973707407407396
1605005656812,-2.7096774193548385,8.129032258064516,32.973707407407396
1605005656844,2.375,-7.5625,32.973707407407396
1605005656875,-2.5161290322580645,7.935483870967742,32.973707407407396
1605005656909,2.176470588235294,-7.411764705882353,32.973707407407396
1605005656940,-2.5161290322580645,8.064516129032258,32.973707407407396
1605005656972,2.4375,-7.875,32.973707407407396
1605005657004,-2.5,7.4375,32.973707407407396
1605005657036,2.625,-7.1875,32.973707407407396
1605005657068,-2.5625,7.0,32.973707407407396
1605005657101,2.606060606060606,-6.7272727272727275,32.973707407407396
1605005657149,-1.625,4.125,32.973707407407396
1605005657181,2.3125,-6.4375,32.973707407407396
1605005657212,-1.8709677419354838,6.645161290322581,32.973707407407396
1605005657244,2.125,-6.5,32.973707407407396
1605005657276,-1.75,6.3125,32.973707407407396
1605005657308,1.9375,-5.8125,32.973707407407396
1605005657340,-2.0,6.0,32.973707407407396
1605005657371,2.2580645161290325,-5.741935483870968,32.973707407407396
1605005657403,-1.875,5.125,32.973707407407396
1605005657436,1.9393939393939394,-5.03030303030303,32.973707407407396
1605005657468,-1.875,4.125,32.973707407407396
1605005657501,1.7575757575757576,-3.090909090909091,32.973707407407396
1605005657548,-1.2765957446808511,2.5531914893617023,32.973707407407396
1605005657582,1.7647058823529411,-3.176470588235294,32.973707407407396
1605005657612,-2.066666666666667,3.8,32.973707407407396
1605005657644,1.8125,-3.3125,32.973707407407396
1605005657677,-1.878787878787879,3.393939393939394,32.973707407407396
1605005657708,1.8064516129032258,-3.5483870967741935,32.973707407407396
1605005657740,-2.1875,3.375,32.973707407407396
1605005657772,2.0625,-3.0625,32.973707407407396
1605005657804,-2.1875,2.875,32.973707407407396
1605005657836,1.9375,-2.9375,32.973707407407396
1605005657868,-2.1875,2.8125,32.973707407407396
1605005657901,1.9393939393939394,-2.606060606060606,32.973707407407396
1605005657949,-1.2916666666666667,1.5,32.973707407407396
1605005657982,1.696969696969697,-2.9696969696969697,32.973707407407396
1605005658013,-1.935483870967742,4.774193548387097,32.973707407407396
1605005658044,1.935483870967742,-6.258064516129032,-62.34370967741932
1605005658076,-2.5,6.375,-62.34370967741932
1605005658112,3.2222222222222223,-5.444444444444445,-13.65777222222219
1605005658140,-4.785714285714286,5.785714285714286,4.848214285714245
1605005658172,5.0,-4.875,-4.368456249999964
1605005658204,-5.6875,5.25,4.288606249999965
1605005658236,6.375,-5.875,-4.391062499999967
1605005658268,-6.4375,6.75,4.430724999999965
1605005658303,6.0,-6.571428571428571,-4.022422857142824
1605005658348,-4.488888888888889,4.7555555555555555,3.106697777777751
1605005658380,6.4375,-6.9375,-4.422468749999963
1605005658412,-6.25,6.875,4.398649999999963
1605005658444,6.375,-6.75,-4.377612499999962
1605005658476,-6.25,6.8125,4.402006249999964
1605005658508,6.3125,-6.6875,-4.4043562499999656
1605005658540,-6.1875,6.8125,4.408881249999965
1605005658572,6.1875,-6.625,-4.425781249999963
1605005658604,-6.125,6.75,4.483637499999961
1605005658636,6.125,-6.5625,-4.506143749999961
1605005658668,-6.25,6.875,4.566874999999959
1605005658717,4.081632653061225,-4.36734693877551,-2.9874897959183384
1605005658749,-6.25,6.9375,4.535587499999954
1605005658780,6.451612903225806,-7.032258064516129,-4.662541935483825
1605005658812,-6.25,6.75,4.523737499999957
1605005658844,6.125,-6.8125,-4.590212499999957
1605005658876,-6.1875,6.875,4.601087499999958
1605005658907,6.193548387096774,-7.290322580645161,-4.697716129032215
1605005658940,-6.242424242424242,6.848484848484849,4.6717696969696565
1605005658971,6.32258064516129,-7.290322580645161,-5.030664516128988
1605005659004,-6.363636363636363,7.393939393939394,4.828618181818141
1605005659036,6.8125,-7.5,-5.170693749999959
1605005659069,-6.424242424242424,7.212121212121212,5.020096969696932
1605005659117,4.208333333333333,-5.5,-3.422758333333308
1605005659148,-6.838709677419355,8.0,5.30078064516125
1605005659180,6.875,-7.25,-5.218399999999962
1605005659212,-7.0,7.0625,5.216218749999964
1605005659243,7.419354838709677,-7.161290322580645,-5.49949032258061
1605005659275,-7.3125,7.0,5.371437499999965
1605005659308,7.03030303030303,-7.090909090909091,-5.225793939393904
1605005659340,-7.0625,6.875,5.303549999999964
1605005659371,7.096774193548387,-6.774193548387097,-5.345135483870932
1605005659404,-6.606060606060606,6.484848484848484,4.942678787878754
1605005659436,6.875,-7.125,-5.099724999999966
1605005659468,-6.6875,7.875,5.072437499999966
1605005659516,4.583333333333333,-5.458333333333333,-3.3819749999999758
1605005659549,-6.545454545454546,7.333333333333333,4.838145454545416
1605005659580,7.161290322580645,-7.870967741935484,-5.259335483870924
1605005659611,-6.903225806451613,7.870967741935484,5.207180645161244
1605005659644,6.606060606060606,-7.2727272727272725,-4.943096969696925
1605005659675,-6.838709677419355,7.67741935483871,5.289851612903179
1605005659708,6.545454545454546,-7.090909090909091,-4.915333333333289
1605005659739,-6.903225806451613,7.741935483870968,5.262574193548339
1605005659771,6.8125,-7.4375,-5.068093749999953
1605005659804,-6.545454545454546,7.212121212121212,4.938315151515107
1605005659835,7.032258064516129,-7.548387096774194,-5.222587096774147
1605005659868,-6.666666666666667,7.333333333333333,4.888884848484805
1605005659917,4.489795918367347,-4.775510204081633,-3.250640816326501
1605005659948,-7.225806451612903,7.806451612903226,5.11037419354834
1605005659980,6.875,-7.375,5.11037419354834
1605005660012,-7.0,7.375,5.11037419354834
1605005660044,6.6875,-7.375,5.11037419354834
1605005660076,-6.75,7.4375,5.11037419354834
1605005660107,6.709677419354839,-7.67741935483871,5.11037419354834
1605005660140,-6.424242424242424,7.151515151515151,5.11037419354834
1605005660172,6.625,-7.0,5.11037419354834
1605005660205,-6.484848484848484,6.121212121212121,5.11037419354834
1605005660252,4.382978723404255,-4.212765957446808,5.11037419354834
1605005660278,-7.923076923076923,7.769230769230769,5.11037419354834
1605005660316,5.526315789473684,-5.7894736842105265,5.11037419354834
1605005660348,-6.875,7.125,5.11037419354834
1605005660380,6.9375,-7.375,5.11037419354834
1605005660412,-6.9375,7.25,5.11037419354834
1605005660444,6.875,-7.0625,5.11037419354834
1605005660477,-6.545454545454546,6.606060606060606,5.11037419354834
1605005660508,7.161290322580645,-7.161290322580645,5.11037419354834
1605005660540,-6.8125,6.5,5.11037419354834
1605005660571,7.290322580645161,-6.645161290322581,5.11037419354834
1605005660604,-6.606060606060606,5.818181818181818,5.11037419354834
1605005660637,6.666666666666667,-5.878787878787879,5.11037419354834
1605005660669,-6.625,6.0,5.11037419354834
1605005660716,4.553191489361702,-3.9574468085106385,5.11037419354834
1605005660748,-6.5,5.875,5.11037419354834
1605005660780,6.5625,-5.75,5.11037419354834
1605005660812,-6.4375,5.875,5.11037419354834
1605005660844,6.5625,-5.8125,5.11037419354834
1605005660876,-6.4375,5.9375,5.11037419354834
1605005660907,6.580645161290323,-6.516129032258065,5.11037419354834
1605005660940,-6.121212121212121,6.181818181818182,5.11037419354834
1605005660971,6.32258064516129,-6.258064516129032,5.11037419354834
1605005661004,-6.242424242424242,5.696969696969697,5.11037419354834
1605005661036,6.0625,-5.75,-14.991293749999949
1605005661069,-6.303030303030303,6.0606060606060606,7.250260606060556
1605005661120,3.8823529411764706,-3.9607843137254903,7.250260606060556
1605005661149,-7.241379310344827,6.896551724137931,7.250260606060556
1605005661179,6.866666666666666,-6.533333333333333,7.250260606060556
1605005661212,-6.484848484848484,6.0,7.250260606060556
1605005661245,6.363636363636363,-5.818181818181818,7.250260606060556
1605005661277,-6.625,6.125,7.250260606060556
1605005661308,6.838709677419355,-6.064516129032258,7.250260606060556
1605005661340,-6.5625,6.0,7.250260606060556
1605005661372,6.625,-5.6875,7.250260606060556
1605005661404,-6.625,5.8125,7.250260606060556
1605005661436,7.25,-6.0,7.250260606060556
1605005661469,-6.7272727272727275,5.818181818181818,7.250260606060556
1605005661517,4.916666666666667,-4.083333333333333,7.250260606060556
1605005661548,-7.290322580645161,6.387096774193548,7.250260606060556
1605005661580,7.125,-6.6875,7.250260606060556
1605005661612,-6.8125,6.875,7.250260606060556
1605005661644,6.875,-7.5625,7.250260606060556
1605005661676,-6.75,7.8125,7.250260606060556
1605005661708,6.8125,-8.1875,-14.198812499999947
1605005661743,-6.171428571428572,7.942857142857143,4.68326285714281
1605005661773,6.933333333333334,-10.466666666666667,-5.4393866666666115
1605005661804,-6.516129032258065,10.709677419354838,5.272838709677365
1605005661836,6.0625,-10.6875,-5.125824999999946
1605005661869,-5.818181818181818,10.848484848484848,4.9783030303029765
1605005661916,4.0,-7.74468085106383,-3.521676595744643
1605005661949,-5.878787878787879,10.666666666666666,5.012903030302977
1605005661980,6.129032258064516,-11.225806451612904,-5.370193548387038
1605005662012,-6.0625,10.8125,5.204437499999942
1605005662044,5.6875,-11.25,-5.164768749999942
1605005662076,-5.8125,11.375,5.212068749999942
1605005662107,5.870967741935484,-11.741935483870968,-5.434683870967683
1605005662140,-5.696969696969697,11.212121212121213,5.099672727272672
1605005662172,5.6875,-11.625,-5.226699999999942
1605005662204,-5.6875,11.75,5.20164374999994
1605005662236,5.5625,-11.5,-5.131843749999938
1605005662284,-3.6666666666666665,7.875,3.3608374999999575
1605005662316,5.5,-11.6875,-4.919506249999936
1605005662348,-5.4375,11.875,4.842199999999936
1605005662380,5.125,-10.8125,-4.844899999999937
1605005662412,-4.9375,10.0625,4.857299999999938
1605005662444,4.9375,-10.375,-4.82011874999994
1605005662475,-4.903225806451613,10.903225806451612,4.906993548387037
1605005662508,4.666666666666667,-10.06060606060606,-4.619503030302973
1605005662540,-4.625,10.5625,4.79892499999994
1605005662572,4.8125,-10.3125,-4.826724999999939
1605005662605,-4.484848484848484,9.93939393939394,4.6879939393938805
1605005662637,4.875,-10.25,-4.93387499999994
1605005662684,-3.1914893617021276,6.723404255319149,3.326655319148895
1605005662716,4.875,-10.125,-4.86104374999994
1605005662748,-5.0,9.625,4.85077499999994
1605005662793,3.7333333333333334,-6.444444444444445,-3.4756222222221784
1605005662814,-8.095238095238095,13.142857142857142,7.479285714285619
1605005662844,5.533333333333333,-9.6,-5.2443599999999355
1605005662875,-4.903225806451613,9.935483870967742,5.148548387096715
1605005662908,4.303030303030303,-10.0,-4.895824242424186
1605005662940,-4.375,10.375,5.165893749999942
1605005662972,4.5,-10.1875,-5.276956249999943
1605005663004,-4.4375,10.25,5.242449999999945
1605005663037,3.9393939393939394,-10.606060606060606,-5.097303030302979
1605005663084,-2.765957446808511,7.872340425531915,3.5195617021276244
1605005663115,3.935483870967742,-12.516129032258064,-5.2925548387096235
1605005663148,-3.8181818181818183,12.121212121212121,5.030236363636312
1605005663180,3.625,-13.25,-5.069562499999947
1605005663212,-3.75,14.5,5.013337499999947
1605005663244,3.75,-14.75,-4.987681249999946
1605005663276,-3.875,15.125,4.972237499999945
1605005663308,4.0625,-15.5625,-4.865949999999945
1605005663339,-4.903225806451613,16.580645161290324,5.275316129032202
1605005663373,5.470588235294118,-14.647058823529411,-4.968117647058773
1605005663404,-6.774193548387097,16.193548387096776,5.575967741935427
1605005663436,6.375,-15.5,-5.504043749999944
1605005663484,-4.375,9.958333333333334,3.6462541666666297
1605005663517,5.696969696969697,-14.787878787878787,-5.029048484848431
1605005663547,-5.533333333333333,16.333333333333332,5.022006666666607
1605005663580,5.090909090909091,-15.151515151515152,-4.466709090909037
1605005663612,-4.5625,15.5625,4.514206249999944
1605005663644,3.625,-16.625,-4.465543749999945
1605005663677,-3.393939393939394,17.09090909090909,4.09021818181813
1605005663707,4.2,-18.8,-4.399659999999943
1605005663740,-3.6363636363636362,16.78787878787879,3.964472727272676
1605005663772,3.9375,-18.0,-4.026549999999947
1605005663804,-3.625,17.875,3.9791749999999464
1605005663836,3.9375,-17.75,-4.033693749999946
1605005663884,-2.5833333333333335,11.916666666666666,2.7577749999999646
1605005663916,4.0,-17.4375,-4.1284249999999485
1605005663948,-3.8125,17.25,4.10343749999995
1605005663980,4.0625,-17.375,-4.132249999999951
1605005664012,-3.8125,17.3125,4.142768749999952
1605005664044,3.5625,-16.8125,-4.098568749999954
1605005664076,-3.5,17.1875,4.074131249999956
1605005664125,2.2448979591836733,-11.061224489795919,-2.644865306122422
1605005664141,-6.875,34.25,8.023124999999919
1605005664172,3.4193548387096775,-17.548387096774192,8.023124999999919
1605005664204,-3.5,17.3125,8.023124999999919
1605005664237,3.212121212121212,-16.666666666666668,8.023124999999919
1605005664284,-2.425531914893617,11.74468085106383,8.023124999999919
1605005664315,3.225806451612903,-18.06451612903226,8.023124999999919
1605005664348,-3.0303030303030303,17.272727272727273,8.023124999999919
1605005664380,3.0625,-18.0,8.023124999999919
1605005664412,-3.375,17.875,8.023124999999919
1605005664443,3.161290322580645,-17.677419354838708,8.023124999999919
1605005664476,-2.8484848484848486,15.575757575757576,8.023124999999919
1605005664508,2.75,-16.125,8.023124999999919
1605005664540,-3.125,16.75,8.023124999999919
1605005664573,3.272727272727273,-16.90909090909091,8.023124999999919
1605005664604,-3.5483870967741935,17.741935483870968,8.023124999999919
1605005664637,3.272727272727273,-16.78787878787879,8.023124999999919
1605005664685,-2.0833333333333335,11.625,8.023124999999919
1605005664717,3.1875,-17.8125,8.023124999999919
1605005664748,-3.161290322580645,18.06451612903226,8.023124999999919
1605005664781,2.909090909090909,-16.424242424242426,8.023124999999919
1605005664811,-2.466666666666667,16.733333333333334,8.023124999999919
1605005664844,2.5454545454545454,-15.333333333333334,8.023124999999919
1605005664876,-2.25,16.0,8.023124999999919
1605005664908,2.3125,-15.6875,8.023124999999919
1605005664940,-2.25,16.0,8.023124999999919
1605005664972,2.625,-15.75,8.023124999999919
1605005665004,-2.375,14.0625,8.023124999999919
1605005665037,2.121212121212121,-12.303030303030303,8.023124999999919
1605005665084,-1.574468085106383,8.851063829787234,8.023124999999919
1605005665115,2.3225806451612905,-13.03225806451613,8.023124999999919
1605005665148,-2.242424242424242,12.606060606060606,8.023124999999919
1605005665179,2.2580645161290325,-13.161290322580646,8.023124999999919
1605005665213,-2.1176470588235294,12.235294117647058,8.023124999999919
1605005665244,2.193548387096774,-13.290322580645162,8.023124999999919
1605005665276,-2.3125,12.875,8.023124999999919
1605005665307,1.8064516129032258,-13.483870967741936,8.023124999999919
1605005665340,-1.4545454545454546,12.909090909090908,8.023124999999919
1605005665371,1.2258064516129032,-13.870967741935484,8.023124999999919
1605005665404,-1.393939393939394,12.787878787878787,8.023124999999919
1605005665437,1.4545454545454546,-12.969696969696969,8.023124999999919
1605005665484,-1.0638297872340425,8.936170212765957,8.023124999999919
1605005665516,1.375,-12.875,8.023124999999919
1605005665548,-1.4375,12.5625,8.023124999999919
1605005665579,1.4838709677419355,-13.290322580645162,8.023124999999919
1605005665611,-1.875,13.0,8.023124999999919
1605005665645,2.0588235294117645,-12.176470588235293,8.023124999999919
1605005665677,-2.1875,13.9375,30.829874999999966
1605005665707,2.3333333333333335,-16.2,-41.97575999999996
1605005665740,-2.3636363636363638,15.151515151515152,38.04370909090906
1605005665772,2.5625,-16.1875,-39.13329374999997
1605005665805,-2.242424242424242,15.393939393939394,37.93303636363634
1605005665852,1.574468085106383,-10.46808510638298,37.93303636363634
1605005665885,-1.878787878787879,14.848484848484848,37.93303636363634
1605005665916,2.3225806451612905,-16.06451612903226,37.93303636363634
1605005665949,-2.0606060606060606,14.363636363636363,37.93303636363634
1605005665979,2.466666666666667,-15.8,37.93303636363634
1605005666012,-2.0606060606060606,14.363636363636363,37.93303636363634
1605005666043,2.3870967741935485,-15.290322580645162,37.93303636363634
1605005666076,-2.121212121212121,14.606060606060606,37.93303636363634
1605005666124,1.5416666666666667,-9.958333333333334,37.93303636363634
1605005666149,-2.88,19.2,37.93303636363634
1605005666172,3.130434782608696,-20.52173913043478,37.93303636363634
1605005666204,-2.1875,15.0625,37.93303636363634
1605005666252,1.375,-9.833333333333334,37.93303636363634
1605005666284,-2.3125,14.9375,37.93303636363634
1605005666316,2.0,-14.9375,37.93303636363634
1605005666348,-2.3125,15.25,37.93303636363634
1605005666380,2.0,-15.25,37.93303636363634
1605005666412,-2.3125,15.125,63.03516249999997
1605005666443,2.129032258064516,-16.129032258064516,63.03516249999997
1605005666476,-2.303030303030303,15.090909090909092,89.89684242424238
1605005666507,2.3225806451612905,-15.483870967741936,-103.4352774193548
1605005666541,-2.176470588235294,14.058823529411764,94.29822352941173
1605005666572,2.4516129032258065,-15.096774193548388,94.29822352941173
1605005666604,-2.3125,14.875,94.29822352941173
1605005666653,1.6734693877551021,-9.755102040816327,94.29822352941173
1605005666685,-2.25,15.1875,94.29822352941173
1605005666717,2.6875,-15.1875,94.29822352941173
1605005666748,-2.5161290322580645,15.290322580645162,94.29822352941173
1605005666779,3.032258064516129,-15.870967741935484,94.29822352941173
1605005666812,-2.6666666666666665,14.242424242424242,94.29822352941173
1605005666844,2.6875,-14.5,94.29822352941173
1605005666876,-2.375,14.8125,94.29822352941173
1605005666907,2.5161290322580645,-15.483870967741936,94.29822352941173
1605005666940,-2.4242424242424243,14.363636363636363,94.29822352941173
1605005666978,2.1578947368421053,-12.31578947368421,94.29822352941173
1605005667004,-3.1538461538461537,17.076923076923077,94.29822352941173
1605005667053,1.5918367346938775,-9.10204081632653,94.29822352941173
1605005667085,-2.75,13.875,94.29822352941173
1605005667116,2.838709677419355,-14.709677419354838,94.29822352941173
1605005667149,-2.484848484848485,13.878787878787879,94.29822352941173
1605005667180,1.5483870967741935,-14.32258064516129,94.29822352941173
1605005667212,-1.625,14.25,94.29822352941173
1605005667244,1.8125,-14.4375,94.29822352941173
1605005667276,-2.3125,15.0,94.29822352941173
1605005667308,2.1875,-15.3125,94.29822352941173
1605005667340,-2.25,15.5625,94.29822352941173
1605005667372,2.1875,-15.375,94.29822352941173
1605005667405,-2.121212121212121,15.151515151515152,94.29822352941173
1605005667452,1.446808510638298,-10.46808510638298,94.29822352941173
1605005667484,-2.0625,15.5,94.29822352941173
1605005667515,2.064516129032258,-15.67741935483871,94.29822352941173
1605005667548,-1.393939393939394,14.787878787878787,123.53352727272724
1605005667579,1.3548387096774193,-15.870967741935484,-141.8596387096774
1605005667612,-0.8484848484848485,14.969696969696969,133.24087272727272
1605005667644,1.1875,-15.5,-137.47659374999998
1605005667676,-1.0625,15.4375,137.44797499999999
1605005667708,1.3125,-15.5,-137.45829999999995
1605005667740,-1.25,15.25,137.49168124999997
1605005667772,1.1875,-15.375,-137.51663125
1605005667804,-1.0,15.25,137.53130624999997
1605005667853,0.6530612244897959,-10.204081632653061,-89.82517959183672
1605005667884,-1.032258064516129,16.193548387096776,141.95835483870965
1605005667916,0.875,-16.3125,-137.45922499999998
1605005667948,-0.75,16.375,137.44670624999998
1605005667980,0.5625,-16.25,-137.46804375
1605005668011,-0.5806451612903226,16.838709677419356,141.87133548387095
1605005668044,0.36363636363636365,-15.878787878787879,-133.3043818181818
1605005668076,-0.625,16.0,137.53182499999997
1605005668108,0.375,-16.25,-137.45783749999998
1605005668139,-0.3225806451612903,17.032258064516128,141.82192258064512
1605005668172,0.12121212121212122,-16.0,-133.22646666666662
1605005668205,-0.30303030303030304,16.12121212121212,133.23062424242426
1605005668252,0.2127659574468085,-11.23404255319149,-93.5415829787234
1605005668285,-0.42424242424242425,16.242424242424242,133.22123636363634
1605005668315,0.3333333333333333,-17.6,-146.51268666666664
1605005668348,-0.36363636363636365,16.242424242424242,133.18001212121212
1605005668380,0.4375,-16.6875,-137.34057499999997
1605005668412,-0.5,16.875,137.35053124999996
1605005668444,0.625,-16.8125,-137.32476249999996
1605005668476,-0.625,17.0,137.32063124999996
1605005668508,0.6875,-16.8125,-137.24668749999995
1605005668540,-0.4375,16.875,137.27083749999994
1605005668572,0.5625,-16.9375,-137.34584374999994
1605005668605,-0.36363636363636365,16.424242424242426,133.22084242424236
1605005668670,0.24615384615384617,-8.338461538461539,-67.68283076923075
1605005668692,-0.36363636363636365,24.636363636363637,199.89299999999994
1605005668717,0.48,-21.68,-175.84252799999996
1605005668748,-0.25806451612903225,17.35483870967742,141.7996967741935
1605005668780,0.375,-17.0,-137.43915624999997
1605005668811,-0.3870967741935484,17.29032258064516,141.91079999999997
1605005668843,0.375,-17.0,-137.51949374999998
1605005668876,-0.48484848484848486,15.878787878787879,133.3888242424242
1605005668908,0.625,-15.8125,-137.57483749999997
1605005668941,-0.6666666666666666,15.272727272727273,133.4240545454545
1605005668972,0.8387096774193549,-15.935483870967742,-141.9894
1605005669005,-1.1515151515151516,14.121212121212121,133.34730909090908
1605005669052,0.9361702127659575,-9.702127659574469,-93.63162978723402
1605005669084,-1.3125,14.5,137.4895
1605005669117,1.0303030303030303,-14.242424242424242,-133.34361212121212
1605005669148,-1.2903225806451613,14.64516129032258,141.88354193548386
1605005669180,1.1875,-14.125,-137.45827500000001
1605005669211,-1.2258064516129032,14.387096774193548,141.97052258064517
1605005669244,1.0303030303030303,-13.696969696969697,-133.39969696969698
1605005669276,-1.0,14.0625,137.51425625000002
1605005669308,0.9375,-14.125,-137.56130625000003
1605005669340,-0.9375,14.0,137.57725625
1605005669373,0.9696969696969697,-13.636363636363637,-133.46874545454546
1605005669420,-0.6382978723404256,9.48936170212766,93.64059148936171
1605005669453,0.9090909090909091,-13.515151515151516,93.64059148936171
1605005669484,-0.7096774193548387,15.03225806451613,93.64059148936171
1605005669517,0.7272727272727273,-14.121212121212121,-143.58787272727275
