1604995381053,-0.3125,0.25,-0.022906250000000128
1604995381085,0.4375,-0.25,0.1871375000000004
1604995381117,-0.375,0.1875,-0.18016875
1604995381165,0.125,-0.125,0.15226250000000027
1604995381197,-0.1875,0.1875,-0.2665500000000023
1604995381229,0.1875,-0.1875,-0.2665500000000023
1604995381261,-0.25,0.1875,22.165493749999996
1604995381293,0.25,-0.1875,22.165493749999996
1604995381326,-0.12121212121212122,0.24242424242424243,22.165493749999996
1604995381358,0.0,-0.375,22.165493749999996
1604995381389,0.1935483870967742,0.3870967741935484,54.94890967741936
1604995381421,-0.125,-0.4375,54.94890967741936
1604995381454,0.12121212121212122,0.36363636363636365,86.40925454545454
1604995381485,-0.12903225806451613,-0.45161290322580644,-101.55645161290323
1604995381518,0.12121212121212122,0.42424242424242425,-101.55645161290323
1604995381566,-0.20833333333333334,-0.2916666666666667,-101.55645161290323
1604995381599,0.18181818181818182,0.42424242424242425,-101.55645161290323
1604995381630,-0.25806451612903225,-0.3870967741935484,-101.55645161290323
1604995381661,0.1935483870967742,0.45161290322580644,-101.55645161290323
1604995381693,-0.0625,-0.4375,-101.55645161290323
1604995381725,0.0625,0.4375,89.38886874999999
1604995381757,-0.0625,-0.4375,-99.08145624999997
1604995381789,0.125,0.5,99.09876874999998
1604995381822,-0.24242424242424243,-0.42424242424242425,-96.09892121212118
1604995381853,0.25806451612903225,0.45161290322580644,102.23898709677415
1604995381886,-0.36363636363636365,-0.48484848484848486,-96.04246666666663
1604995381918,0.5,0.5625,99.03746249999998
1604995381965,-0.2978723404255319,-0.46808510638297873,-67.41881276595743
1604995381998,0.5454545454545454,0.6666666666666666,96.04318787878785
1604995382029,-0.5161290322580645,-0.7741935483870968,-102.29357419354837
1604995382062,0.5454545454545454,0.8484848484848485,96.10422424242422
1604995382094,-0.625,-0.8125,-99.16553124999997
1604995382126,0.6875,0.875,99.19779999999997
1604995382157,-0.6451612903225806,-0.7096774193548387,-102.4298580645161
1604995382189,0.6875,0.9375,99.24835624999997
1604995382222,-0.7272727272727273,-0.7272727272727273,-96.20949090909087
1604995382254,0.6875,0.9375,99.21859374999997
1604995382286,-0.6875,-0.875,-99.17805624999997
1604995382318,0.6875,0.8125,99.17941874999997
1604995382366,-0.4166666666666667,-0.5,-66.10204166666665
1604995382398,0.625,0.625,99.11981249999997
1604995382429,-0.5806451612903226,-0.5806451612903226,-102.30154838709674
1604995382462,0.5454545454545454,0.48484848484848486,96.08950303030299
1604995382493,-0.45161290322580644,-0.45161290322580644,-102.31341935483866
1604995382525,0.5625,0.375,99.10380624999996
1604995382557,-0.5625,-0.4375,-99.08304999999996
1604995382589,0.5,-0.0625,99.04714999999996
1604995382622,-0.42424242424242425,0.24242424242424243,-96.05916969696966
1604995382653,0.25806451612903225,-1.3548387096774193,102.31543225806446
1604995382686,-0.18181818181818182,2.4242424242424243,-96.17187878787875
1604995382718,0.1875,-2.5,99.16499999999995
1604995382765,-0.0425531914893617,1.446808510638298,-67.49677446808508
1604995382797,0.0,-2.0,99.19936874999996
1604995382829,0.0625,1.3125,-99.18471249999996
1604995382861,-0.3125,-1.0625,99.19459374999995
1604995382894,0.36363636363636365,1.1515151515151516,-96.06998181818176
1604995382925,-0.3225806451612903,-2.129032258064516,102.15305806451609
1604995382957,0.0,2.5625,-99.02468749999994
1604995382989,0.3125,-3.125,98.84379999999996
1604995383021,-0.25,2.875,-98.82469999999995
1604995383054,-0.06060606060606061,-2.4242424242424243,95.78475757575752
1604995383087,0.42424242424242425,2.484848484848485,-96.01740606060602
1604995383118,-0.7096774193548387,-2.3225806451612905,102.41196129032252
1604995383165,0.46808510638297873,0.8936170212765957,-67.50503404255316
1604995383197,-0.6875,-1.125,99.19031874999995
1604995383229,0.75,1.3125,-99.24073124999995
1604995383261,-0.8125,-1.625,99.26818124999994
1604995383293,0.8125,1.625,-99.27002499999995
1604995383325,-0.875,-1.5625,99.28114999999994
1604995383358,0.9090909090909091,1.5151515151515151,-96.26984242424237
1604995383389,-0.967741935483871,-1.4838709677419355,102.50417419354832
1604995383421,0.9375,1.5625,-99.31186249999993
1604995383453,-0.9375,-1.4375,99.33269374999993
1604995383485,1.0,1.5,-99.32028124999994
1604995383518,-1.0303030303030303,-1.2727272727272727,96.30813939393934
1604995383567,0.7346938775510204,0.8571428571428571,-64.83003673469385
1604995383597,-1.3333333333333333,-1.1333333333333333,105.88970666666661
1604995383628,1.2903225806451613,1.3548387096774193,-102.48652258064511
1604995383661,-1.2121212121212122,-0.9696969696969697,96.28157575757571
1604995383693,1.25,1.125,-99.26918124999996
1604995383725,-1.25,-0.8125,99.28144374999997
1604995383757,1.25,1.0625,-99.25421249999997
1604995383788,-1.2903225806451613,-0.7741935483870968,102.52125806451609
1604995383821,1.2727272727272727,0.8484848484848485,-96.30212727272723
1604995383853,-1.3125,-0.9375,99.36078749999996
1604995383886,1.2727272727272727,0.9090909090909091,-96.3892121212121
1604995383918,-1.25,-1.0625,99.39474999999996
1604995383966,0.9166666666666666,0.7916666666666666,-66.31544999999998
1604995383998,-1.3125,-1.5,99.52216874999996
1604995384029,1.3548387096774193,1.096774193548387,-102.77748387096771
1604995384061,-1.25,-1.0625,99.56393124999997
1604995384093,1.375,1.0,-99.66169374999997
1604995384125,-1.625,-1.625,99.61348124999998
1604995384161,1.5,1.5555555555555556,-88.4483222222222
1604995384189,-2.0714285714285716,-2.0,113.88412142857139
1604995384222,1.7575757575757576,1.4545454545454546,-96.55156969696966
1604995384253,-2.064516129032258,-1.7419354838709677,102.67483870967739
1604995384286,1.9393939393939394,1.5757575757575757,-96.432703030303
1604995384318,-1.9375,-1.625,99.12437499999996
1604995384366,1.3333333333333333,1.3333333333333333,-66.07084166666664
1604995384414,-1.2916666666666667,-1.7916666666666667,66.0752708333333
1604995384437,2.5217391304347827,4.0,-137.8626782608695
1604995384461,-2.4166666666666665,-4.166666666666667,132.0991833333333
1604995384493,1.9375,3.3125,-99.09718749999996
1604995384544,-1.2549019607843137,-2.4313725490196076,62.21442352941174
1604995384577,2.0,3.696969696969697,-96.2017333333333
1604995384593,-4.125,-7.75,198.3992749999999
1604995384621,2.357142857142857,4.5,-113.34895714285709
1604995384654,-1.878787878787879,-3.696969696969697,96.20105454545448
1604995384687,1.878787878787879,3.757575757575758,-96.20056363636357
1604995384733,-1.3043478260869565,-2.5217391304347827,69.0248130434782
1604995384765,1.8125,3.75,-99.18178749999993
1604995384797,-1.875,-3.625,99.22773124999992
1604995384829,1.8125,3.8125,-99.24184374999992
1604995384866,-1.5675675675675675,-3.189189189189189,85.8755729729729
1604995384893,2.0,4.592592592592593,-117.74907407407399
1604995384925,-1.75,-3.6875,99.33888124999993
1604995384957,1.6875,3.875,-99.26377499999992
1604995384989,-1.75,-3.75,99.23798124999992
1604995385021,1.6875,3.875,-99.21292499999993
1604995385054,-1.6363636363636365,-3.5757575757575757,96.16586060606053
1604995385090,1.4444444444444444,3.3333333333333335,-88.09374999999993
1604995385133,-1.1627906976744187,-2.697674418604651,73.7539720930232
1604995385165,1.5625,3.6875,-99.08942499999992
1604995385197,-1.3125,-3.5625,99.02674374999992
1604995385229,1.375,3.375,-99.02433749999992
1604995385262,-1.2727272727272727,-3.515151515151515,96.00770909090902
1604995385295,1.1515151515151516,3.1515151515151514,-96.01150909090902
1604995385325,-1.3333333333333333,-3.933333333333333,105.61650666666658
1604995385357,1.25,3.8125,-98.97260624999993
1604995385389,-1.25,-3.4375,98.96407499999992
1604995385421,1.0,3.0625,-98.92577499999993
1604995385454,-1.0303030303030303,-2.9696969696969697,95.98476363636357
1604995385487,0.7272727272727273,2.5454545454545454,-96.02444242424234
1604995385534,-0.5957446808510638,-1.6170212765957446,67.43344255319143
1604995385566,0.6875,2.375,-99.0999624999999
1604995385597,-0.7096774193548387,-2.3870967741935485,102.29810322580634
1604995385629,0.6875,2.375,-99.09633749999989
1604995385662,-0.8484848484848485,-2.303030303030303,96.04622424242413
1604995385693,1.2903225806451613,2.3870967741935485,-102.22160645161279
1604995385726,-1.0303030303030303,-2.242424242424242,96.0084424242423
1604995385757,1.2258064516129032,2.3225806451612905,-102.15859999999986
1604995385789,-1.125,-2.375,98.90613749999989
1604995385822,1.393939393939394,2.3636363636363638,-95.91619393939382
1604995385882,-0.7333333333333333,-1.2333333333333334,52.75654999999994
1604995385902,2.5,3.6,-158.33922999999982
1604995385933,-1.4193548387096775,-2.2580645161290325,102.14202580645149
1604995385966,1.4545454545454546,2.242424242424242,-95.96726666666655
1604995385997,-1.3548387096774193,-2.5161290322580645,102.1856193548386
1604995386030,1.2727272727272727,2.484848484848485,-95.93373939393928
1604995386061,-1.2258064516129032,-2.6451612903225805,102.1288193548386
1604995386093,1.3125,2.5625,-98.94324374999988
1604995386125,-1.25,-2.625,98.95436249999989
1604995386174,0.9387755102040817,1.7142857142857142,-64.62373061224483
1604995386198,-1.9166666666666667,-3.5,131.9061833333332
1604995386221,2.1739130434782608,3.652173913043478,-137.62253043478245
1604995386254,-1.5151515151515151,-2.606060606060606,95.93743030303018
1604995386286,1.6875,2.75,-98.93482499999989
1604995386338,-1.0769230769230769,-1.6923076923076923,60.87159999999993
1604995386366,2.0,3.0714285714285716,-113.08061428571416
1604995386397,-1.8064516129032258,-2.7096774193548385,102.1752258064515
1604995386429,1.75,2.625,-99.00174374999989
1604995386461,-1.875,-2.6875,98.9796312499999
1604995386493,1.75,2.75,-98.98138124999988
1604995386525,-1.875,-2.75,98.97061874999989
1604995386557,1.75,2.75,-98.9386437499999
1604995386590,-1.878787878787879,-2.727272727272727,95.94469696969686
1604995386623,1.6363636363636365,2.787878787878788,-95.93085454545444
1604995386669,-1.3478260869565217,-2.0,68.85041739130428
1604995386697,1.9285714285714286,3.4285714285714284,-113.06720714285701
1604995386733,-1.6111111111111112,-2.7222222222222223,87.93769444444436
1604995386766,1.5151515151515151,2.9696969696969697,-95.94281212121201
1604995386797,-1.7419354838709677,-3.161290322580645,102.11813548387087
1604995386830,1.696969696969697,2.8484848484848486,-95.96054545454535
1604995386861,-2.064516129032258,-2.838709677419355,102.16763870967732
1604995386893,1.8125,2.6875,-98.95707499999992
1604995386925,-1.625,-2.75,98.94763749999991
1604995386957,1.375,2.75,-98.98625624999991
1604995386990,-1.4545454545454546,-2.606060606060606,96.02500606060597
1604995387021,1.6129032258064515,2.774193548387097,-102.24667741935475
1604995387055,-1.5294117647058822,-2.588235294117647,93.22124705882345
1604995387087,1.5625,2.75,-99.06073124999992
1604995387133,-1.0,-1.826086956521739,68.88130434782603
1604995387165,1.1875,2.6875,-98.97684374999992
1604995387198,-0.7878787878787878,-2.6666666666666665,95.98129090909083
1604995387229,0.967741935483871,2.7096774193548385,-102.21287741935474
1604995387262,-0.8484848484848485,-2.303030303030303,96.07659999999991
1604995387296,1.0,2.0,-93.2447705882352
1604995387326,-0.9333333333333333,-2.4,105.63766666666658
1604995387357,0.967741935483871,2.3870967741935485,-102.23045161290314
1604995387389,-0.6875,-2.25,99.01831249999992
1604995387421,0.8125,2.1875,-99.03116874999992
1604995387469,-0.5,-1.4166666666666667,65.99375416666662
1604995387488,1.6842105263157894,3.5789473684210527,-166.71317894736828
1604995387533,-0.6222222222222222,-1.511111111111111,70.34428444444438
1604995387565,1.0,2.125,-98.81837499999992
1604995387597,-0.875,-2.125,98.83369999999991
1604995387629,0.9375,2.125,-98.81057499999991
1604995387661,-0.9375,-2.25,98.75610624999992
1604995387693,1.125,2.3125,-98.68903749999993
1604995387726,-1.0303030303030303,-2.242424242424242,95.63954545454537
1604995387758,1.25,2.3125,-98.62813749999991
1604995387789,-1.2258064516129032,-2.3870967741935485,101.77692258064506
1604995387822,1.1515151515151516,2.242424242424242,-95.59246666666657
1604995387854,-1.1875,-2.3125,98.6029687499999
1604995387886,1.1875,2.375,-98.6143874999999
1604995387933,-0.8085106382978723,-1.6170212765957446,67.13915744680845
1604995387965,1.1875,2.4375,-98.58536249999992
1604995387997,-1.1875,-2.4375,98.55258124999992
1604995388029,1.0625,2.5,-98.54846249999991
1604995388061,-1.1875,-2.5625,98.55618124999992
1604995388093,1.125,2.4375,-98.54104999999991
1604995388125,-1.3125,-2.5,98.51756874999991
1604995388157,1.125,2.5,-98.4911124999999
1604995388189,-1.25,-2.4375,98.5200124999999
1604995388221,1.0625,2.5625,-98.5105874999999
1604995388254,-1.3333333333333333,-2.6666666666666665,95.5819393939393
1604995388301,0.851063829787234,1.9574468085106382,-67.1195702127659
1604995388333,-1.4375,-2.875,98.5719249999999
1604995388365,1.3125,2.75,-98.5694562499999
1604995388398,-1.393939393939394,-2.4242424242424243,95.60420606060597
1604995388429,1.3548387096774193,2.4516129032258065,-101.82669032258056
1604995388461,-1.3125,-2.375,98.66679999999991
1604995388493,1.1875,2.375,-98.66091249999991
1604995388525,-1.1875,-2.375,98.63379374999991
1604995388557,1.1875,2.3125,-98.65092499999992
1604995388589,-1.0625,-2.375,98.64144374999992
1604995388621,0.75,2.625,-98.61168124999992
1604995388655,-0.4117647058823529,-2.7058823529411766,92.80514117647053
1604995388701,0.34782608695652173,1.9565217391304348,-68.59311304347821
1604995388733,-0.3125,-2.75,98.62311249999992
1604995388765,0.4375,2.875,-98.65623124999992
1604995388797,-0.25,-2.875,98.65897499999993
1604995388829,0.4375,2.8125,-98.69897499999993
1604995388861,-0.375,-2.75,98.60711874999993
1604995388893,0.375,2.75,-98.63943124999993
1604995388925,-0.4375,-2.625,98.60652499999992
1604995388957,0.4375,2.5625,-98.64008749999994
1604995388989,-0.4375,-2.5,98.60651249999992
1604995389026,0.32432432432432434,2.2162162162162162,-85.28859999999993
1604995389054,-0.35714285714285715,-3.0,112.65893571428562
1604995389101,0.2127659574468085,1.7446808510638299,-67.12709361702123
1604995389133,-0.375,-2.4375,-67.12709361702123
1604995389165,0.375,2.3125,-71.48976249999993
1604995389197,-0.375,-2.25,62.45588124999992
1604995389229,0.6875,2.3125,-62.45254999999992
1604995389261,-0.9375,-2.4375,62.472949999999926
1604995389293,1.0,2.3125,-62.425006249999925
1604995389325,-0.875,-2.375,62.447818749999925
1604995389358,0.7272727272727273,2.303030303030303,-60.55086060606054
1604995389389,-0.7096774193548387,-2.3225806451612905,64.47522580645153
1604995389421,0.6875,2.125,-62.464474999999936
1604995389467,-0.4782608695652174,-1.4782608695652173,43.48794782608691
1604995389502,0.6285714285714286,1.9428571428571428,-57.10978857142852
1604995389533,-0.7096774193548387,-2.129032258064516,64.49901290322575
1604995389565,0.6875,2.0,-62.43578749999994
1604995389597,-0.625,-1.875,62.46964374999994
1604995389629,0.625,1.875,-62.43168124999994
1604995389661,-0.625,-1.75,62.474181249999944
1604995389693,0.6875,1.625,-62.46453124999994
1604995389725,-0.6875,-1.5625,62.53836874999994
1604995389757,0.625,1.5625,-62.47498749999994
1604995389789,-0.5625,-1.6875,62.474712499999946
1604995389821,0.5625,1.8125,-62.45969374999995
1604995389854,-0.6060606060606061,-1.878787878787879,-62.45969374999995
1604995389901,0.46808510638297873,1.2765957446808511,-62.45969374999995
1604995389934,-0.7272727272727273,-1.6363636363636365,52.56116969696965
1604995389965,0.7741935483870968,1.5483870967741935,-65.59452903225802
1604995389997,-0.625,-1.375,63.530781249999954
1604995390029,0.5625,1.3125,-63.52085624999995
1604995390062,-0.5454545454545454,-1.2727272727272727,61.56103636363631
1604995390093,0.6451612903225806,1.3548387096774193,-65.51827096774188
1604995390125,-0.8125,-1.3125,63.48662499999995
1604995390158,0.9090909090909091,1.2727272727272727,-61.59209090909086
1604995390189,-1.032258064516129,-1.2903225806451613,65.52254193548382
1604995390222,0.9090909090909091,1.1515151515151516,-61.59690909090903
1604995390269,-0.5106382978723404,-0.7659574468085106,43.23885106382975
1604995390301,0.5625,1.0625,-63.45108749999994
1604995390333,-0.5625,-1.0,63.37234374999994
1604995390365,0.5,1.0,-63.454106249999946
1604995390397,-0.5625,-0.9375,63.42431249999994
1604995390429,0.5,0.9375,-63.44839999999995
1604995390461,-0.5,-0.9375,63.42173749999995
1604995390492,0.3870967741935484,1.032258064516129,-65.5033032258064
1604995390529,-0.21621621621621623,-0.918918918918919,54.83007027027023
1604995390557,0.42857142857142855,1.1428571428571428,-72.49277142857137
1604995390590,-0.48484848484848486,-0.9696969696969697,61.492278787878746
1604995390622,0.5,1.125,-63.440299999999965
1604995390669,-0.2978723404255319,-0.851063829787234,43.184174468085075
1604995390701,0.25,1.5,-63.39789999999995
1604995390734,-0.12121212121212122,-1.696969696969697,61.49369696969693
1604995390765,0.3225806451612903,2.064516129032258,-65.47132258064511
1604995390797,-0.5625,-2.1875,63.42581874999995
1604995390830,0.6060606060606061,2.121212121212121,-61.50844242424238
1604995390861,-0.5806451612903226,-2.3225806451612905,65.48947741935478
1604995390893,0.5,2.25,-63.407856249999945
1604995390925,-0.5,-2.1875,63.411737499999944
1604995390957,0.5625,2.1875,-63.37815624999994
1604995390989,-0.5625,-2.125,63.37212499999994
1604995391022,0.5454545454545454,2.0,-61.41081818181812
1604995391062,-0.5,-1.65,50.65716499999995
1604995391101,0.5641025641025641,1.6923076923076923,-51.92475897435892
1604995391133,-0.625,-2.0625,63.28942499999994
1604995391165,0.5625,1.875,-63.28961874999993
1604995391197,-0.5,-1.75,63.31401874999993
1604995391229,0.4375,1.5625,-63.28774999999993
1604995391261,-0.375,-1.5,63.33374999999994
1604995391293,0.4375,1.8125,-63.335381249999934
1604995391325,-0.4375,-2.0625,63.36550624999993
1604995391358,0.36363636363636365,2.0606060606060606,-61.41039393939388
1604995391389,-0.3225806451612903,-2.064516129032258,65.38231612903219
1604995391422,0.36363636363636365,1.696969696969697,-61.40621212121206
1604995391454,-0.375,-1.8125,63.36975624999993
1604995391501,0.2553191489361702,1.3617021276595744,-43.11978297872336
1604995391533,-0.375,-1.9375,63.34935624999993
1604995391565,0.4375,1.75,-63.33638124999993
1604995391597,-0.5,-1.6875,63.33157499999994
1604995391629,0.5625,1.75,-63.32077499999994
1604995391662,-0.48484848484848486,-1.8181818181818181,-63.32077499999994
1604995391693,0.45161290322580644,1.935483870967742,-63.32077499999994
1604995391725,-0.4375,-1.8125,-63.32077499999994
1604995391757,0.375,1.75,-35.63819374999994
1604995391789,-0.375,-1.8125,26.114712499999943
1604995391823,0.4117647058823529,1.8235294117647058,-24.62207058823524
1604995391870,-0.3829787234042553,-1.3191489361702127,17.838685106382943
1604995391903,0.6060606060606061,1.878787878787879,-25.423309090909044
1604995391934,-0.6451612903225806,-1.935483870967742,27.061999999999948
1604995391969,0.5714285714285714,1.6571428571428573,-24.036462857142812
1604995391997,-0.7142857142857143,-2.0714285714285716,30.038907142857088
1604995392029,0.6875,1.875,-26.270981249999956
1604995392061,-0.8125,-1.9375,26.275943749999954
1604995392092,0.8387096774193549,2.0,-27.124864516128987
1604995392125,-0.8484848484848485,-1.8181818181818181,25.387430303030257
1604995392158,0.7878787878787878,1.8181818181818181,-25.436812121212075
1604995392190,-0.8125,-1.875,26.144906249999956
1604995392223,0.7878787878787878,1.8181818181818181,-25.34411515151511
1604995392270,-0.5106382978723404,-1.3191489361702127,17.78354893617018
1604995392302,0.75,1.9375,-26.123793749999955
1604995392334,-0.75,-2.0625,26.132524999999955
1604995392365,0.9032258064516129,1.935483870967742,-27.000767741935437
1604995392397,-0.875,-2.0,26.12230624999996
1604995392429,0.9375,1.75,-26.096537499999958
1604995392460,-1.032258064516129,-2.129032258064516,26.92340645161286
1604995392493,0.9696969696969697,1.8181818181818181,-25.264096969696926
1604995392525,-1.0,-2.125,26.075362499999954
1604995392558,0.9696969696969697,1.9393939393939394,-25.316575757575713
1604995392589,-1.032258064516129,-2.3225806451612905,-25.316575757575713
1604995392621,1.125,2.75,1.3541062500000418
1604995392669,-0.875,-1.5,1.3541062500000418
1604995392701,1.3125,2.1875,37.201075000000046
1604995392733,-0.3125,-1.375,-44.445187500000046
