1604995304795,0.0185546875,0.0166015625,0.0
1604995304827,-0.01171875,0.015625,0.0
1604995304859,-0.009765625,0.01171875,0.0
1604995304892,-0.013774104683195593,0.0036730945821854912,0.0
1604995304923,-0.012486992715920915,0.0,0.0
1604995304955,-0.0068359375,0.001953125,0.0
1604995304988,-0.005509641873278237,0.0036730945821854912,0.0
1604995305020,-0.00390625,0.00390625,-0.07106083984375
1604995305053,-0.004591368227731864,0.0018365472910927456,0.0018149678604224072
1604995305084,-0.003121748178980229,0.0,0.0017721123829344465
1604995305131,-0.0004526935264825713,0.0022634676324128564,0.0005591670439112749
1604995305164,-0.0009182736455463728,0.0027548209366391185,0.001313774104683184
1604995305195,0.002081165452653486,0.007284079084287201,-0.0005500520291363136
1604995305227,0.0009765625,0.0048828125,0.0008775390625000157
1604995305259,0.001953125,-0.0029296875,0.00018251953124998055
1604995305292,0.005509641873278237,0.008264462809917356,0.0
1604995305324,0.00390625,-0.0029296875,0.0
1604995305356,0.00390625,-0.0126953125,0.0
1604995305388,0.00390625,-0.001953125,-8.75976562499936e-05
1604995305420,0.0029296875,0.00390625,-0.0005222656250000041
1604995305452,0.0,0.005859375,0.00011562500000000808
1604995305499,-0.0009053870529651426,0.001358080579447714,0.0006839746491625199
1604995305532,-0.0018365472910927456,0.005509641873278237,-0.00021395775941230862
1604995305563,-0.005202913631633715,0.002081165452653486,0.0011501560874089486
1604995305595,-0.0068359375,0.0029296875,0.0
1604995305628,-0.009182736455463728,0.004591368227731864,0.0
1604995305659,-0.013527575442247659,0.006243496357960458,0.0
1604995305691,-0.017578125,0.0146484375,0.0
1604995305724,-0.021120293847566574,0.015610651974288337,0.0
1604995305755,-0.026014568158168574,0.019771071800208116,0.0
1604995305787,-0.02734375,0.0185546875,0.0
1604995305820,-0.025711662075298437,0.021120293847566574,0.0
1604995305851,-0.029136316337148804,0.018730489073881373,0.02217814776274713
1604995305900,-0.010412328196584756,0.007080383173677634,0.0006385672636401473
1604995305931,-0.022892819979188347,0.01768990634755463,0.0
1604995305964,-0.017447199265381085,0.0073461891643709825,0.003508448117539042
1604995305995,-0.01664932362122789,0.006243496357960458,0.000818106139438064
1604995306027,-0.01171875,0.0009765625,0.0011295898437500007
1604995306059,-0.0087890625,0.0,-0.00015742187499998006
1604995306092,-0.005509641873278237,0.0,-0.0006331496786042329
1604995306123,-0.002081165452653486,0.001040582726326743,-0.0016530697190426783
1604995306155,0.0,-0.0009765625,-0.002472753906249986
1604995306188,0.0036730945821854912,0.0036730945821854912,-0.002643893480257114
1604995306233,0.0034567901234567903,0.0009876543209876543,-0.0011457283950617268
1604995306252,0.030470914127423823,0.00554016620498615,-0.0061623268698061204
1604995306299,0.005885015844273427,0.0018107741059302852,-0.0010078315980081526
1604995306332,0.013774104683195593,0.0027548209366391185,0.0002507805325987139
1604995306363,0.019771071800208116,0.0,0.0002010405827263462
1604995306397,0.01730103806228374,0.0,0.0
1604995306428,0.021852237252861603,0.002081165452653486,0.0
1604995306460,0.021484375,0.0009765625,0.0
1604995306491,0.021852237252861603,0.001040582726326743,0.0
1604995306524,0.020202020202020204,0.0018365472910927456,0.0
1604995306555,0.018730489073881373,-0.008324661810613945,0.0
1604995306587,0.015625,-0.001953125,0.0
1604995306620,0.014692378328741965,0.006427915518824609,0.0
1604995306652,0.015625,0.0009765625,0.0055261718749999855
1604995306699,0.004526935264825713,0.0009053870529651426,-9.234947940244804e-05
1604995306731,0.005859375,-0.001953125,0.0063865234375000135
1604995306764,0.0018365472910927456,0.006427915518824609,0.028926905417814498
1604995306795,0.003121748178980229,-0.03954214360041623,0.0
1604995306828,0.0009182736455463728,-0.011937557392102846,0.0
1604995306859,0.07180020811654526,-0.01768990634755463,0.0
1604995306891,-0.0615234375,-0.0205078125,0.0
1604995306923,-0.025390625,0.001953125,0.0
1604995306956,0.023875114784205693,-0.015610651974288337,0.0
1604995306987,-0.013527575442247659,-0.01040582726326743,0.0
1604995307020,-0.011019283746556474,-0.011937557392102846,0.0
1604995307052,-0.0185546875,-0.0107421875,0.0
1604995307105,-0.006407974368102528,-0.006763972944108224,0.0
1604995307131,-0.02514792899408284,-0.022189349112426034,0.0
1604995307164,-0.012855831037649219,-0.020202020202020204,0.0
1604995307195,-0.014568158168574402,-0.019771071800208116,0.0
1604995307227,-0.01171875,-0.017578125,0.0
1604995307260,-0.012855831037649219,-0.008264462809917356,0.0
1604995307291,-0.013527575442247659,-0.009365244536940686,0.0
1604995307323,-0.013671875,-0.001953125,0.0
1604995307356,-0.012855831037649219,0.0009182736455463728,0.0
1604995307387,-0.014568158168574402,0.004162330905306972,0.0
1604995307420,-0.011019283746556474,0.005509641873278237,0.0
1604995307452,-0.0126953125,0.0087890625,0.0
1604995307501,-0.007496876301541024,0.007913369429404415,0.0
1604995307532,-0.02081165452653486,0.030176899063475548,0.0
1604995307564,-0.0205078125,0.0302734375,0.0
1604995307596,-0.0185546875,0.03515625,0.0
1604995307627,-0.015608740894901144,0.03537981269510926,0.0
1604995307660,-0.010101010101010102,0.023875114784205693,0.0
1604995307692,-0.0078125,0.0205078125,0.0
1604995307724,-0.001953125,0.005859375,0.0
1604995307755,-0.003121748178980229,0.01040582726326743,0.0
1604995307788,-0.0009182736455463728,0.006427915518824609,0.0
1604995307820,0.0,0.0029296875,-0.04656445312499999
1604995307852,0.0,-0.0009765625,0.0013067382812499972
1604995307899,0.0004526935264825713,-0.0004526935264825713,0.0009966047985513853
1604995307931,0.001953125,-0.0048828125,0.0014748046874999976
1604995307964,0.0027548209366391185,0.0009182736455463728,0.0019006427915518702
1604995307995,0.008324661810613945,0.0,0.00464786680541103
1604995308027,0.009765625,-0.00390625,0.0009182617187500075
1604995308059,0.0126953125,-0.00390625,-0.0008108398437499942
1604995308091,0.0146484375,0.0,0.0019013671875000027
1604995308124,0.013774104683195593,0.0,0.0
1604995308156,0.0185546875,-0.001953125,0.0
1604995308188,0.0185546875,0.0009765625,0.0
1604995308220,0.01953125,0.0009765625,0.0
1604995308253,0.02203856749311295,-0.005509641873278237,0.0
1604995308299,0.011342155009451797,-0.0004725897920604915,0.0
1604995308331,0.0224609375,0.0,0.0
1604995308364,0.024793388429752067,-0.0018365472910927456,0.0
1604995308396,0.025390625,-0.0087890625,0.0
1604995308427,0.027055150884495317,-0.005202913631633715,0.0
1604995308459,0.0244140625,-0.00390625,0.0
1604995308491,0.017578125,-0.00390625,0.0
1604995308524,0.015610651974288337,-0.005509641873278237,0.0
1604995308556,0.0087890625,0.001953125,0.0
1604995308588,0.0048828125,-0.001953125,0.0
1604995308620,-0.00390625,-0.005859375,0.0
1604995308652,0.0029296875,0.0087890625,0.0
1604995308699,0.0009053870529651426,-0.004526935264825713,0.0
1604995308732,-0.02295684113865932,-0.018365472910927456,0.0
1604995308764,0.0166015625,-0.0048828125,0.0
1604995308796,-0.005859375,-0.0205078125,0.0
1604995308827,-0.015608740894901144,-0.013527575442247659,0.0
1604995308859,-0.015625,-0.0146484375,0.0
1604995308891,-0.017578125,-0.0166015625,0.0
1604995308923,-0.0205078125,-0.0107421875,0.0
1604995308956,-0.020202020202020204,-0.015610651974288337,0.0
1604995308988,-0.0205078125,-0.021484375,0.0
1604995309020,-0.0205078125,-0.01953125,0.0
1604995309067,-0.009506564056133997,-0.006790402897238569,0.0
1604995309099,-0.0205078125,-0.0078125,0.0
1604995309132,-0.017447199265381085,-0.005509641873278237,0.0
1604995309163,-0.01664932362122789,-0.004162330905306972,0.0
1604995309195,-0.0146484375,0.0009765625,-0.01115888671875001
1604995309229,-0.00865051903114187,0.0017301038062283738,0.0003584775086505195
1604995309259,-0.005555555555555556,0.006666666666666667,0.0
1604995309291,-0.0029296875,0.0087890625,0.0
1604995309323,-0.0009765625,0.0146484375,0.0
1604995309355,-0.0009765625,0.0234375,0.0
1604995309387,0.0029296875,0.0302734375,0.0
1604995309420,0.005509641873278237,0.02938475665748393,0.0
1604995309468,0.00390625,0.015190972222222222,0.0
1604995309500,0.01171875,0.03125,0.0
1604995309532,0.0126953125,0.0302734375,0.0
1604995309564,0.0146484375,0.0234375,0.0
1604995309595,0.015608740894901144,0.021852237252861603,0.0
1604995309627,0.0185546875,0.01953125,0.0
1604995309660,0.008264462809917356,0.0073461891643709825,0.0
1604995309691,0.01664932362122789,0.014568158168574402,0.0
1604995309723,0.0166015625,0.0029296875,0.0
1604995309756,0.011019283746556474,0.004591368227731864,0.0
1604995309787,0.012486992715920915,-0.005202913631633715,0.0
1604995309820,0.005509641873278237,-0.006427915518824609,0.0
1604995309869,0.0020824656393169513,0.00041649312786339027,0.0
1604995309901,0.0009765625,-0.01953125,0.0
1604995309932,0.002081165452653486,-0.004162330905306972,0.06254817898022894
1604995309963,-0.002081165452653486,-0.011446409989594173,0.0
1604995309995,-0.0078125,-0.013671875,0.0
1604995310027,0.0,-0.0087890625,0.0
1604995310059,0.0087890625,-0.015625,0.0
1604995310091,-0.0048828125,-0.0185546875,0.0
1604995310125,-0.0034602076124567475,-0.018166089965397925,0.0
1604995310155,-0.005555555555555556,-0.024444444444444446,0.0
1604995310187,-0.0029296875,-0.0263671875,0.0
1604995310220,0.0,-0.025711662075298437,0.0
1604995310267,-0.0022634676324128564,-0.011770031688546853,0.0
1604995310299,-0.0048828125,-0.025390625,0.0
1604995310331,-0.0068359375,-0.0224609375,0.0
1604995310364,-0.006427915518824609,-0.014692378328741965,0.0
1604995310395,-0.01040582726326743,-0.008324661810613945,0.0
1604995310427,-0.0107421875,-0.005859375,0.0
1604995310459,-0.009765625,-0.0048828125,0.0
1604995310491,-0.009765625,-0.001953125,-0.05526474609375001
1604995310523,-0.009765625,0.0,-0.0002484374999999761
1604995310556,-0.006427915518824609,0.0009182736455463728,-0.0008241505968778769
1604995310588,-0.0068359375,0.0029296875,0.0
1604995310621,-0.005509641873278237,0.005509641873278237,0.0
1604995310667,-0.0033081285444234404,0.003780718336483932,0.0
1604995310699,-0.0107421875,0.017578125,0.0
1604995310731,-0.0126953125,0.021484375,0.0
1604995310765,-0.012110726643598616,0.02162629757785467,0.0
1604995310795,-0.014444444444444444,0.028888888888888888,0.0
1604995310827,-0.0126953125,0.0244140625,0.0
1604995310859,-0.013671875,0.021484375,0.0
1604995310892,-0.009182736455463728,0.020202020202020204,0.0
1604995310923,-0.008324661810613945,0.019771071800208116,0.0
1604995310955,-0.0068359375,0.0185546875,0.0
1604995311004,-0.0012494793835901709,0.0058309037900874635,0.0
1604995311027,-0.005671077504725898,0.01890359168241966,0.0
1604995311067,-0.00125,0.004375,0.0
1604995311099,0.0,0.0048828125,0.0
1604995311131,-0.0009765625,0.00390625,0.03869492187499998
1604995311163,0.0,0.0,0.001805859375000024
1604995311195,0.001953125,0.0029296875,0.0017322265624999944
1604995311227,0.0009765625,-0.0029296875,0.0012968750000000029
1604995311259,0.001953125,-0.0029296875,0.00011533203124999836
1604995311291,0.0029296875,-0.00390625,-3.916015624999547e-05
1604995311324,0.0036730945821854912,-0.0027548209366391185,-0.0010467401285583209
1604995311356,0.0048828125,-0.0009765625,-0.0013718749999999946
1604995311389,0.0073461891643709825,0.0018365472910927456,-0.0015666666666666596
1604995311420,0.008324661810613945,0.002081165452653486,0.0006296566077003049
1604995311467,0.004526935264825713,0.0,0.0004358080579447641
1604995311500,0.010101010101010102,0.0036730945821854912,0.00047217630853996017
1604995311531,0.013527575442247659,0.002081165452653486,0.0014514047866805448
1604995311563,0.0146484375,0.001953125,0.0006990234375000015
1604995311595,0.015625,0.00390625,0.0005921874999999799
1604995311628,0.01652892561983471,0.0027548209366391185,0.0005324150596877923
1604995311659,0.018730489073881373,0.003121748178980229,0.0013740894901144742
1604995311691,0.0185546875,-0.0009765625,0.0007451171875000051
1604995311723,0.0185546875,0.0087890625,0.0013789062499999782
1604995311756,0.017447199265381085,-0.0009182736455463728,0.0009600550964187365
1604995311789,0.01652892561983471,0.0036730945821854912,0.0005584022038567561
1604995311819,0.015555555555555555,-0.0022222222222222222,0.0005807777777777624
1604995311876,0.0052323791935980305,0.0003077870113881194,-5.05078485687875e-05
1604995311900,0.020833333333333332,-0.019097222222222224,0.00023385416666668292
1604995311932,0.01171875,0.0,-0.002321093750000003
1604995311963,0.008324661810613945,-0.001040582726326743,0.0008471383975025976
1604995311995,0.009765625,-0.0029296875,0.0006463867187500028
1604995312027,0.0048828125,-0.0029296875,0.0012706054687499913
1604995312060,0.004591368227731864,-0.004591368227731864,0.0015980716253443702
1604995312091,0.007284079084287201,-0.003121748178980229,-0.002446514047866808
1604995312124,0.0018365472910927456,-0.0073461891643709825,-0.0007297520661157079
1604995312155,-0.001040582726326743,-0.015608740894901144,0.0008534859521331944
1604995312189,0.0,0.0,0.0007487024221453264
1604995312220,0.006243496357960458,-0.01664932362122789,0.0
1604995312267,-0.004526935264825713,-0.013580805794477138,0.0
1604995312300,0.0018365472910927456,-0.011019283746556474,0.0
1604995312331,0.005202913631633715,-0.027055150884495317,0.0
1604995312363,-0.0068359375,-0.0126953125,0.0
1604995312395,-0.0087890625,-0.021484375,0.0
1604995312427,-0.0087890625,-0.021484375,0.0
1604995312459,-0.0107421875,-0.021484375,0.0
1604995312492,-0.010101010101010102,-0.018365472910927456,0.0
1604995312523,-0.012486992715920915,-0.01768990634755463,0.0
1604995312555,-0.0126953125,-0.01171875,0.0
1604995312588,-0.012855831037649219,-0.004591368227731864,0.0
1604995312635,-0.006790402897238569,-0.001358080579447714,0.0
1604995312667,-0.01171875,-0.001953125,0.0
1604995312700,-0.010101010101010102,0.0,0.0
1604995312732,-0.009765625,0.001953125,0.0
1604995312763,-0.008324661810613945,0.005202913631633715,0.0
1604995312795,-0.0087890625,0.0087890625,0.0
1604995312827,-0.013671875,0.017578125,0.0
1604995312859,-0.01171875,0.0234375,0.0
1604995312891,-0.01171875,0.029296875,0.0
1604995312924,-0.011019283746556474,0.02938475665748393,0.0
1604995312956,-0.0087890625,0.0361328125,0.0
1604995312989,-0.005509641873278237,0.03397612488521579,0.0
1604995313035,-0.000945179584120983,0.014177693761814745,0.0
1604995313068,0.0,0.02938475665748393,0.0
1604995313099,0.001040582726326743,0.026014568158168574,0.0
1604995313132,0.0036730945821854912,0.017447199265381085,0.0
1604995313163,0.003121748178980229,0.007284079084287201,0.0
1604995313195,0.00390625,0.0078125,0.0
1604995313227,-0.0009765625,0.0107421875,0.0
1604995313260,0.0027548209366391185,0.0018365472910927456,-0.004820661157024784
1604995313292,0.0029296875,-0.0009765625,0.0009388671874999976
1604995313323,0.01040582726326743,-0.003121748178980229,-0.0036188345473465128
1604995313356,0.0036730945821854912,-0.0027548209366391185,0.005255555555555551
1604995313403,0.0018107741059302852,-0.002716161158895428,0.0008425079221367105
1604995313435,0.0048828125,-0.001953125,0.0028644531249999994
1604995313467,0.01171875,-0.0126953125,-0.0034565429687500038
1604995313499,0.009765625,-0.01171875,-0.0014494140624999874
1604995313531,0.0107421875,-0.009765625,-0.0023440429687500153
1604995313563,0.0107421875,-0.00390625,-0.002428808593749998
1604995313596,0.010101010101010102,-0.012855831037649219,-0.0028936639118457195
1604995313628,0.009765625,-0.0107421875,-0.0021923828125000044
1604995313666,0.006925207756232687,-0.007617728531855956,-0.0020849722991689848
1604995313694,0.012755102040816327,-0.025510204081632654,-0.0033020408163265203
1604995313723,0.009512485136741973,-0.020214030915576695,-0.002981926278240194
1604995313756,0.009182736455463728,-0.017447199265381085,0.0
1604995313803,0.004526935264825713,-0.008148483476686284,0.0
1604995313836,0.006427915518824609,-0.013774104683195593,0.0
1604995313867,0.007284079084287201,-0.01768990634755463,0.0
1604995313899,0.0029296875,-0.005859375,0.0
1604995313931,0.00390625,-0.0087890625,-0.003701074218749989
1604995313963,0.0009765625,-0.005859375,5.957031250000688e-05
1604995313996,0.0009182736455463728,-0.0036730945821854912,0.0005776859504132176
1604995314027,-0.002081165452653486,0.0,-0.0004781477627471294
1604995314060,-0.0027548209366391185,0.0027548209366391185,0.0
1604995314091,-0.005202913631633715,0.0,0.0
1604995314124,-0.005509641873278237,0.004591368227731864,0.0
1604995314156,-0.0087890625,-0.0009765625,0.0
1604995314188,-0.0078125,-0.0009765625,0.0
1604995314235,-0.004074241738343142,-0.0009053870529651426,0.0
1604995314267,-0.013671875,-0.0029296875,0.0
1604995314300,-0.015610651974288337,-0.0018365472910927456,0.0
1604995314331,-0.019771071800208116,-0.003121748178980229,0.0
1604995314363,-0.0205078125,-0.00390625,0.0
1604995314395,-0.01953125,-0.0048828125,0.0
1604995314427,-0.01953125,-0.005859375,0.0
1604995314459,-0.017578125,-0.0048828125,0.0
1604995314492,-0.015610651974288337,-0.0036730945821854912,0.0
1604995314523,-0.014568158168574402,-0.003121748178980229,0.0
1604995314556,-0.011019283746556474,-0.0009182736455463728,0.0
1604995314620,-0.002197265625,0.000244140625,0.0
1604995314641,-0.022675736961451247,0.006802721088435374,0.0
1604995314667,-0.005917159763313609,0.008875739644970414,0.0
1604995314700,-0.0018365472910927456,0.008264462809917356,0.0
1604995314732,0.0,0.0126953125,0.0
1604995314763,0.002081165452653486,0.018730489073881373,0.0
1604995314795,0.001953125,0.0185546875,0.0
1604995314827,0.0048828125,0.01953125,0.0
1604995314859,0.00390625,0.0205078125,0.0
1604995314891,0.00390625,0.0205078125,0.0
1604995314925,0.006920415224913495,0.019896193771626297,0.0
1604995314957,0.0048828125,0.0146484375,0.0
1604995315003,0.0033081285444234404,0.008034026465028356,0.0
1604995315036,0.0073461891643709825,0.006427915518824609,0.01068163452708906
1604995315067,0.008324661810613945,0.007284079084287201,0.001619458896982303
1604995315100,0.0018365472910927456,0.0027548209366391185,0.0008690541781450976
1604995315132,0.001953125,0.001953125,0.0016059570312499938
1604995315163,0.004162330905306972,0.001040582726326743,0.0004543184183142545
1604995315195,0.0078125,-0.0009765625,0.000904687500000001
1604995315227,0.005859375,0.0,0.001193261718750005
1604995315260,0.0009182736455463728,-0.008264462809917356,0.0009867768595041358
1604995315291,0.006243496357960458,-0.007284079084287201,-0.00036108220603538855
1604995315323,0.0048828125,-0.005859375,-0.0018526367187499948
1604995315357,0.009515570934256055,-0.0034602076124567475,-0.0028264705882353022
1604995315403,0.0033081285444234404,-0.003780718336483932,-0.0017285916824196623
1604995315435,0.0068359375,-0.0078125,-0.0004033203124999829
1604995315468,0.009182736455463728,-0.0009182736455463728,-0.0019475665748393076
1604995315499,0.01040582726326743,0.07388137356919876,0.0
1604995315532,0.011019283746556474,-0.06519742883379247,0.0
1604995315564,0.0126953125,-0.0009765625,0.0
1604995315595,0.013527575442247659,-0.02809573361082206,0.0
1604995315627,0.0107421875,0.009765625,0.0
1604995315659,0.0107421875,-0.0341796875,0.0
1604995315691,0.009765625,-0.0126953125,0.0
1604995315723,0.0146484375,-0.0126953125,0.0
1604995315757,-0.0017301038062283738,-0.005190311418685121,0.0
1604995315805,0.001736111111111111,0.00043402777777777775,-0.006003602430555557
1604995315836,0.002081165452653486,-0.004162330905306972,-0.002822372528616024
1604995315882,-0.001890359168241966,-0.000945179584120983,0.0
1604995315901,-0.01662049861495845,-0.0110803324099723,0.0
1604995315931,-0.01,0.0,0.0
1604995315963,-0.0087890625,-0.00390625,0.0
1604995315995,-0.0107421875,-0.009765625,0.0
1604995316032,-0.007304601899196494,-0.009495982468955442,0.0
1604995316059,-0.02194787379972565,-0.015089163237311385,0.0
1604995316091,-0.015625,-0.0078125,0.0
1604995316123,-0.017578125,-0.0078125,0.0
1604995316157,-0.014705882352941176,-0.0008650519031141869,0.0
1604995316203,-0.007088846880907372,-0.0023629489603024575,0.0
1604995316236,-0.009182736455463728,-0.008264462809917356,0.0
1604995316267,-0.007284079084287201,-0.008324661810613945,0.0
1604995316299,-0.005859375,-0.009765625,0.0
1604995316332,-0.0027548209366391185,-0.008264462809917356,0.0
1604995316363,0.0,-0.01040582726326743,0.0
1604995316395,0.00390625,-0.0146484375,0.0
1604995316427,0.005859375,-0.0126953125,0.0
1604995316460,0.006427915518824609,-0.017447199265381085,0.0
1604995316491,0.008324661810613945,-0.018730489073881373,0.0
