1604989248317,-0.48484848484848486,0.9090909090909091,0.0
1604989248349,0.25,-1.0,0.0
1604989248380,-0.25806451612903225,0.8387096774193549,0.0
1604989248412,0.1875,-0.875,0.0
1604989248444,-0.125,0.875,0.0
1604989248476,0.125,-1.0625,0.0
1604989248509,0.0,1.1515151515151516,0.0
1604989248557,0.08333333333333333,-0.7916666666666666,0.0
1604989248590,-0.12121212121212122,0.8484848484848485,5.873187878787879
1604989248620,0.26666666666666666,-0.8666666666666667,5.873187878787879
1604989248652,-0.1875,1.25,37.141225000000006
1604989248684,0.25,-1.8125,-44.90961250000001
1604989248716,-0.625,2.0,44.871993750000016
1604989248748,1.0,-2.0,-44.865993750000015
1604989248780,-1.0,1.875,44.88498750000001
1604989248812,1.0625,-2.0,-44.910337500000004
1604989248844,-0.75,2.125,44.885725
1604989248877,0.24242424242424243,-2.5454545454545454,-43.534624242424236
1604989248909,0.0,2.75,44.891375
1604989248957,0.08333333333333333,-1.8333333333333333,-29.940716666666663
1604989248988,-0.12903225806451613,2.903225806451613,46.37093548387096
1604989249020,0.1875,-2.75,-44.898112499999996
1604989249052,-0.125,2.875,44.89484999999999
1604989249084,0.3125,-2.5,44.89484999999999
1604989249116,-0.625,2.3125,44.89484999999999
1604989249148,1.0,-1.6875,44.89484999999999
1604989249180,-1.1875,1.5,44.89484999999999
1604989249212,1.3125,-1.375,44.89484999999999
1604989249244,-1.25,1.75,44.89484999999999
1604989249276,1.3125,-1.8125,44.89484999999999
1604989249310,-1.1764705882352942,0.7647058823529411,44.89484999999999
1604989249359,0.7755102040816326,-0.20408163265306123,44.89484999999999
1604989249390,-1.1612903225806452,-0.3870967741935484,44.89484999999999
1604989249420,0.9333333333333333,0.6666666666666666,44.89484999999999
1604989249452,-1.0625,-0.375,44.89484999999999
1604989249484,1.5625,0.1875,-51.430649999999986
1604989249516,-2.5,-0.5,41.25994999999999
1604989249548,3.375,1.0625,-41.40773749999999
1604989249580,-3.625,-1.6875,41.21217499999999
1604989249612,3.8125,1.75,-41.128737499999986
1604989249644,-4.25,-1.5,41.17138124999998
1604989249677,4.303030303030303,1.3333333333333333,-39.818078787878775
1604989249709,-4.5625,-1.375,41.09398749999998
1604989249757,3.125,0.9583333333333334,-27.500524999999985
1604989249789,-4.8125,-1.625,41.34848749999998
1604989249820,4.709677419354839,1.6774193548387097,-42.73936774193547
1604989249852,-4.25,-1.6875,41.33389374999999
1604989249884,4.0625,1.4375,-41.40429999999999
1604989249916,-3.875,-0.8125,41.39508124999999
1604989249948,3.875,0.5,-41.35227499999999
1604989249980,-4.0625,-0.4375,41.40328749999999
1604989250012,4.125,0.1875,-41.48919999999999
1604989250044,-3.9375,0.0,41.501362499999985
1604989250077,3.696969696969697,0.06060606060606061,-40.20376969696969
1604989250110,-3.696969696969697,-0.30303030303030304,40.239490909090904
1604989250156,2.6956521739130435,0.34782608695652173,-28.918839130434772
1604989250188,-4.125,-0.5,41.63681874999999
1604989250220,4.375,0.5,-41.73820624999999
1604989250252,-4.625,-0.625,41.80186874999999
1604989250284,4.75,0.8125,-41.76403749999999
1604989250316,-4.625,-1.125,41.72504375
1604989250348,4.4375,1.4375,-41.758
1604989250380,-4.4375,-1.5625,41.665031250000006
1604989250412,4.375,1.625,-41.40534375000001
1604989250444,-4.1875,-1.875,40.98450000000001
1604989250476,3.9375,1.9375,-40.830981250000015
1604989250510,-3.588235294117647,-1.7647058823529411,38.29970588235295
1604989250557,2.425531914893617,1.2765957446808511,-27.73032340425533
1604989250591,-3.411764705882353,-1.8823529411764706,38.33282941176472
1604989250620,3.8620689655172415,2.2758620689655173,-44.952903448275876
1604989250652,-3.375,-2.0625,40.74534375000001
1604989250684,3.5625,2.25,40.74534375000001
1604989250716,-3.8125,-2.75,40.74534375000001
1604989250748,3.8125,2.75,40.74534375000001
1604989250780,-4.0625,-2.9375,40.74534375000001
1604989250812,4.4375,3.0,40.74534375000001
1604989250844,-4.25,-2.875,40.74534375000001
1604989250876,4.0,2.6875,40.74534375000001
1604989250908,-3.9375,-2.625,40.74534375000001
1604989250957,2.6122448979591835,1.6734693877551021,40.74534375000001
1604989250990,-3.878787878787879,-2.4242424242424243,40.74534375000001
1604989251021,4.193548387096774,2.6451612903225805,40.74534375000001
1604989251052,-4.193548387096774,-2.6451612903225805,40.74534375000001
1604989251084,4.125,2.5625,40.74534375000001
1604989251116,-4.125,-2.5,40.74534375000001
1604989251148,4.125,2.625,-53.62916875000002
1604989251180,-4.0,-2.5,45.24843125000002
1604989251212,3.75,2.4375,-45.24980625000002
1604989251244,-3.25,-2.0,45.28496250000002
1604989251277,2.9696969696969697,1.7575757575757576,-43.90864242424244
1604989251310,-3.0303030303030303,-1.6363636363636365,43.91850909090911
1604989251356,2.217391304347826,1.0869565217391304,-31.502021739130452
1604989251388,-3.1875,-1.5,45.27285000000002
1604989251420,3.1875,1.5625,-45.253331250000016
1604989251452,-3.1875,-1.5625,45.25831250000002
1604989251484,3.1875,1.6875,-45.252550000000014
1604989251516,-3.0625,-1.5,-45.252550000000014
1604989251549,2.9696969696969697,1.5757575757575757,-45.252550000000014
1604989251580,-3.161290322580645,-1.4838709677419355,-45.252550000000014
1604989251612,3.125,1.5,-45.252550000000014
1604989251644,-3.125,-1.125,-45.252550000000014
1604989251676,3.125,0.875,-45.252550000000014
1604989251708,-3.125,-0.8125,-45.252550000000014
1604989251756,2.125,0.5416666666666666,-45.252550000000014
1604989251788,-3.125,-0.75,-45.252550000000014
1604989251820,3.0625,0.4375,-45.252550000000014
1604989251852,-2.9375,-0.5,-45.252550000000014
1604989251884,2.875,0.3125,-18.11025000000002
1604989251921,-2.4324324324324325,-0.7567567567567568,6.838794594594609
1604989251948,3.3333333333333335,1.7037037037037037,-9.358155555555573
1604989251980,-3.0,-1.5625,7.860643750000012
1604989252012,3.125,1.25,-7.88033125000001
1604989252045,-3.272727272727273,-1.5151515151515151,7.667369696969707
1604989252077,3.6875,2.3125,-7.93848750000001
1604989252124,-2.765957446808511,-1.702127659574468,5.411348936170218
1604989252156,4.125,2.5625,-8.040487500000006
1604989252188,-4.3125,-3.1875,7.919781250000005
1604989252220,4.5,3.625,-7.954075000000005
1604989252252,-4.625,-3.75,8.008431250000005
1604989252284,4.75,4.0,-7.964212500000004
1604989252315,-5.354838709677419,-4.451612903225806,8.343606451612906
1604989252348,5.454545454545454,4.242424242424242,-7.899509090909093
1604989252380,-5.375,-4.3125,8.107462500000004
1604989252411,4.903225806451613,4.32258064516129,-8.427258064516135
1604989252444,-4.303030303030303,-4.0606060606060606,7.862769696969701
1604989252477,4.242424242424242,4.121212121212121,-7.856127272727275
1604989252525,-2.9583333333333335,-2.9583333333333335,5.478416666666668
1604989252556,4.709677419354839,4.903225806451613,-8.638303225806453
1604989252588,-4.5625,-4.9375,8.428350000000002
1604989252620,4.1875,5.0625,-8.374093750000002
1604989252652,-3.5625,-5.25,8.293137500000002
1604989252684,2.9375,5.375,-8.266100000000003
1604989252717,-2.6666666666666665,-5.2727272727272725,8.136733333333337
1604989252748,3.096774193548387,5.612903225806452,-8.815987096774197
1604989252781,-2.8484848484848486,-5.212121212121212,8.296830303030305
1604989252813,2.75,5.3125,-8.544506250000003
1604989252845,-2.9375,-5.3125,8.572000000000003
1604989252878,3.0303030303030303,5.03030303030303,-8.40006666666667
1604989252924,-2.130434782608696,-3.6956521739130435,6.055256521739131
1604989252956,2.875,5.4375,-8.8074
1604989252988,-3.125,-5.8125,8.8401625
1604989253020,3.4375,6.125,-8.941606250000001
1604989253052,-3.5,-6.25,8.871737500000002
1604989253084,3.3125,6.1875,-8.797425000000002
1604989253116,-3.3125,-6.125,8.749387500000003
1604989253148,3.3125,6.3125,-8.777525000000002
1604989253181,-3.212121212121212,-6.484848484848484,-8.777525000000002
1604989253213,3.5,7.5625,-8.777525000000002
1604989253244,-4.129032258064516,-8.774193548387096,-8.777525000000002
1604989253278,4.235294117647059,8.294117647058824,-8.777525000000002
1604989253324,-3.3043478260869565,-6.304347826086956,-8.777525000000002
1604989253356,4.6875,8.9375,-8.777525000000002
1604989253388,-4.5625,-8.8125,-8.777525000000002
1604989253420,4.5625,8.75,-8.777525000000002
1604989253452,-4.5625,-8.6875,-8.777525000000002
1604989253484,4.625,8.625,-8.777525000000002
1604989253516,-4.625,-8.5,-8.777525000000002
1604989253548,4.6875,8.5,18.462681249999996
1604989253580,-4.6875,-8.5,-26.150937499999998
1604989253612,4.6875,8.625,26.167756249999996
1604989253645,-4.545454545454546,-8.363636363636363,-25.342909090909092
1604989253676,4.903225806451613,8.903225806451612,26.96710322580645
1604989253725,-3.1020408163265305,-5.510204081632653,-17.05101632653061
1604989253756,4.967741935483871,8.709677419354838,26.98126451612903
1604989253788,-4.75,-8.3125,-26.129231249999997
1604989253820,4.75,8.3125,26.129418749999992
1604989253852,-4.6875,-8.1875,-26.09059999999999
1604989253885,4.484848484848484,7.9393939393939394,25.289315151515144
1604989253916,-4.709677419354839,-8.387096774193548,-26.89792258064515
1604989253948,4.5625,8.1875,26.06948124999999
1604989253980,-4.5625,-8.25,-26.07131249999999
1604989254012,4.625,8.375,26.07856249999999
1604989254046,-4.294117647058823,-7.705882352941177,26.07856249999999
1604989254077,4.838709677419355,8.64516129032258,26.07856249999999
1604989254125,-3.0833333333333335,-5.458333333333333,26.07856249999999
1604989254157,4.625,8.375,26.07856249999999
1604989254189,-4.625,-8.4375,26.07856249999999
1604989254221,4.6875,8.4375,26.07856249999999
1604989254252,-4.838709677419355,-8.709677419354838,26.07856249999999
1604989254284,4.6875,8.125,26.07856249999999
1604989254316,-4.6875,-7.9375,26.07856249999999
1604989254348,4.625,7.75,26.07856249999999
1604989254380,-4.5,-8.0625,26.07856249999999
1604989254411,4.451612903225806,8.258064516129032,26.07856249999999
1604989254444,-4.121212121212121,-7.878787878787879,-30.9389515151515
1604989254478,3.8823529411764706,7.647058823529412,20.676052941176458
1604989254524,-2.739130434782609,-5.6521739130434785,-15.302152173913033
1604989254556,3.75,7.875,21.981631249999985
1604989254588,-3.8125,-7.375,-21.94914999999998
1604989254620,3.875,7.0,21.835462499999984
1604989254652,-4.0625,-6.8125,-21.792749999999984
1604989254684,4.0625,6.625,21.793431249999983
1604989254716,-4.0,-6.6875,-21.774924999999982
1604989254748,4.125,7.0,21.717318749999983
1604989254780,-4.5,-7.25,-21.70214374999998
1604989254812,4.75,7.3125,21.67263749999998
1604989254845,-4.909090909090909,-7.151515151515151,-20.978854545454528
1604989254876,5.354838709677419,7.548387096774194,22.265058064516108
1604989254924,-3.3333333333333335,-4.791666666666667,-14.419929166666654
1604989254956,5.125,7.125,21.62228124999998
1604989254989,-5.212121212121212,-6.96969696969697,-20.9048121212121
1604989255020,5.354838709677419,7.483870967741935,22.24673548387095
1604989255052,-4.75,-7.375,-21.609556249999983
1604989255084,4.75,7.625,21.558462499999987
1604989255117,-5.03030303030303,-7.515151515151516,-20.76894545454544
1604989255147,5.933333333333334,8.266666666666667,22.725706666666657
1604989255180,-5.636363636363637,-7.454545454545454,-20.625163636363627
1604989255212,5.75,7.5,21.38011249999999
1604989255245,-5.454545454545454,-7.090909090909091,-20.860430303030295
1604989255277,5.875,7.375,21.55465624999999
1604989255324,-4.51063829787234,-5.276595744680851,-14.664008510638293
1604989255356,7.4375,8.125,21.43561249999999
1604989255388,-7.625,-8.3125,-21.388843749999992
1604989255420,7.125,8.3125,21.464524999999988
1604989255452,-6.6875,-8.375,-21.53944374999999
1604989255484,6.625,8.5625,21.538306249999987
1604989255516,-6.5625,-8.75,-21.569881249999987
1604989255548,6.375,8.5625,21.562931249999988
1604989255581,-6.0,-8.181818181818182,-20.958060606060595
1604989255612,5.870967741935484,8.774193548387096,22.44065806451612
1604989255645,-5.212121212121212,-8.424242424242424,-21.231090909090902
1604989255692,3.574468085106383,6.0,14.818199999999992
1604989255725,-5.151515151515151,-8.606060606060606,-21.012454545454535
1604989255756,5.870967741935484,9.290322580645162,22.258032258064507
1604989255788,-6.0625,-9.125,-21.56721249999999
1604989255820,6.0,8.9375,21.619893749999992
1604989255852,-5.875,-8.8125,21.619893749999992
1604989255884,6.0625,9.0625,21.619893749999992
1604989255916,-6.25,-9.3125,21.619893749999992
1604989255948,5.9375,9.3125,21.619893749999992
1604989255980,-5.6875,-9.625,21.619893749999992
1604989256013,5.575757575757576,9.333333333333334,21.619893749999992
1604989256045,-5.375,-9.0625,21.619893749999992
1604989256092,3.3617021276595747,5.787234042553192,21.619893749999992
1604989256124,-4.8125,-8.5,21.619893749999992
1604989256156,4.6875,8.5625,21.619893749999992
1604989256188,-4.625,-8.6875,21.619893749999992
1604989256221,4.484848484848484,8.545454545454545,21.619893749999992
1604989256252,-4.838709677419355,-9.225806451612904,21.619893749999992
1604989256285,4.666666666666667,8.787878787878787,21.619893749999992
1604989256316,-4.967741935483871,-9.225806451612904,21.619893749999992
1604989256348,4.875,8.9375,21.619893749999992
1604989256380,-4.875,-8.875,-34.689218749999995
1604989256413,4.7272727272727275,8.666666666666666,26.07844848484848
1604989256461,-3.25,-5.916666666666667,-17.92019583333333
1604989256493,4.9375,9.0625,26.918331249999998
1604989256525,-4.875,-9.0,-26.905493749999998
1604989256557,4.875,9.0,26.906699999999997
1604989256589,-4.875,-8.9375,-26.889481249999996
1604989256621,4.9375,9.0,26.869999999999997
1604989256653,-4.9375,-8.8125,-26.819137499999997
1604989256684,5.096774193548387,9.096774193548388,27.666296774193547
1604989256716,-4.875,-8.8125,27.666296774193547
1604989256748,4.9375,9.0,27.666296774193547
1604989256780,-4.875,-9.0,27.666296774193547
1604989256812,4.875,9.25,27.666296774193547
1604989256846,-4.529411764705882,-8.529411764705882,27.666296774193547
1604989256893,3.234042553191489,6.085106382978723,27.666296774193547
1604989256924,-4.838709677419355,-9.161290322580646,27.666296774193547
1604989256956,4.8125,8.9375,27.666296774193547
1604989256988,-4.9375,-8.875,27.666296774193547
1604989257020,5.0,8.4375,27.666296774193547
1604989257052,-5.0,-8.1875,27.666296774193547
1604989257085,4.848484848484849,7.818181818181818,27.666296774193547
1604989257116,-5.161290322580645,-8.64516129032258,27.666296774193547
1604989257148,4.875,8.3125,27.666296774193547
1604989257180,-4.875,-8.4375,-31.944856249999994
1604989257212,5.0,8.3125,22.077137499999996
1604989257245,-4.96969696969697,-8.0,-21.364739393939388
1604989257292,3.5319148936170213,5.617021276595745,14.989506382978721
1604989257325,-5.090909090909091,-8.121212121212121,-21.396793939393934
1604989257356,5.419354838709677,8.516129032258064,22.758135483870966
1604989257388,-5.25,-7.75,-22.054762499999995
1604989257420,5.0,6.9375,22.041849999999997
1604989257452,-4.6875,-5.9375,-22.07243125
1604989257484,4.4375,5.0,22.061331250000002
1604989257516,-4.375,-4.5,-22.083031250000005
1604989257549,4.303030303030303,4.303030303030303,21.399915151515152
1604989257580,-4.774193548387097,-4.903225806451613,-22.75915483870968
1604989257613,4.424242424242424,4.909090909090909,21.36701212121212
1604989257646,-4.0,-4.909090909090909,-21.41292727272727
1604989257693,2.4680851063829787,3.234042553191489,15.070204255319146
1604989257724,-3.6774193548387095,-4.516129032258065,-22.864077419354835
1604989257756,3.75,4.3125,22.100593749999994
1604989257788,-3.8125,-4.375,-22.074662499999995
1604989257820,3.8125,4.4375,22.003499999999992
1604989257852,-3.9375,-4.5,-22.002749999999992
1604989257884,3.875,4.4375,22.049793749999992
1604989257915,-3.7419354838709675,-4.580645161290323,-22.81687741935483
1604989257948,3.3333333333333335,4.303030303030303,21.471369696969695
1604989257981,-3.3333333333333335,-4.242424242424242,-21.470654545454543
1604989258012,3.806451612903226,4.580645161290323,22.83507741935484
1604989258044,-3.9375,-4.4375,-22.090643749999998
1604989258092,2.75,2.9583333333333335,14.702575000000001
1604989258124,-4.4375,-4.5625,-22.01534375
1604989258156,4.75,4.75,21.950543749999994
1604989258188,-4.9375,-4.9375,-21.949749999999995
1604989258220,5.0,4.9375,21.939237499999994
1604989258252,-5.0625,-4.9375,-21.979137499999993
1604989258284,4.9375,4.6875,21.950306249999993
1604989258315,-5.032258064516129,-4.709677419354839,-22.662083870967738
1604989258348,4.606060606060606,4.545454545454546,21.261309090909087
1604989258381,-4.606060606060606,-4.484848484848484,-21.289484848484847
1604989258413,4.6875,4.5625,21.99239374999999
1604989258445,-4.625,-4.625,-22.063643749999994
1604989258492,3.148936170212766,3.234042553191489,15.019927659574465
1604989258524,-4.625,-4.9375,-22.06029375
1604989258557,4.424242424242424,4.666666666666667,-22.06029375
1604989258588,-4.516129032258065,-4.580645161290323,-22.06029375
1604989258620,4.1875,3.8125,-22.06029375
1604989258652,-4.1875,-3.625,-22.06029375
1604989258684,4.25,3.625,-22.06029375
1604989258715,-4.387096774193548,-3.870967741935484,-22.06029375
1604989258748,4.0606060606060606,3.6363636363636362,-22.06029375
1604989258780,-4.125,-3.75,-22.06029375
1604989258813,4.0,3.696969696969697,-22.06029375
1604989258845,-4.0625,-3.9375,-22.06029375
1604989258892,2.723404255319149,2.6382978723404253,-22.06029375
1604989258924,-4.0,-3.8125,-22.06029375
1604989258956,4.0625,3.875,-22.06029375
1604989258988,-4.125,-4.0,-22.06029375
1604989259021,4.121212121212121,3.9393939393939394,-22.06029375
1604989259052,-4.451612903225806,-4.193548387096774,-22.06029375
1604989259084,4.3125,4.0625,-22.06029375
1604989259116,-4.25,-3.9375,-0.9757562499999963
1604989259148,4.3125,3.9375,-0.9757562499999963
1604989259181,-4.181818181818182,-3.696969696969697,25.145254545454552
1604989259214,4.242424242424242,3.878787878787879,-31.578060606060614
1604989259261,-3.021276595744681,-2.723404255319149,22.160493617021277
1604989259292,4.645161290322581,4.258064516129032,-33.58361935483871
1604989259324,-4.5,-4.125,32.584950000000006
1604989259356,4.5,4.1875,-32.59551250000001
1604989259388,-4.5,-4.1875,32.59960625000001
1604989259419,4.774193548387097,4.451612903225806,-33.610574193548395
1604989259452,-4.606060606060606,-4.0606060606060606,31.5376
1604989259484,4.8125,4.25,-32.48400000000001
1604989259516,-4.8125,-4.1875,-32.48400000000001
1604989259548,4.75,4.25,-32.48400000000001
1604989259581,-4.545454545454546,-4.0,-32.48400000000001
1604989259613,4.6875,4.1875,-32.48400000000001
1604989259661,-3.0833333333333335,-2.75,-32.48400000000001
1604989259693,4.625,4.1875,-32.48400000000001
1604989259724,-4.709677419354839,-4.193548387096774,-32.48400000000001
1604989259756,4.6875,4.0,-32.48400000000001
1604989259788,-4.75,-4.0625,-32.48400000000001
1604989259820,4.75,4.0,-32.48400000000001
1604989259852,-4.75,-4.0625,-32.48400000000001
1604989259884,4.75,4.0,-32.48400000000001
1604989259916,-4.8125,-4.125,-32.48400000000001
1604989259949,4.7272727272727275,4.181818181818182,-32.48400000000001
1604989259981,-4.875,-4.5625,-32.48400000000001
1604989260014,4.7272727272727275,4.242424242424242,-32.48400000000001
1604989260060,-3.4347826086956523,-3.0434782608695654,-32.48400000000001
1604989260092,4.9375,4.5,-10.478412500000001
1604989260124,-4.9375,-5.3125,0.7666749999999993
1604989260157,4.787878787878788,6.0,-0.7793454545454538
1604989260188,-5.096774193548387,-7.096774193548387,0.8273935483870952
1604989260220,5.0,6.9375,-0.7948999999999966
1604989260252,-5.0,-6.75,0.7670437499999956
1604989260284,4.875,6.6875,-0.7519249999999964
1604989260316,-5.0625,-6.875,0.7851124999999985
1604989260348,5.4375,7.4375,-0.8758937499999995
1604989260381,-5.636363636363637,-7.636363636363637,0.9021818181818162
1604989260413,5.8125,8.0,-0.989474999999997
1604989260460,-3.74468085106383,-5.404255319148936,0.6611191489361683
1604989260492,5.0625,7.6875,-0.9275562499999968
1604989260524,-4.6875,-7.4375,0.8254687499999971
1604989260556,4.5,7.5,-0.7600249999999988
1604989260588,-4.3125,-7.6875,0.6730499999999999
1604989260620,4.1875,7.75,-0.5565749999999987
1604989260652,-4.3125,-7.8125,0.493862499999997
1604989260684,4.5,7.875,-0.563693749999997
1604989260716,-4.6875,-7.9375,0.6351437499999975
1604989260748,5.0625,8.0625,-0.7015249999999966
1604989260780,-5.375,-8.125,0.7994687499999955
1604989260813,4.909090909090909,7.757575757575758,-0.833824242424238
1604989260861,-3.0833333333333335,-5.166666666666667,0.5339874999999973
1604989260894,4.545454545454546,7.393939393939394,-0.7808969696969653
1604989260924,-5.133333333333334,-8.2,0.8920266666666615
1604989260957,4.424242424242424,7.636363636363637,-0.7532060606060568
1604989260988,-4.32258064516129,-8.387096774193548,0.7399225806451568
1604989261020,4.0625,8.125,-0.6904937499999946
1604989261051,-4.258064516129032,-8.193548387096774,0.6364903225806396
1604989261084,3.878787878787879,7.636363636363637,-0.5100606060606007
1604989261116,-3.75,-8.0,0.48979374999999337
1604989261148,3.5625,8.125,-0.5015249999999938
1604989261180,-3.375,-8.0625,0.49669374999999505
1604989261213,2.909090909090909,7.575757575757576,-0.42156969696969265
1604989261260,-2.0425531914893615,-5.1063829787234045,0.2982042553191466
1604989261292,3.6875,7.3125,-0.5723124999999989
1604989261324,-4.25,-7.25,0.7096
1604989261356,4.375,7.3125,-0.8172749999999986
1604989261388,-4.375,-7.4375,0.8773437499999961
1604989261420,4.4375,7.4375,-0.8885812499999943
1604989261452,-4.5,-7.1875,0.8896874999999937
1604989261484,4.4375,6.875,-0.8767812499999934
1604989261517,-4.303030303030303,-6.606060606060606,0.8700545454545398
1604989261548,4.774193548387097,7.161290322580645,-0.9727741935483818
1604989261581,-4.7272727272727275,-6.7272727272727275,0.9423393939393884
1604989261613,4.875,6.6875,-0.952249999999994
1604989261660,-3.106382978723404,-4.297872340425532,0.5658340425531879
1604989261693,4.121212121212121,5.9393939393939394,-0.7684606060606022
1604989261724,-4.32258064516129,-6.709677419354839,0.8562774193548351
1604989261756,3.9375,6.5625,-0.925124999999996
1604989261788,-3.5625,-6.125,0.8947937499999963
1604989261820,3.375,5.375,-0.845318749999997
1604989261852,-3.375,-4.5625,0.7106937499999972
1604989261884,3.375,3.8125,-0.660143749999996
1604989261916,-3.375,-3.5,0.5851624999999938
1604989261948,3.3125,3.1875,0.5851624999999938
1604989261981,-3.090909090909091,-2.8484848484848486,0.5851624999999938
1604989262012,3.225806451612903,2.5161290322580645,0.5851624999999938
1604989262060,-2.0416666666666665,-1.6666666666666667,0.5851624999999938
1604989262092,3.0,2.25,0.5851624999999938
1604989262125,-2.8484848484848486,-2.0,0.5851624999999938
1604989262156,2.967741935483871,1.8709677419354838,0.5851624999999938
1604989262188,-2.625,-1.625,0.5851624999999938
1604989262220,2.4375,1.5,0.5851624999999938
1604989262252,-2.4375,-1.5,0.5851624999999938
1604989262284,2.5,1.625,0.5851624999999938
1604989262316,-2.5,-1.0625,0.5851624999999938
1604989262349,2.3636363636363638,1.1515151515151516,0.5851624999999938
1604989262381,-2.375,-1.25,0.5851624999999938
1604989262412,2.5161290322580645,1.4193548387096775,0.5851624999999938
1604989262461,-1.510204081632653,-0.8571428571428571,0.5851624999999938
1604989262492,2.4516129032258065,1.3548387096774193,0.5851624999999938
1604989262524,-2.1875,-1.625,0.5851624999999938
1604989262556,2.4375,1.3125,0.5851624999999938
1604989262588,-1.6875,-1.75,0.5851624999999938
