1604989410653,0.0036730945821854912,0.006427915518824609,0.0
1604989410684,-0.02081165452653486,0.008324661810613945,0.0
1604989410716,-0.0224609375,0.009765625,0.0
1604989410749,-0.024793388429752067,0.008264462809917356,0.0
1604989410781,-0.02734375,0.009765625,0.0
1604989410813,-0.02734375,0.01171875,0.0
1604989410846,-0.025711662075298437,0.011019283746556474,0.0
1604989410892,-0.01275992438563327,0.005198487712665407,0.0
1604989410924,-0.02734375,0.01171875,0.0
1604989410957,-0.024793388429752067,0.009182736455463728,0.0
1604989410989,-0.025390625,0.021484375,0.0
1604989411021,-0.0263671875,0.017578125,0.0
1604989411052,-0.02497398543184183,0.011446409989594173,0.0
1604989411085,-0.01928374655647383,0.020202020202020204,0.0
1604989411116,-0.018730489073881373,0.022892819979188347,0.0
1604989411149,-0.013774104683195593,0.012855831037649219,0.0
1604989411182,-0.0073461891643709825,0.017447199265381085,0.0
1604989411213,-0.005202913631633715,0.012486992715920915,0.0
1604989411246,-0.0036730945821854912,0.011937557392102846,0.0
1604989411294,-0.0013020833333333333,0.005208333333333333,0.0
1604989411324,-0.0033333333333333335,0.014444444444444444,0.0
1604989411357,-0.0009182736455463728,0.009182736455463728,0.0
1604989411389,-0.001953125,0.00390625,0.0
1604989411420,0.0,0.0,0.0
1604989411453,0.0009182736455463728,0.0073461891643709825,0.07974426078971535
1604989411484,0.001040582726326743,-0.002081165452653486,0.0008680541103017644
1604989411517,0.0018365472910927456,0.0,0.001529568411386594
1604989411549,0.0029296875,0.009765625,0.001529568411386594
1604989411581,0.00390625,0.00390625,0.0776970703125
1604989411613,0.005859375,0.00390625,0.0776970703125
1604989411661,0.001736111111111111,-0.00043402777777777775,0.03627686631944444
1604989411694,0.0027548209366391185,0.0,0.0019475665748393076
1604989411725,0.002081165452653486,0.001040582726326743,0.0011404786680540993
1604989411757,0.001953125,0.0009765625,0.0020554687500000113
1604989411788,0.0,-0.002081165452653486,0.002211134235171693
1604989411821,0.0,-0.0027548209366391185,0.0010707988980716255
1604989411853,-0.0009765625,-0.001953125,0.0008232421875000034
1604989411884,0.0,0.002081165452653486,0.0021024973985431824
1604989411916,0.0009765625,0.0009765625,0.004080371093750007
1604989411949,0.0009182736455463728,0.0009182736455463728,0.00566271808999081
1604989411981,0.001953125,0.0029296875,0.004974902343750004
1604989412014,0.0018365472910927456,0.0009182736455463728,0.003642148760330569
1604989412062,0.0008680555555555555,0.00043402777777777775,0.001481553819444444
1604989412094,0.0009765625,0.001953125,0.001983007812499993
1604989412126,0.0009765625,0.001953125,0.0010529296875000094
1604989412156,0.0011111111111111111,0.0022222222222222222,0.0010707777777777651
1604989412189,0.0,0.0018365472910927456,0.0004123048668503327
1604989412221,0.0009765625,0.0029296875,0.00028955078125000866
1604989412253,0.0,0.0009765625,0.00039873046874999707
1604989412284,0.0,0.0,0.00047460978147761935
1604989412316,0.0009765625,0.0,5.3320312499993694e-05
1604989412349,0.0009182736455463728,-0.0018365472910927456,0.00025629017447199236
1604989412381,0.0009765625,-0.0009765625,-0.0005263671874999876
1604989412414,0.0,-0.0027548209366391185,0.00013856749311295423
1604989412461,0.0004526935264825713,-0.003168854685377999,-4.3639655952927534e-05
1604989412495,-0.0008650519031141869,-0.009515570934256055,-0.0010056228373702372
1604989412526,0.005202913631633715,-0.009365244536940686,-0.0011265348595213165
1604989412558,0.0048828125,-0.0126953125,-0.002525683593750022
1604989412590,0.005859375,-0.013671875,-0.002525683593750022
1604989412621,0.009365244536940686,-0.01768990634755463,-0.002525683593750022
1604989412652,0.011446409989594173,-0.02081165452653486,-0.002525683593750022
1604989412685,0.011019283746556474,-0.018365472910927456,-0.002525683593750022
1604989412717,0.013671875,-0.0185546875,-0.002525683593750022
1604989412749,0.015625,-0.0185546875,-0.002525683593750022
1604989412781,0.0166015625,-0.0126953125,-0.002525683593750022
1604989412814,0.01652892561983471,-0.01652892561983471,-0.002525683593750022
1604989412876,0.004422476586888657,-0.0026014568158168575,-0.002525683593750022
1604989412896,0.05,-0.015,-0.002525683593750022
1604989412925,0.020214030915576695,-0.015457788347205707,0.16982175980975028
1604989412957,0.0166015625,-0.01171875,0.0023014648437500174
1604989412989,0.0166015625,-0.009765625,0.002430859374999983
1604989413020,0.014568158168574402,-0.01040582726326743,0.0022540062434963583
1604989413053,0.013774104683195593,-0.004591368227731864,0.0023440771349862405
1604989413085,0.0126953125,-0.0048828125,0.003055371093750009
1604989413116,0.012486992715920915,-0.005202913631633715,0.0034028095733610667
1604989413149,0.009182736455463728,-0.0073461891643709825,0.002361616161616158
1604989413180,0.009365244536940686,-0.008324661810613945,0.002649635796045788
1604989413214,0.006920415224913495,0.0,0.002136072664359865
1604989413245,0.005202913631633715,0.0,0.001383766909469309
1604989413293,0.001736111111111111,-0.0013020833333333333,-0.00040742187500000495
1604989413325,0.001953125,-0.0009765625,-0.0004465820312500035
1604989413357,0.0009765625,0.0009765625,0.0005455078125000123
1604989413388,0.001040582726326743,0.002081165452653486,0.0009309053069719011
1604989413421,0.0009182736455463728,0.0027548209366391185,0.00012295684113866964
1604989413453,0.0009765625,0.001953125,0.0011213867187499782
1604989413485,0.0009765625,0.0,-6.123046874997873e-05
1604989413517,0.0,0.0009765625,-0.0005008789062500019
1604989413549,-0.0009765625,0.0009765625,-0.00045292968750001994
1604989413582,0.0,0.0,0.0003070707070707222
1604989413614,-0.0009765625,0.0009765625,-0.00047988281249999876
1604989413645,0.0,0.0,-0.000349739854318435
1604989413694,-0.0008329862557267805,0.00041649312786339027,-0.0003213244481466069
1604989413726,-0.001953125,0.0009765625,-0.0003790039062499806
1604989413757,-0.002081165452653486,0.003121748178980229,-0.000824037460978146
1604989413789,-0.00390625,0.001953125,-0.00031220703125001137
1604989413820,-0.004162330905306972,0.003121748178980229,-0.0009198751300728263
1604989413853,-0.004591368227731864,0.0036730945821854912,-0.0018042240587695364
1604989413884,-0.007284079084287201,0.004162330905306972,-0.0014159209157127784
1604989413916,-0.0078125,0.0048828125,-0.00176142578125002
1604989413949,-0.009182736455463728,0.005509641873278237,-0.0018904499540863063
1604989413981,-0.0107421875,0.0078125,-0.0029919921874999866
1604989414015,-0.010380622837370242,0.00865051903114187,-0.0010432525951557243
1604989414061,-0.006616257088846881,0.005671077504725898,-0.0009603969754253256
1604989414094,-0.013774104683195593,0.011937557392102846,-0.0009603969754253256
1604989414128,-0.009515570934256055,0.010380622837370242,-0.0009603969754253256
1604989414157,-0.0178359096313912,0.016646848989298454,-0.0009603969754253256
1604989414188,-0.01768990634755463,0.015608740894901144,-0.0009603969754253256
1604989414221,-0.015610651974288337,0.012855831037649219,-0.0009603969754253256
1604989414252,-0.01768990634755463,0.01664932362122789,-0.0009603969754253256
1604989414285,-0.01652892561983471,0.015610651974288337,-0.0009603969754253256
1604989414316,-0.018730489073881373,0.01768990634755463,-0.0009603969754253256
1604989414349,-0.014692378328741965,0.015610651974288337,-0.0009603969754253256
1604989414381,-0.0166015625,0.0185546875,-0.0009603969754253256
1604989414413,-0.015625,0.017578125,-0.0009603969754253256
1604989414462,-0.0058309037900874635,0.006247396917950854,-0.0009603969754253256
1604989414495,-0.011937557392102846,0.014692378328741965,-0.0009603969754253256
1604989414526,-0.011446409989594173,0.011446409989594173,-0.0009603969754253256
1604989414556,-0.011111111111111112,0.012222222222222223,0.13357377777777776
1604989414588,-0.0087890625,0.009765625,0.13357377777777776
1604989414620,-0.0048828125,0.0087890625,0.13357377777777776
1604989414653,-0.0027548209366391185,0.0036730945821854912,0.09670945821854912
1604989414684,-0.002081165452653486,0.002081165452653486,-0.0008416233090530602
1604989414717,0.0,-0.0009182736455463728,-0.0004955922865013871
1604989414749,0.0,-0.0009765625,-4.9707031249998646e-05
1604989414782,0.0009182736455463728,-0.0027548209366391185,-0.0002697887970615154
1604989414829,0.0004526935264825713,-0.0022634676324128564,-0.0012750113173381644
1604989414861,0.001953125,-0.0087890625,-9.521484374999667e-05
1604989414892,0.001040582726326743,-0.009365244536940686,-9.521484374999667e-05
1604989414925,0.0027548209366391185,-0.010101010101010102,-9.521484374999667e-05
1604989414956,0.006243496357960458,-0.013527575442247659,-9.521484374999667e-05
1604989414989,0.0073461891643709825,-0.004591368227731864,-9.521484374999667e-05
1604989415020,0.011446409989594173,-0.015608740894901144,-9.521484374999667e-05
1604989415052,0.0126953125,-0.017578125,-9.521484374999667e-05
1604989415085,0.014692378328741965,-0.0027548209366391185,-9.521484374999667e-05
1604989415117,0.0166015625,-0.0166015625,-9.521484374999667e-05
1604989415149,0.017578125,-0.0205078125,-9.521484374999667e-05
1604989415182,0.02662993572084481,-0.009182736455463728,-9.521484374999667e-05
1604989415230,0.009982638888888888,-0.007378472222222222,-9.521484374999667e-05
1604989415263,0.015610651974288337,-0.012855831037649219,-9.521484374999667e-05
1604989415294,0.023933402705515087,-0.01768990634755463,-9.521484374999667e-05
1604989415325,0.019771071800208116,-0.014568158168574402,-9.521484374999667e-05
1604989415357,0.015625,-0.013671875,-9.521484374999667e-05
1604989415388,0.022892819979188347,-0.011446409989594173,-9.521484374999667e-05
1604989415420,0.0146484375,-0.01171875,-9.521484374999667e-05
1604989415453,0.01652892561983471,-0.009182736455463728,-9.521484374999667e-05
1604989415485,0.015625,-0.005859375,-9.521484374999667e-05
1604989415517,0.0078125,-0.0087890625,0.14005810546875
1604989415549,0.01171875,-0.00390625,0.002725292968750015
1604989415581,0.01171875,-0.0048828125,0.00260361328125
1604989415613,0.0107421875,-0.0029296875,0.0022143554687499845
1604989415662,0.003748438150770512,0.00041649312786339027,0.0007658059142024228
1604989415695,0.0073461891643709825,-0.0009182736455463728,0.0019241505968778546
1604989415726,0.008324661810613945,0.0,0.0014156087408948995
1604989415757,0.006243496357960458,0.001040582726326743,0.002172736732570233
1604989415789,0.005859375,-0.0087890625,1.9726562500016476e-05
1604989415820,0.002081165452653486,-0.002081165452653486,0.0013158168574401647
1604989415857,0.0007304601899196494,0.0029218407596785976,0.00021285609934259322
1604989415884,0.0013717421124828531,-0.006858710562414266,0.0004882030178326354
1604989415916,-0.0009765625,0.0,-0.00017187500000001577
1604989415950,0.0,0.0017301038062283738,-0.00020363321799307828
1604989415981,-0.001040582726326743,-0.002081165452653486,-0.0004901144640998997
1604989416013,-0.001953125,0.0,-0.000607812499999999
1604989416062,-0.0012494793835901709,0.0020824656393169513,-0.00020349854227404875
1604989416094,-0.0009765625,-0.0029296875,-0.0012648437499999943
1604989416125,-0.003121748178980229,0.001040582726326743,-0.0006605619146722296
1604989416157,-0.00390625,0.001953125,-0.0005600585937499958
1604989416188,-0.004162330905306972,0.002081165452653486,-0.0008664932362122668
1604989416220,-0.005859375,0.001953125,-0.0008533203125000166
1604989416253,-0.0073461891643709825,0.006427915518824609,-0.00022470156106519246
1604989416285,-0.0068359375,0.00390625,-0.001627734374999995
1604989416317,-0.0078125,0.001953125,-0.0010458007812499948
1604989416349,-0.009765625,0.0068359375,-0.00125498046875
1604989416382,-0.010101010101010102,0.005509641873278237,-0.0012977043158861501
1604989416413,-0.01040582726326743,0.005202913631633715,-0.0020802289281997904
1604989416461,-0.005642361111111111,0.0030381944444444445,-0.0005163194444444377
1604989416494,-0.011937557392102846,0.008264462809917356,-0.0005163194444444377
1604989416525,-0.015608740894901144,0.008324661810613945,-0.0005163194444444377
1604989416557,-0.015625,0.0126953125,-0.0005163194444444377
1604989416589,-0.0166015625,0.01171875,-0.0005163194444444377
1604989416621,-0.0166015625,0.009765625,-0.0005163194444444377
1604989416652,-0.018730489073881373,0.014568158168574402,-0.0005163194444444377
1604989416684,-0.017578125,0.0126953125,-0.0005163194444444377
1604989416717,-0.017447199265381085,0.013774104683195593,-0.0005163194444444377
1604989416749,-0.017578125,0.013671875,-0.0005163194444444377
1604989416798,-0.007080383173677634,0.006663890045814244,-0.0005163194444444377
1604989416831,-0.013774104683195593,0.012855831037649219,-0.0005163194444444377
1604989416861,-0.016666666666666666,0.013333333333333334,-0.0005163194444444377
1604989416892,-0.014568158168574402,0.014568158168574402,-0.0005163194444444377
1604989416924,-0.01171875,0.01171875,0.13232041015625
1604989416956,-0.0107421875,0.009765625,-0.0015781249999999858
1604989416989,-0.009182736455463728,0.009182736455463728,-0.0011788797061524458
1604989417021,-0.0078125,0.0087890625,-0.0015324218749999952
1604989417053,-0.0068359375,0.0087890625,-0.0026466796875000143
1604989417084,-0.006243496357960458,0.008324661810613945,-0.006679500520291345
1604989417117,-0.005509641873278237,0.0073461891643709825,-0.006679500520291345
1604989417149,-0.00390625,0.0068359375,0.10720439453125
1604989417197,-0.0013020833333333333,0.001736111111111111,-0.0010914496527777737
1604989417229,-0.0029296875,0.00390625,-0.0021256835937500107
1604989417262,-0.0009182736455463728,0.0018365472910927456,-0.00037961432506886664
1604989417293,-0.001040582726326743,0.0,-0.0013628511966701272
1604989417325,-0.0009765625,0.0009765625,-0.0005527343750000024
1604989417356,0.0,-0.001040582726326743,-0.0007465140478668032
1604989417389,0.0,-0.0018365472910927456,0.00021037649219466327
1604989417420,0.001040582726326743,-0.003121748178980229,-0.00013454734651403375
1604989417452,0.0009765625,-0.0029296875,-0.0004091796875000109
1604989417485,0.0018365472910927456,-0.005509641873278237,0.00112194674012856
1604989417517,0.001953125,-0.009765625,0.00112194674012856
1604989417549,0.0029296875,-0.0146484375,0.00112194674012856
1604989417596,0.0036215482118605704,-0.007243096423721141,0.00112194674012856
1604989417629,0.010101010101010102,-0.011019283746556474,0.00112194674012856
1604989417661,0.01171875,-0.015625,0.00112194674012856
1604989417693,0.013671875,-0.0146484375,0.00112194674012856
1604989417724,0.014568158168574402,-0.01768990634755463,0.00112194674012856
1604989417757,0.017447199265381085,-0.01652892561983471,0.00112194674012856
1604989417788,0.019771071800208116,-0.01768990634755463,0.00112194674012856
1604989417821,0.018365472910927456,-0.006427915518824609,0.00112194674012856
1604989417871,0.008,-0.0068,0.00112194674012856
1604989417885,0.10204081632653061,-0.07653061224489796,0.00112194674012856
1604989417918,0.018365472910927456,-0.012855831037649219,0.00112194674012856
1604989417949,0.019771071800208116,-0.012486992715920915,0.00112194674012856
1604989417997,0.008246527777777778,-0.004774305555555556,0.00112194674012856
1604989418030,0.015610651974288337,-0.009182736455463728,0.00112194674012856
1604989418061,0.01768990634755463,-0.01040582726326743,0.00112194674012856
1604989418092,0.01664932362122789,-0.012486992715920915,0.15990926118626433
1604989418125,0.012855831037649219,-0.009182736455463728,0.002405325987144155
1604989418156,0.013527575442247659,-0.004162330905306972,0.003374193548387107
1604989418189,0.011937557392102846,-0.0018365472910927456,0.003459044995408625
1604989418221,0.01171875,-0.005859375,0.0027085937500000157
1604989418252,0.011446409989594173,0.0,0.002606867845993729
1604989418284,0.009765625,-0.0048828125,0.002584765625000013
1604989418317,0.0073461891643709825,-0.0018365472910927456,0.0015595959595959526
1604989418351,0.006920415224913495,0.0008650519031141869,0.0020164359861591847
1604989418381,0.006666666666666667,-0.0022222222222222222,0.0015892222222222093
1604989418428,0.0022634676324128564,0.0,0.0007128564961521082
1604989418460,0.0048828125,0.0,0.0014472656249999993
1604989418492,0.0029296875,0.0,0.0009542968749999825
1604989418525,0.0018365472910927456,0.0,0.0011913682277318737
1604989418557,0.001953125,0.0009765625,0.0010064453124999928
1604989418588,0.001040582726326743,0.0,0.0009126951092611996
1604989418620,0.0009765625,0.0,0.0003919921874999954
1604989418653,0.0,-0.0009182736455463728,0.00045169880624427484
1604989418684,0.0,0.0,-0.00010457856399584902
1604989418716,-0.0009765625,-0.0009765625,0.00023007812500000502
1604989418749,0.0,0.0,-0.00029237832874196224
1604989418797,0.0,-0.00043402777777777775,-0.0001971354166666729
1604989418828,0.0,0.0,-0.0005329864724245651
1604989418860,0.0,0.0009765625,-9.64843749999833e-05
1604989418892,-0.0009765625,-0.0009765625,2.441406250000555e-05
1604989418925,0.0,-0.0009182736455463728,-0.00022617079889808932
1604989418957,0.0,-0.0009765625,-0.0007786132812500068
1604989418989,-0.0009765625,-0.0009765625,0.0001360351562500195
1604989419020,0.0,-0.001040582726326743,-0.00014412070759624705
1604989419052,0.0009765625,-0.0029296875,-0.0006849609375000065
1604989419085,0.0,-0.0027548209366391185,-0.000788613406795227
1604989419117,0.0009765625,-0.0078125,-0.0022880859375000173
1604989419150,0.0018365472910927456,-0.009182736455463728,-0.003190541781450852
1604989419181,0.002081165452653486,-0.015608740894901144,-0.004805723204994802
1604989419229,0.0008680555555555555,-0.004340277777777778,-0.002205642361111118
1604989419261,0.001953125,-0.01171875,-0.002205642361111118
1604989419292,0.003121748178980229,-0.013527575442247659,-0.002205642361111118
