1604929496952,410,20,100.3776
1604929498006,230,205,139.8211
1604929498040,232,205,139.2282
1604929498071,233,207,140.0448
1604929498103,233,212,140.217
1604929498151,233,216,140.2764
1604929498183,233,217,141.293
1604929498214,235,213,141.6746
1604929498247,235,212,142.1763
1604929498278,234,219,141.9944
1604929498311,235,214,142.3577
1604929498342,236,222,142.6165
1604929498375,236,221,142.6698
1604929498407,237,219,143.0929
1604929498439,238,222,143.7357
1604929498471,238,224,144.0581
1604929498519,238,225,144.6538
1604929498552,239,226,145.1317
1604929498583,240,230,145.3683
1604929498615,240,230,145.3198
1604929498647,241,232,145.5644
1604929498679,242,235,145.4179
1604929498710,242,234,145.9092
1604929498743,244,239,145.6939
1604929498775,244,240,146.3732
1604929498807,244,241,146.6435
1604929498839,245,243,146.5865
1604929498887,245,243,147.2434
1604929498919,245,241,147.3302
1604929498950,245,243,147.7359
1604929498982,244,244,147.9987
1604929499014,241,244,148.3843
1604929499047,238,242,149.3325
1604929499111,228,244,150.5029
1604929499143,221,245,150.8909
1604929499207,206,244,151.1648
1604929499239,198,244,151.3463
1604929499286,190,244,151.4084
1604929499318,182,243,150.5362
1604929499350,174,243,151.0903
1604929499383,167,242,150.8743
1604929499414,160,241,150.8645
1604929499446,153,241,150.4411
1604929499479,147,240,150.3985
1604929499511,142,239,150.9028
1604929499542,137,239,150.0766
1604929499575,133,238,150.4263
1604929499607,129,236,150.2531
1604929499639,125,236,150.068
1604929499687,122,235,150.3615
1604929499719,120,234,150.4
1604929499751,118,236,150.2685
1604929499783,119,236,149.5229
1604929499814,120,237,149.6673
1604929499847,123,242,148.8654
1604929499878,127,240,149.2427
1604929499910,132,243,148.6613
1604929499943,137,246,148.5096
1604929499975,144,247,148.5698
1604929500007,152,250,148.5498
1604929500039,161,245,148.3046
1604929500086,171,245,148.1943
1604929500118,182,244,147.7279
1604929500150,194,245,148.2428
1604929500182,206,243,148.307
1604929500215,217,241,147.8483
1604929500246,228,241,148.2787
1604929500278,240,241,147.959
1604929500519,308,239,148.0673
1604929500551,314,239,148.053
1604929500582,320,240,148.2846
1604929500615,325,241,148.2173
1604929500646,328,240,149.28
1604929500678,329,240,150.0326
1604929500711,330,240,150.4431
1604929500743,329,240,150.8005
1604929500774,328,240,150.9655
1604929500807,327,239,151.2733
1604929500855,324,238,151.5714
1604929500887,322,239,151.7965
1604929501351,203,233,151.5759
1604929501382,194,231,151.9516
1604929501414,184,228,151.9215
1604929501447,176,226,151.4718
1604929501479,168,224,150.8884
1604929501510,160,219,150.9536
1604929501543,154,218,150.2421
1604929501591,148,215,149.9259
1604929501616,143,214,149.5827
1604929501655,139,213,149.8714
1604929501686,135,212,148.5833
1604929501719,132,211,149.2716
1604929501751,130,211,149.2305
1604929501782,129,210,149.2572
1604929501814,129,210,148.7333
1604929501846,130,209,148.5477
1604929501879,133,210,148.466
1604929501911,136,211,147.5033
1604929501943,141,211,147.8029
1604929501975,146,213,147.2491
1604929502007,152,214,146.3604
1604929502054,158,215,146.8873
1604929502087,166,216,146.6253
1604929502119,173,217,146.3932
1604929502151,182,217,146.3546
1604929502183,190,216,146.462
1604929502215,199,219,145.9414
1604929502247,209,218,145.9747
1604929502279,218,218,146.4048
1604929502311,228,218,146.682
1604929502361,238,218,146.8467
1604929502387,247,219,146.9274
1604929502583,299,223,147.0634
1604929502615,306,223,147.3273
1604929502647,312,223,147.8659
1604929502678,318,224,147.0738
1604929502710,324,224,147.4535
1604929502742,328,224,147.4019
1604929502775,332,224,148.1213
1604929502807,334,225,148.9965
1604929502860,336,226,149.2068
1604929502886,337,227,149.2547
1604929502919,335,227,149.8075
1604929502950,335,228,149.6281
1604929502982,333,228,149.7041
1604929503015,332,229,149.7349
1604929503048,330,230,149.9608
1604929503079,325,229,150.068
1604929503414,259,230,150.2121
1604929503595,231,229,148.6487
1604929503624,227,228,147.8164
1604929503655,222,228,147.8842
1604929503687,219,227,148.1372
1604929503719,216,225,148.0713
1604929503751,214,226,148.1439
1604929503782,213,226,147.6358
1604929503815,212,226,147.3699
1604929503846,212,225,147.5811
1604929503878,212,225,147.5564
1604929503910,213,224,146.8311
1604929503943,214,222,147.2869
1604929503980,215,220,147.2493
1604929504008,216,215,146.9387
1604929504055,218,210,146.7104
1604929504087,218,206,146.6992
1604929504119,218,200,146.8767
1604929504151,218,191,146.7081
1604929504375,223,134,144.5128
1604929504408,224,128,143.7761
1604929504456,225,123,143.7969
1604929504487,225,119,144.0158
1604929504519,225,117,143.8972
1604929504551,225,117,144.1522
1604929504584,225,118,144.7453
1604929504615,225,121,144.8774
1604929504646,224,124,145.17
1604929504680,224,130,145.4204
1604929504710,224,136,146.0851
1604929504742,224,144,146.7453
1604929504775,224,149,147.2236
1604929504808,225,158,147.8124
1604929504866,226,163,148.8379
1604929504889,228,173,149.5372
1604929504918,228,184,150.1566
1604929504950,229,195,151.0503
1604929504983,229,206,152.9755
1604929505015,230,217,153.8712
1604929505046,231,226,154.806
1604929505078,232,235,155.6937
1604929505110,233,245,156.4304
1604929505142,234,252,156.9076
1604929505175,235,260,157.4705
1604929505208,236,266,158.2059
1604929505254,237,271,158.6832
1604929505287,238,277,159.1973
1604929505319,239,282,159.6846
1604929505351,240,286,160.1094
1604929505383,241,288,160.1608
1604929505415,241,285,160.8108
1604929505447,242,290,161.3312
1604929505478,242,289,160.879
1604929505511,241,286,161.368
1604929505559,241,285,161.1774
1604929505586,241,283,161.5894
1604929505609,240,278,160.9683
1604929505654,240,273,161.2342
1604929505687,240,267,160.6649
1604929505718,240,260,160.8507
1604929505750,240,252,160.403
1604929505782,240,244,160.137
1604929505815,240,235,159.7748
1604929505847,240,225,159.2615
1604929505878,240,216,158.8033
1604929505911,240,206,157.9472
1604929505943,240,197,157.3026
1604929505975,240,188,157.2204
1604929506038,239,179,156.7108
1604929506070,239,171,156.0729
1604929506087,238,164,155.7228
1604929506119,236,162,155.3044
1604929506159,236,157,155.3174
1604929506184,235,152,155.1187
1604929506215,234,146,154.954
1604929506247,234,142,155.1273
1604929506278,233,136,154.5479
1604929506311,232,133,154.8242
1604929506343,232,129,154.7065
1604929506376,232,124,154.6931
1604929506422,231,121,154.5008
1604929506454,232,119,153.898
1604929506487,232,116,153.7449
1604929506518,232,114,153.9032
1604929506551,232,112,154.3875
1604929506582,233,111,153.6823
1604929506615,233,113,153.8134
1604929506647,232,114,154.1615
1604929506679,232,115,154.4876
1604929506710,231,120,154.8566
1604929506742,232,127,155.36
1604929506777,231,132,155.3029
1604929506842,232,138,156.2571
1604929506866,234,141,155.8767
1604929506887,234,151,156.3632
1604929506918,235,161,156.9128
1604929506950,237,172,157.4289
1604929506983,238,183,157.2989
1604929507014,239,194,158.0048
1604929507046,240,206,159.1034
1604929507078,241,217,159.3674
1604929507111,242,227,159.932
1604929507143,243,238,159.6729
1604929507176,244,246,160.5829
1604929507223,245,256,161.4475
1604929507263,246,264,161.0224
1604929507291,247,271,161.5362
1604929507319,249,278,161.7125
1604929507350,250,287,161.7056
1604929507383,252,293,161.7807
1604929507415,252,294,161.2482
1604929507447,251,295,161.904
1604929507479,254,304,161.6912
1604929507511,255,305,161.8245
1604929507542,255,307,162.3624
1604929507574,256,309,161.8943
1604929507623,257,310,162.2275
1604929507656,258,307,162.7284
1604929507686,259,310,162.9851
1604929507719,258,306,163.5026
1604929507750,258,301,163.385
1604929507783,258,296,163.2934
1604929507815,259,313,162.7706
1604929507847,257,306,162.746
1604929507879,257,300,161.9356
1604929507911,256,292,161.5582
1604929507943,255,282,160.5669
1604929507991,254,272,159.8483
1604929508027,254,262,159.6156
1604929508054,253,252,158.4223
1604929508087,252,241,157.9579
1604929508119,251,230,158.1251
1604929508150,252,220,157.0895
1604929508183,250,209,156.4837
1604929508215,251,199,156.2898
1604929508247,250,187,155.3306
1604929508279,249,178,154.7186
1604929508312,249,169,154.6718
1604929508346,247,160,153.9486
1604929508391,246,151,153.8668
1604929508422,246,143,153.7158
1604929508454,246,136,153.0271
1604929508486,246,129,153.0419
1604929508518,246,123,152.195
1604929508551,246,118,151.8678
1604929508582,246,112,151.0398
1604929508614,247,107,151.1417
1604929508646,247,102,150.7932
1604929508678,247,98,150.8974
1604929508711,246,96,150.8622
1604929508743,246,93,150.8414
1604929508791,246,91,150.6592
1604929508838,247,92,150.6388
1604929508870,251,93,150.0139
1604929508887,249,94,150.7177
1604929508919,245,95,150.7013
1604929508952,244,100,150.7224
1604929508983,244,105,151.0826
1604929509014,244,112,151.1117
1604929509046,243,120,151.7128
1604929509079,243,129,152.0571
1604929509110,243,140,152.4588
1604929509143,242,145,152.8904
1604929509175,242,155,153.7872
1604929509223,243,162,154.3813
1604929509254,244,170,155.3333
1604929509287,243,178,155.2703
1604929509318,243,188,156.5744
1604929509351,242,197,158.3809
1604929509383,242,205,159.0308
1604929509414,242,212,160.0248
1604929509447,242,219,160.8275
1604929509479,242,225,161.9449
1604929509511,242,230,162.2263
1604929509544,243,235,163.0449
1604929509591,244,238,164.0002
1604929509623,245,240,164.2847
1604929509660,247,241,164.9606
1604929509687,247,242,165.5974
1604929509719,247,243,165.7009
1604929509751,248,242,166.5703
1604929509783,248,241,167.3934
1604929509815,247,240,168.1042
1604929509848,247,239,167.9934
1604929509879,247,238,169.1099
1604929509911,247,236,168.7723
1604929509943,247,235,169.8645
1604929509991,247,232,168.8817
1604929510024,247,230,170.2249
1604929510060,247,228,171.0731
1604929510087,247,227,171.5675
1604929510118,247,225,171.646
1604929510150,247,224,172.7293
1604929510182,247,224,173.6185
1604929510214,248,223,173.8461
1604929510247,248,223,174.1387
1604929510279,248,222,175.0727
1604929510311,248,222,175.7141
1604929510343,248,222,175.6082
1604929510390,248,221,176.0743
1604929510422,249,221,175.7906
1604929510455,248,221,175.6528
1604929510487,248,221,176.0595
1604929510518,248,221,175.7277
1604929510550,248,222,176.0347
1604929510582,248,222,175.5207
1604929510614,248,222,175.116
1604929510647,248,221,175.3014
1604929510679,248,221,173.9119
1604929510712,248,221,172.678
1604929510744,248,220,172.3271
1604929510796,248,219,170.7481
1604929510822,248,220,169.6033
1604929510854,247,220,167.8669
1604929510886,247,220,166.3071
1604929510919,246,221,164.8517
1604929510951,246,221,162.4249
1604929510983,245,222,160.2441
1604929511015,244,222,158.4156
1604929511046,244,223,155.0672
1604929511078,243,224,152.7902
1604929511111,242,226,150.6665
1604929511159,241,227,147.8899
1604929511190,240,227,144.3926
1604929511223,239,229,142.4597
1604929511254,240,231,139.1609
1604929511286,239,232,136.6428
1604929511318,238,233,134.0954
1604929511351,238,233,131.9149
1604929511382,238,234,129.0741
1604929511415,238,235,127.128
1604929511447,239,236,124.8456
1604929511478,241,237,122.6808
1604929511510,241,238,121.0217
1604929511559,241,238,119.4637
1604929511592,241,238,117.795
1604929511622,242,241,116.3174
1604929511654,242,242,114.6495
1604929511686,243,243,113.7312
1604929511718,244,242,112.7002
1604929511751,244,242,112.4493
1604929511783,244,241,112.2941
1604929511815,244,241,112.1688
1604929511847,244,241,112.4868
1604929511888,244,240,112.7657
1604929511914,244,239,113.4389
1604929511958,244,238,113.3731
1604929511990,244,236,114.2093
1604929512023,244,234,115.3439
1604929512055,245,233,116.7501
1604929512087,245,229,117.8849
1604929512119,246,227,119.7967
1604929512150,246,223,121.8574
1604929512182,247,221,124.5817
1604929512216,247,218,126.7125
1604929512247,246,217,129.3759
1604929512278,247,216,132.3375
1604929512311,247,214,134.672
1604929512359,248,213,137.7867
1604929512391,248,212,140.542
1604929512422,249,210,143.8957
1604929512455,250,210,147.1971
1604929512486,250,209,149.7352
1604929512519,251,208,152.0294
1604929512551,252,207,154.593
1604929512582,253,206,157.3384
1604929512614,253,204,159.1565
1604929512647,255,203,161.2088
1604929512679,255,202,163.0969
1604929512712,256,200,165.2156
1604929512758,257,199,166.6604
1604929512791,258,198,168.5074
1604929512823,258,198,170.4512
1604929512855,259,196,171.7237
1604929512887,259,196,172.8695
1604929512919,259,196,173.6582
1604929512951,259,195,174.3996
1604929512982,259,196,175.3519
1604929513014,260,196,175.6098
1604929513046,260,196,175.8239
1604929513078,261,195,175.964
1604929513116,261,196,176.2885
1604929513158,261,194,176.0747
1604929513190,261,194,176.4289
1604929513222,260,196,175.6131
1604929513254,260,197,175.5276
1604929513286,260,199,173.5737
1604929513319,261,201,171.8447
1604929513350,261,203,169.6771
1604929513383,262,205,167.1245
1604929513415,262,207,164.1297
1604929513447,262,210,161.4992
1604929513479,261,212,159.3575
1604929513511,261,215,156.3691
1604929513559,260,217,153.8483
1604929513590,259,220,150.9642
1604929513622,258,223,148.2725
1604929513654,257,227,145.113
1604929513686,257,230,142.4155
1604929513719,257,233,140.1213
1604929513751,257,236,136.9116
1604929513782,257,238,134.429
1604929513814,258,242,132.2486
1604929513846,257,243,129.8247
1604929513878,257,245,127.3243
1604929513912,260,247,125.3325
1604929513959,260,248,123.1363
1604929513990,260,250,120.9699
1604929514023,261,252,119.2522
1604929514055,262,253,117.6064
1604929514087,264,254,115.828
1604929514119,265,255,114.3236
1604929514151,266,256,113.941
1604929514182,267,256,112.4454
1604929514215,267,255,112.0156
1604929514248,268,256,111.9168
1604929514279,269,255,111.7817
1604929514311,268,254,112.2741
1604929514358,268,254,112.4645
1604929514390,267,251,113.3336
1604929514423,266,250,113.6478
1604929514454,266,247,115.4258
1604929514487,265,244,115.7978
1604929514518,265,241,117.1831
1604929514550,265,238,118.5744
1604929514583,266,233,119.8195
1604929514615,266,230,121.6073
1604929514647,266,226,124.128
1604929514679,265,223,126.3505
1604929514726,264,220,129.5599
1604929514759,265,218,131.9272
1604929514791,264,216,134.8487
1604929514822,263,215,137.4151
1604929514855,263,214,140.169
1604929514887,264,211,142.7035
1604929514919,263,210,145.7217
1604929514951,263,208,148.3859
1604929514982,264,206,150.951
1604929515014,263,204,153.5066
1604929515046,263,203,155.4643
1604929515080,263,201,157.61
1604929515127,264,200,160.1206
1604929515158,264,199,162.4472
1604929515190,264,198,163.7237
1604929515222,265,198,165.6694
1604929515255,265,197,167.0842
1604929515287,266,196,168.2996
1604929515318,266,196,169.4631
1604929515350,267,195,170.5378
1604929515382,267,195,171.3798
1604929515415,267,195,172.4373
1604929515447,267,195,172.452
1604929515479,267,194,173.6993
1604929515528,267,195,173.6662
1604929515558,266,194,173.7443
1604929515599,266,195,173.2709
1604929515623,266,195,172.6069
1604929515654,266,195,171.9677
1604929515686,265,196,171.5232
1604929515719,266,198,170.444
1604929515750,265,199,169.4648
1604929515782,265,201,167.7055
1604929515815,264,204,165.5175
1604929515847,264,206,164.1262
1604929515879,264,208,162.1457
1604929515928,263,212,159.5674
1604929515959,263,214,157.0515
1604929515990,262,218,154.3759
1604929516023,262,221,151.7268
1604929516055,262,224,148.4283
1604929516086,262,227,145.6744
1604929516118,263,231,142.3593
1604929516183,265,237,136.3879
1604929516214,267,241,132.965
1604929516247,268,244,130.3781
1604929516279,270,245,128.089
1604929516327,273,250,125.1421
1604929516359,275,252,122.668
1604929516394,277,255,120.9678
1604929516423,279,257,119.1389
1604929516454,280,258,117.7465
1604929516487,282,261,116.3383
1604929516519,283,262,114.969
1604929516550,284,263,113.9853
1604929516583,285,263,113.0816
1604929516615,286,263,111.9391
1604929516662,287,263,111.7796
1604929516693,288,263,111.5842
1604929516727,288,261,111.0067
1604929516759,288,260,111.277
1604929516809,288,260,111.8029
1604929516835,287,259,111.983
1604929516855,286,258,112.1424
1604929516886,285,256,112.8768
1604929516918,284,254,113.3275
1604929516950,283,249,114.3424
1604929517047,281,240,118.7523
1604929517079,280,236,119.9157
1604929517128,279,233,122.5373
1604929517159,278,229,124.5179
1604929517190,277,227,127.1846
1604929517222,275,224,128.8755
1604929517255,273,222,131.7356
1604929517286,272,221,134.0033
1604929517319,272,218,136.3795
1604929517350,271,215,139.3807
1604929517382,271,215,141.485
1604929517415,270,212,143.5026
1604929517446,270,210,145.8291
1604929517480,270,207,148.0036
1604929517545,270,206,150.2508
1604929517564,270,203,152.439
1604929517607,271,202,154.4919
1604929517641,271,200,155.9425
1604929517657,271,198,157.8888
1604929517687,271,196,159.0361
1604929517718,271,196,160.2281
1604929517750,271,194,162.2591
1604929517783,270,193,162.9844
1604929517815,270,191,164.238
1604929517847,270,190,165.1913
1604929517879,270,189,165.9245
1604929517926,270,188,167.172
1604929517958,269,188,167.861
1604929517990,269,188,168.8662
1604929518023,269,187,169.4965
1604929518055,269,187,170.5389
1604929518087,269,187,170.1269
1604929518134,269,187,170.6884
1604929518156,269,188,171.6419
1604929518183,269,188,171.3246
1604929518215,269,189,170.9852
1604929518247,269,189,170.7758
1604929518295,269,190,169.6608
1604929518327,270,190,168.002
1604929518358,269,192,167.3363
1604929518390,269,194,166.6048
1604929518424,269,196,165.0487
1604929518454,268,198,163.3006
1604929518486,267,200,161.9242
1604929518518,267,203,159.8512
1604929518551,266,205,157.6047
1604929518582,265,208,154.9567
1604929518614,265,210,152.8343
1604929518647,265,212,150.6634
1604929518694,265,215,148.1473
1604929518726,265,219,145.5186
1604929518759,264,222,143.3843
1604929518791,263,227,140.071
1604929518824,263,229,137.5197
1604929518855,264,230,135.1863
1604929518887,265,232,132.5987
1604929518918,267,235,129.8268
1604929518951,270,238,127.4228
1604929518984,271,239,125.4412
1604929519029,272,240,123.0534
1604929519057,273,242,120.9416
1604929519094,274,245,118.8907
1604929519126,275,249,117.2717
1604929519158,275,249,115.7304
1604929519191,277,250,113.82
1604929519223,278,251,112.7031
1604929519254,280,253,111.1938
1604929519286,281,253,110.3735
1604929519318,283,254,109.6437
1604929519350,284,254,108.933
1604929519382,285,254,108.3105
1604929519415,286,255,108.312
1604929519447,287,254,108.2823
1604929519495,288,254,108.4242
1604929519526,288,254,108.1841
1604929519558,287,253,108.5377
1604929519591,286,252,109.4741
1604929519623,285,251,109.4828
1604929519654,284,250,110.1886
1604929519686,283,248,110.827
1604929519718,282,246,111.1774
1604929519751,281,244,111.8576
1604929519782,280,241,112.4385
1604929519819,279,238,113.9036
1604929519847,279,235,115.1008
1604929519913,278,233,116.8862
1604929519934,277,229,118.8356
1604929519958,276,227,120.2523
1604929519990,275,224,122.1812
1604929520022,274,223,124.1768
1604929520055,274,220,125.814
1604929520086,272,216,128.0213
1604929520118,271,214,130.8851
1604929520151,272,214,132.9513
1604929520183,270,212,134.8003
1604929520215,270,210,137.5446
1604929520247,269,208,139.4715
1604929520294,269,206,140.873
1604929520327,269,206,143.3376
1604929520359,269,203,145.4081
1604929520390,268,202,147.8035
1604929520423,269,200,149.6577
1604929520454,269,199,151.5801
1604929520487,268,198,154.0087
1604929520518,269,197,155.7766
1604929520550,269,195,157.5567
1604929520584,270,196,159.2562
1604929520615,270,194,160.8586
1604929520648,270,193,163.0526
1604929520695,271,192,164.3164
1604929520727,271,192,166.138
1604929520758,271,191,167.4684
1604929520790,271,191,167.6095
1604929520823,271,190,169.7362
1604929520855,272,188,170.5029
1604929520887,272,188,171.5209
1604929520918,272,186,172.022
1604929520951,272,188,172.8049
1604929520983,272,188,172.6198
1604929521015,272,189,173.2778
1604929521048,272,190,172.5529
1604929521095,271,191,172.7206
1604929521127,271,193,171.0311
1604929521159,271,194,170.0529
1604929521190,270,196,168.8653
1604929521222,269,197,166.6933
1604929521255,269,199,164.3096
1604929521287,268,202,162.182
1604929521336,267,205,159.7455
1604929521369,266,208,157.3543
1604929521385,265,211,154.725
1604929521415,264,215,152.3846
1604929521464,264,218,149.6839
1604929521494,263,221,146.9955
1604929521543,263,225,144.447
1604929521570,262,227,141.9572
1604929521591,263,230,138.8122
1604929521622,263,233,136.1076
1604929521654,263,236,133.3842
1604929521686,264,238,130.2307
1604929521719,266,238,128.3858
1604929521750,269,241,125.7577
1604929521782,270,243,123.5123
1604929521815,270,245,121.3061
1604929521868,271,248,120.2129
1604929521894,271,250,118.0464
1604929521927,272,252,116.5733
1604929521958,272,253,115.2439
1604929521990,274,254,113.9985
1604929522023,275,256,112.9384
1604929522054,276,258,111.9762
1604929522087,277,258,111.1243
1604929522119,277,259,110.7527
1604929522151,278,258,110.3608
1604929522183,278,259,109.662
1604929522215,279,259,109.8616
1604929522263,279,259,109.7113
1604929522294,279,258,109.5082
1604929522326,278,257,109.6767
1604929522358,278,256,109.5768
1604929522390,277,256,110.3885
1604929522422,277,254,110.9043
1604929522455,276,251,111.6832
1604929522486,276,249,112.4504
1604929522518,275,247,112.8985
1604929522551,275,245,114.6637
1604929522583,274,243,116.123
1604929522615,273,241,117.8765
1604929522663,272,238,119.2618
1604929522695,271,237,121.6448
1604929522727,270,235,123.5672
1604929522759,267,232,125.5904
1604929522795,266,230,127.2451
1604929522822,265,230,129.594
1604929522854,265,226,131.4308
1604929522951,264,219,137.0895
1604929523015,263,214,141.7181
1604929523067,263,212,143.4406
1604929523094,263,210,145.93
1604929523127,264,207,146.83
1604929523158,265,205,149.9802
1604929523190,266,202,151.7704
1604929523224,268,199,154.5201
1604929523255,269,197,156.4857
1604929523286,269,194,158.9338
1604929523318,270,191,161.7928
1604929523351,270,188,163.9443
1604929523383,270,185,165.4639
1604929523415,270,183,166.9091
1604929523462,270,181,168.8189
1604929523494,270,178,170.4142
1604929523526,269,177,171.352
1604929523559,269,176,172.1534
1604929523591,269,176,173.4088
1604929523622,269,175,173.7836
1604929523654,269,173,173.7061
1604929523687,270,168,173.0245
1604929523718,271,162,171.2712
1604929523751,270,148,170.0194
1604929523783,269,128,168.8291
1604929523815,267,105,166.9296
1604929523863,266,80,164.9208
1604929523894,263,52,163.1603
1604929523927,264,27,159.0998
1604929523958,268,6,154.6729
