1604994965043,0.0625,1.5,0.0
1604994965076,-1.2121212121212122,-2.4242424242424243,0.0
1604994965109,1.0909090909090908,2.606060606060606,0.0
1604994965156,-1.1063829787234043,-1.9148936170212767,0.0
1604994965189,1.696969696969697,2.606060606060606,0.0
1604994965219,-1.5333333333333334,-2.933333333333333,0.0
1604994965251,1.6875,2.5625,0.0
1604994965283,-1.5,-2.625,0.0
1604994965315,1.625,2.6875,0.0
1604994965347,-1.4375,-2.75,0.0
1604994965379,1.3125,2.625,0.0
1604994965412,-0.8484848484848485,-2.303030303030303,0.0
1604994965443,0.5806451612903226,2.2580645161290325,0.0
1604994965476,-0.30303030303030304,-2.121212121212121,31.5638606060606
1604994965508,0.5,2.1875,-40.544425000000004
1604994965556,-0.16666666666666666,-1.4583333333333333,-40.544425000000004
1604994965587,0.25806451612903225,2.2580645161290325,-15.065335483870967
1604994965619,-0.375,-2.1875,6.01781875
1604994965652,0.36363636363636365,2.121212121212121,-5.830309090909092
1604994965683,-0.5161290322580645,-2.064516129032258,6.1693548387096815
1604994965715,0.1875,1.8125,-5.922618750000005
1604994965747,-0.3125,-1.8125,5.892018750000004
1604994965779,0.625,2.0625,-5.823375
1604994965811,-0.625,-1.875,5.7643499999999985
1604994965844,0.6060606060606061,1.393939393939394,-5.585793939393938
1604994965877,-0.42424242424242425,-1.3333333333333333,5.528072727272727
1604994965909,0.3125,1.375,-5.633643750000001
1604994965956,-0.0425531914893617,-0.9361702127659575,3.821553191489363
1604994965987,-0.06451612903225806,1.1612903225806452,-5.821619354838712
1604994966019,0.25,-0.9375,5.641150000000005
1604994966052,-0.36363636363636365,0.6666666666666666,-5.412593939393945
1604994966084,0.25,-0.4375,5.550437500000005
1604994966116,-0.375,0.375,-5.478368750000003
1604994966147,0.7741935483870968,-0.3870967741935484,5.602941935483876
1604994966180,-0.9696969696969697,0.48484848484848486,-5.296321212121218
1604994966211,1.096774193548387,-0.5806451612903226,5.649238709677427
1604994966243,-1.0625,0.4375,-5.466200000000008
1604994966277,0.8235294117647058,-0.29411764705882354,5.119088235294127
1604994966309,-0.5625,0.4375,-5.4167625000000115
1604994966356,0.2553191489361702,-0.2978723404255319,3.666565957446817
1604994966387,-0.8387096774193549,0.5806451612903226,3.666565957446817
1604994966420,0.8484848484848485,-0.42424242424242425,3.666565957446817
1604994966452,-1.1875,0.6875,3.666565957446817
1604994966484,1.0,-0.5,3.666565957446817
1604994966516,-1.0625,0.5,3.666565957446817
1604994966547,1.1612903225806452,-0.6451612903225806,3.666565957446817
1604994966579,-1.3125,0.25,3.666565957446817
1604994966611,2.0,-0.125,3.666565957446817
1604994966643,-2.125,-0.1875,3.666565957446817
1604994966676,2.0606060606060606,-0.06060606060606061,31.292387878787892
1604994966709,-1.5757575757575757,0.36363636363636365,-39.34545454545456
1604994966755,1.0869565217391304,-0.391304347826087,28.17002608695653
1604994966787,-1.375,0.625,-40.50667500000001
1604994966819,1.5,-0.625,40.48519375000001
1604994966851,-1.375,0.6875,-40.445768750000006
1604994966884,1.4545454545454546,-0.6060606060606061,39.17427272727274
1604994966916,-1.3125,0.8125,39.17427272727274
1604994966947,1.4193548387096775,-0.7741935483870968,39.17427272727274
1604994966979,-1.1875,0.875,39.17427272727274
1604994967011,1.375,-0.875,39.17427272727274
1604994967043,-1.125,0.75,39.17427272727274
1604994967076,1.2727272727272727,-0.8484848484848485,39.17427272727274
1604994967107,-1.2258064516129032,0.7741935483870968,39.17427272727274
1604994967156,0.8571428571428571,-0.5714285714285714,39.17427272727274
1604994967188,-1.25,0.8125,39.17427272727274
1604994967220,1.3125,-0.9375,39.17427272727274
1604994967251,-1.3548387096774193,1.096774193548387,39.17427272727274
1604994967284,1.1515151515151516,-1.0303030303030303,39.17427272727274
1604994967315,-1.4838709677419355,0.7741935483870968,39.17427272727274
1604994967352,0.972972972972973,-0.6486486486486487,51.9652054054054
1604994967380,-1.6428571428571428,0.7142857142857143,51.9652054054054
1604994967411,1.032258064516129,-0.7096774193548387,93.88559354838709
1604994967444,-1.2121212121212122,1.0909090909090908,-95.9474484848485
1604994967477,0.9696969696969697,-0.9090909090909091,-95.9474484848485
1604994967509,-1.0625,0.4375,-73.47388125
1604994967556,0.5957446808510638,-0.46808510638297873,-73.47388125
1604994967588,-0.9375,0.125,-73.47388125
1604994967620,0.625,-0.3125,-73.47388125
1604994967651,-0.7741935483870968,0.1935483870967742,-73.47388125
1604994967683,0.5625,-0.125,-73.47388125
1604994967715,-0.6875,0.1875,-73.47388125
1604994967748,0.6060606060606061,-0.06060606060606061,-73.47388125
1604994967779,-0.6451612903225806,0.1935483870967742,-73.47388125
1604994967812,0.6060606060606061,0.12121212121212122,-73.47388125
1604994967843,-0.7741935483870968,0.12903225806451613,-73.47388125
1604994967877,0.7647058823529411,-0.11764705882352941,-73.47388125
1604994967923,-0.43478260869565216,0.0,-73.47388125
1604994967955,0.6875,0.25,-73.47388125
1604994967987,-0.5,-0.125,-73.47388125
1604994968020,0.48484848484848486,0.24242424242424243,52.96284242424245
1604994968051,-0.1935483870967742,0.0,-64.44670322580649
1604994968083,-0.125,0.0,62.372637500000025
1604994968115,0.4375,0.125,62.372637500000025
1604994968147,-0.375,0.0,62.372637500000025
1604994968180,0.5454545454545454,0.48484848484848486,62.372637500000025
1604994968211,-0.5161290322580645,-0.3870967741935484,62.372637500000025
1604994968244,0.5454545454545454,0.36363636363636365,62.372637500000025
1604994968276,-0.4375,-0.25,62.372637500000025
1604994968324,0.375,0.375,62.372637500000025
1604994968355,-0.5161290322580645,-0.3225806451612903,62.372637500000025
1604994968388,0.6060606060606061,0.30303030303030304,62.372637500000025
1604994968420,-0.4375,-0.25,62.372637500000025
1604994968452,0.5625,0.125,62.372637500000025
1604994968483,-0.5161290322580645,-0.3225806451612903,62.372637500000025
1604994968516,0.48484848484848486,0.12121212121212122,62.372637500000025
1604994968547,-0.6451612903225806,-0.5161290322580645,62.372637500000025
1604994968579,0.5625,0.125,62.372637500000025
1604994968611,-0.625,-0.4375,62.372637500000025
1604994968643,0.625,0.3125,62.372637500000025
1604994968677,-0.6470588235294118,-0.35294117647058826,82.02590000000001
1604994968708,0.8387096774193549,-0.12903225806451613,82.02590000000001
1604994968757,-0.5306122448979592,0.6530612244897959,82.02590000000001
1604994968787,1.0,-2.0,82.02590000000001
1604994968819,-0.8125,2.0,82.02590000000001
1604994968851,0.9375,-2.3125,82.02590000000001
1604994968884,-0.8484848484848485,2.242424242424242,82.02590000000001
1604994968915,1.096774193548387,-2.5806451612903225,82.02590000000001
1604994968947,-1.125,2.125,82.02590000000001
1604994968979,1.25,-1.9375,82.02590000000001
1604994969012,-1.2121212121212122,1.878787878787879,82.02590000000001
1604994969044,1.25,-1.5625,-105.743775
1604994969077,-1.2727272727272727,1.2727272727272727,94.70593333333333
1604994969109,1.3125,-0.8125,-97.61892499999999
1604994969155,-1.2173913043478262,0.5652173913043478,68.03705652173912
1604994969187,1.5625,-1.0,-97.80392499999999
1604994969219,-1.6875,1.125,97.76068749999999
1604994969251,1.5,-0.6875,-97.79710624999998
1604994969283,-1.625,0.5625,97.66860624999998
1604994969315,1.4375,-0.5,-97.63596249999998
1604994969347,-1.5,0.4375,-97.63596249999998
1604994969379,1.1875,-0.9375,-97.63596249999998
1604994969411,-1.375,1.6875,-97.63596249999998
1604994969444,1.2121212121212122,-2.0,-97.63596249999998
1604994969476,-1.5,1.75,-97.63596249999998
1604994969523,0.9787234042553191,-1.2765957446808511,-97.63596249999998
1604994969556,-1.5757575757575757,1.7575757575757576,-97.63596249999998
1604994969587,1.5483870967741935,-1.7419354838709677,-97.63596249999998
1604994969619,-1.5625,1.75,-97.63596249999998
1604994969652,1.5151515151515151,-1.5757575757575757,-97.63596249999998
1604994969683,-1.4838709677419355,1.8709677419354838,-97.63596249999998
1604994969715,1.5,-1.625,-97.63596249999998
1604994969747,-1.375,1.875,89.91594374999995
1604994969780,1.4545454545454546,-1.7575757575757576,-94.35247272727268
1604994969812,-1.25,1.625,97.34685624999995
1604994969843,1.6129032258064515,-1.6774193548387097,-100.54263225806446
1604994969891,-0.9583333333333334,1.0833333333333333,64.95186666666665
1604994969923,1.6875,-1.5,-97.42174999999995
1604994969956,-1.5757575757575757,1.7575757575757576,94.44258181818176
1604994969988,1.75,-1.75,-97.39162499999995
1604994970020,-1.6875,1.875,-97.39162499999995
1604994970051,1.8064516129032258,-1.8064516129032258,-97.39162499999995
1604994970083,-1.625,1.9375,-97.39162499999995
1604994970116,1.6363636363636365,-1.7575757575757576,-97.39162499999995
1604994970147,-1.6129032258064515,2.064516129032258,-97.39162499999995
1604994970179,1.6875,-1.9375,-97.39162499999995
1604994970213,-1.411764705882353,1.8823529411764706,-97.39162499999995
1604994970243,1.6,-2.1333333333333333,-97.39162499999995
1604994970276,-1.393939393939394,1.878787878787879,-97.39162499999995
1604994970323,0.9787234042553191,-1.5319148936170213,-97.39162499999995
1604994970356,-1.393939393939394,1.4545454545454546,-97.39162499999995
1604994970387,1.6129032258064515,-1.3548387096774193,-97.39162499999995
1604994970420,-1.6363636363636365,0.7878787878787878,-97.39162499999995
1604994970451,2.0,-0.5161290322580645,-97.39162499999995
1604994970483,-2.0625,-0.0625,-97.39162499999995
1604994970515,2.3125,0.375,-97.39162499999995
1604994970547,-2.1875,-0.5,-97.39162499999995
1604994970580,2.303030303030303,-0.7878787878787878,-97.39162499999995
1604994970611,-2.4516129032258065,1.1612903225806452,89.56032258064512
1604994970645,2.4705882352941178,-1.1176470588235294,89.56032258064512
1604994970676,-2.967741935483871,1.5483870967741935,89.56032258064512
1604994970723,1.7446808510638299,-1.2765957446808511,-68.70845106382976
1604994970756,-3.090909090909091,1.7575757575757576,91.06709090909087
1604994970788,2.6875,-1.375,-93.87033124999996
1604994970819,-2.774193548387097,1.1612903225806452,96.24500645161287
1604994970852,2.5454545454545454,-0.06060606060606061,-90.72203636363633
1604994970883,-3.4193548387096775,0.12903225806451613,-90.72203636363633
1604994970915,3.0625,0.1875,-90.72203636363633
1604994970947,-3.3125,-0.875,-90.72203636363633
1604994970980,3.393939393939394,1.2727272727272727,-90.72203636363633
1604994971011,-3.806451612903226,-1.5483870967741935,-90.72203636363633
1604994971044,3.6363636363636362,1.4545454545454546,-90.72203636363633
1604994971077,-3.6363636363636362,-1.5151515151515151,-90.72203636363633
1604994971124,2.5106382978723403,0.9361702127659575,-90.72203636363633
1604994971156,-3.9375,-1.25,-90.72203636363633
1604994971188,3.8125,1.3125,-66.42883124999997
1604994971219,-3.935483870967742,-1.4838709677419355,59.86471612903223
1604994971251,3.75,1.5,-58.017162499999976
1604994971284,-3.5757575757575757,-1.5151515151515151,-58.017162499999976
1604994971315,4.064516129032258,1.6774193548387097,-58.017162499999976
1604994971347,-3.5625,-1.6875,-58.017162499999976
1604994971379,3.6875,1.8125,-32.730893749999986
1604994971411,-3.3125,-1.6875,24.308831249999983
1604994971460,2.326530612244898,1.183673469387755,-15.875273469387746
1604994971492,-3.4375,-1.6875,24.324993749999983
1604994971523,3.7419354838709675,2.064516129032258,-25.169245161290306
1604994971555,-3.5625,-1.9375,-25.169245161290306
1604994971587,3.6875,2.0625,-25.169245161290306
1604994971619,-3.5625,-1.9375,-25.169245161290306
1604994971651,3.6875,1.875,-25.169245161290306
1604994971683,-3.625,-1.8125,-25.169245161290306
1604994971716,3.6363636363636362,1.5757575757575757,-25.169245161290306
1604994971747,-3.870967741935484,-1.7419354838709677,-25.169245161290306
1604994971780,3.4545454545454546,1.0303030303030303,-25.169245161290306
1604994971811,-3.806451612903226,-1.096774193548387,-25.169245161290306
1604994971860,2.163265306122449,0.6530612244897959,0.8606612244898072
1604994971891,-3.2903225806451615,-0.7096774193548387,-10.560832258064535
1604994971924,3.0303030303030303,0.42424242424242425,9.935787878787899
1604994971955,-3.2903225806451615,-0.7741935483870968,-10.591141935483895
1604994971987,3.3125,0.875,10.279831250000026
1604994972020,-3.212121212121212,-0.7272727272727273,-9.852709090909118
1604994972051,3.3548387096774195,0.3870967741935484,10.555658064516157
1604994972084,-3.3333333333333335,0.7878787878787878,-9.928575757575784
1604994972116,3.5,-1.5,10.312218750000028
1604994972148,-3.625,1.625,-10.411156250000028
1604994972180,3.6875,-1.75,10.393881250000026
1604994972211,-3.870967741935484,1.8709677419354838,-10.7769483870968
1604994972259,2.5416666666666665,-1.2083333333333333,6.962000000000015
1604994972292,-3.6363636363636362,1.878787878787879,-10.069375757575779
1604994972323,3.806451612903226,-2.193548387096774,10.6589548387097
1604994972356,-3.6363636363636362,2.0,-10.05344848484851
1604994972388,3.75,-2.0625,10.299500000000027
1604994972419,-3.870967741935484,2.3225806451612905,-10.659496774193578
1604994972451,3.75,-2.125,10.305837500000028
1604994972483,-3.8125,2.1875,-10.285256250000028
1604994972515,3.875,-1.9375,10.32179375000003
1604994972547,-3.8125,2.0625,-10.36772500000003
1604994972580,3.8181818181818183,-1.8181818181818181,10.073745454545483
1604994972611,-3.7419354838709675,2.0,-10.813567741935511
1604994972644,3.6363636363636362,-2.0,10.22558181818184
1604994972676,-3.5625,1.625,-10.550318750000022
1604994972723,2.595744680851064,-0.8936170212765957,7.158017021276611
1604994972755,-3.8125,1.375,-10.502525000000022
1604994972787,3.8125,-2.25,10.461412500000021
1604994972819,-3.8125,2.625,-10.373787500000022
1604994972851,3.5,-2.875,10.305887500000024
1604994972884,-3.3333333333333335,2.727272727272727,-9.952430303030328
1604994972915,3.4838709677419355,-2.967741935483871,10.608522580645188
1604994972947,-3.4375,2.875,-10.220687500000027
1604994972979,3.125,-2.8125,10.320487500000029
1604994973013,-3.176470588235294,2.6470588235294117,-9.57525882352944
1604994973046,3.3333333333333335,-2.727272727272727,9.70668484848488
1604994973091,-2.4444444444444446,1.9111111111111112,-7.186231111111136
1604994973123,3.375,-2.625,10.058200000000035
1604994973155,-3.375,2.3125,-10.015262500000036
1604994973187,3.4375,-2.25,9.959850000000037
1604994973220,-3.4545454545454546,1.9393939393939394,-9.680466666666701
1604994973251,3.806451612903226,-2.838709677419355,-9.680466666666701
1604994973283,-3.8125,3.0,-9.680466666666701
1604994973315,4.0,-2.9375,-9.680466666666701
1604994973347,-4.25,3.5625,-9.680466666666701
1604994973380,4.0606060606060606,-4.0,-9.680466666666701
1604994973412,-4.0625,4.8125,-9.680466666666701
1604994973445,3.696969696969697,-5.212121212121212,-9.680466666666701
1604994973491,-2.6956521739130435,4.043478260869565,-9.680466666666701
1604994973523,3.875,-5.5625,-9.680466666666701
1604994973555,-4.0625,5.5,-9.680466666666701
1604994973587,4.1875,-5.0625,-9.680466666666701
1604994973619,-4.3125,4.875,-9.680466666666701
1604994973651,4.25,-4.4375,-9.680466666666701
1604994973684,-4.0606060606060606,4.242424242424242,-9.680466666666701
1604994973715,3.870967741935484,-4.580645161290323,-9.680466666666701
1604994973747,-3.875,4.375,-9.680466666666701
1604994973779,3.75,-4.5,-9.680466666666701
1604994973812,-3.6363636363636362,4.363636363636363,-9.680466666666701
1604994973860,2.5,-3.0416666666666665,-9.680466666666701
1604994973892,-3.6875,4.5625,-9.680466666666701
1604994973923,3.870967741935484,-4.709677419354839,-9.680466666666701
1604994973955,-3.5,4.5,-9.680466666666701
1604994973987,3.5625,-4.5,-9.680466666666701
1604994974019,-3.3125,4.25,-9.680466666666701
1604994974052,3.4545454545454546,-3.9393939393939394,-0.3972666666666307
1604994974083,-3.4193548387096775,4.193548387096774,-9.042103225806489
1604994974116,3.393939393939394,-3.757575757575758,8.465781818181853
1604994974147,-3.4193548387096775,4.258064516129032,8.465781818181853
1604994974179,3.3125,-4.1875,8.465781818181853
1604994974212,-3.1515151515151514,4.303030303030303,8.465781818181853
1604994974244,3.3125,-4.1875,8.465781818181853
1604994974296,-2.0384615384615383,2.6538461538461537,8.465781818181853
1604994974323,4.0,-5.111111111111111,8.465781818181853
1604994974355,-3.25,4.5,8.465781818181853
1604994974387,3.25,-4.625,8.465781818181853
1604994974420,-2.9696969696969697,4.424242424242424,-17.65524242424246
1604994974452,3.0,-5.125,-17.65524242424246
1604994974484,-2.9375,5.5,-17.65524242424246
1604994974515,3.096774193548387,-6.129032258064516,-1.4818258064515761
1604994974548,-3.0303030303030303,5.636363636363637,-7.908048484848521
1604994974579,3.2903225806451615,-6.0,8.337890322580682
1604994974612,-3.1515151515151514,5.696969696969697,-7.8693030303030636
1604994974659,2.0851063829787235,-4.170212765957447,5.602106382978746
1604994974691,-3.25,6.1875,-8.131681250000032
1604994974723,3.3125,-6.375,8.12978125000003
1604994974755,-3.1875,6.3125,-8.19248125000003
1604994974787,3.3125,-6.4375,-8.19248125000003
1604994974819,-3.5625,6.625,-8.19248125000003
1604994974852,3.6363636363636362,-6.909090909090909,-8.19248125000003
1604994974884,-3.875,6.4375,-8.19248125000003
1604994974915,3.7419354838709675,-6.709677419354839,-8.19248125000003
1604994974947,-3.6875,6.0,-8.19248125000003
1604994974980,3.515151515151515,-5.636363636363637,-8.19248125000003
1604994975012,-3.625,5.8125,-8.19248125000003
1604994975060,2.3333333333333335,-3.75,-8.19248125000003
1604994975091,-3.161290322580645,5.870967741935484,-8.19248125000003
1604994975123,2.5625,-5.3125,-8.19248125000003
1604994975156,-2.1818181818181817,5.333333333333333,-8.19248125000003
1604994975187,2.0,-5.161290322580645,-8.19248125000003
1604994975219,-2.0,5.25,21.526593749999975
1604994975251,1.8125,-5.0625,21.526593749999975
1604994975283,-1.875,5.5,21.526593749999975
1604994975315,1.75,-5.3125,21.526593749999975
1604994975348,-1.7575757575757576,5.454545454545454,21.526593749999975
1604994975380,1.625,-5.5625,21.526593749999975
1604994975414,-1.6470588235294117,5.588235294117647,21.526593749999975
1604994975459,1.3777777777777778,-4.133333333333334,21.526593749999975
1604994975491,-2.0625,5.9375,21.526593749999975
1604994975523,2.125,-5.875,21.526593749999975
1604994975555,-2.0,5.9375,21.526593749999975
1604994975587,2.0625,-6.25,21.526593749999975
1604994975620,-1.7575757575757576,5.9393939393939394,21.526593749999975
1604994975651,2.0,-7.225806451612903,21.526593749999975
1604994975683,-1.8125,7.1875,21.526593749999975
1604994975716,1.5757575757575757,-7.333333333333333,21.526593749999975
1604994975747,-1.4193548387096775,7.741935483870968,21.526593749999975
1604994975779,1.4375,-7.5625,-38.43944999999999
1604994975812,-0.9090909090909091,7.03030303030303,26.9109212121212
1604994975860,0.5833333333333334,-4.916666666666667,-18.487120833333325
1604994975891,-0.7096774193548387,7.548387096774194,-18.487120833333325
1604994975923,0.625,-7.375,-18.487120833333325
1604994975955,-0.3125,7.1875,-18.487120833333325
1604994975988,0.30303030303030304,-7.090909090909091,-18.487120833333325
1604994976019,-0.6451612903225806,7.741935483870968,-18.487120833333325
1604994976051,0.75,-7.5625,-18.487120833333325
1604994976083,-0.8125,7.375,-18.487120833333325
1604994976115,0.5,-6.875,-18.487120833333325
1604994976148,-0.7272727272727273,6.363636363636363,-18.487120833333325
1604994976180,1.0,-6.1875,3.3280625000000157
1604994976213,-1.4545454545454546,5.818181818181818,-13.267254545454561
1604994976259,1.0434782608695652,-4.173913043478261,9.52471304347827
1604994976291,-1.125,6.0625,9.52471304347827
1604994976323,0.5625,-6.375,9.52471304347827
1604994976355,-0.6875,6.625,9.52471304347827
1604994976387,0.6875,-6.75,9.52471304347827
1604994976420,-0.7878787878787878,7.03030303030303,9.52471304347827
1604994976451,0.8387096774193549,-8.32258064516129,9.52471304347827
1604994976483,-0.875,7.9375,9.52471304347827
1604994976516,0.7272727272727273,-7.878787878787879,9.52471304347827
1604994976547,-0.7096774193548387,8.32258064516129,9.52471304347827
1604994976580,0.48484848484848486,-7.575757575757576,9.52471304347827
1604994976612,-0.5625,8.0625,9.52471304347827
1604994976660,0.4166666666666667,-5.291666666666667,9.52471304347827
1604994976691,-0.7096774193548387,8.258064516129032,9.52471304347827
1604994976723,0.8125,-7.8125,9.52471304347827
1604994976755,-0.6875,7.8125,9.52471304347827
1604994976787,0.8125,-7.75,9.52471304347827
1604994976819,-0.5,7.8125,9.52471304347827
1604994976851,0.625,-7.875,9.52471304347827
1604994976883,-0.3125,7.6875,9.52471304347827
1604994976915,0.625,-7.5625,9.52471304347827
1604994976948,-0.42424242424242425,7.333333333333333,9.52471304347827
1604994976980,0.625,-7.5625,9.52471304347827
1604994977014,-0.5882352941176471,7.0,9.52471304347827
1604994977059,0.5333333333333333,-5.377777777777778,9.52471304347827
1604994977091,-0.75,7.5,9.52471304347827
1604994977123,0.5625,-7.625,9.52471304347827
