1604995521993,-0.015625,-0.0693359375,0.0
1604995522024,0.005202913631633715,0.008324661810613945,0.0
1604995522057,-0.01652892561983471,0.023875114784205693,0.0
1604995522089,-0.0166015625,0.0048828125,0.0
1604995522120,-0.005202913631633715,-0.006243496357960458,0.0
1604995522152,-0.01953125,0.005859375,0.0
1604995522185,-0.015610651974288337,0.0036730945821854912,0.0
1604995522216,-0.01768990634755463,0.01040582726326743,0.0
1604995522249,-0.011937557392102846,0.005509641873278237,0.0
1604995522281,-0.0126953125,0.005859375,0.0
1604995522328,-0.005885015844273427,0.0009053870529651426,0.0
1604995522360,-0.0087890625,0.001953125,0.0
1604995522392,-0.005859375,0.0048828125,0.0
1604995522424,-0.005859375,0.001953125,0.0
1604995522457,-0.0027548209366391185,0.0009182736455463728,0.1453627180899908
1604995522489,-0.0029296875,0.0009765625,0.0025695312500000067
1604995522521,0.0,0.001953125,0.0019228515624999942
1604995522552,0.0,-0.002081165452653486,0.001910301768990641
1604995522585,0.0009182736455463728,-0.0018365472910927456,0.0018555555555555602
1604995522617,0.0029296875,0.001953125,0.002139941406250012
1604995522649,0.0029296875,0.00390625,0.0017972656249999885
1604995522697,0.001736111111111111,0.002170138888888889,0.0009947482638888881
1604995522729,0.001953125,0.0009765625,0.0016434570312499897
1604995522761,0.001953125,0.0009765625,0.0013828125000000246
1604995522792,0.002081165452653486,0.0,0.0004360041623308873
1604995522824,0.0009765625,-0.001953125,-0.00032333984374999236
1604995522857,0.0,-0.0018365472910927456,-0.000247658402203857
1604995522888,-0.003121748178980229,0.0,-0.00044183142559833306
1604995522920,-0.005859375,-0.001953125,-0.00030419921874999534
1604995522953,-0.008264462809917356,-0.0018365472910927456,-0.0005839302112029575
1604995522985,-0.0087890625,-0.0009765625,-0.0009116210937499813
1604995523017,-0.009765625,0.0,-0.0003896484375000009
1604995523050,-0.010101010101010102,0.0027548209366391185,-8.328741965105439e-05
1604995523097,-0.004979628791308284,0.001358080579447714,4.4318696242635334e-05
1604995523129,-0.0107421875,0.005859375,0.0008139648437500147
1604995523161,-0.0107421875,0.0087890625,0.0011574218750000087
1604995523192,-0.011446409989594173,0.008324661810613945,0.0013432882414151858
1604995523225,-0.008264462809917356,0.010101010101010102,0.0012317722681358982
1604995523256,-0.007284079084287201,0.011446409989594173,0.0014500520291363048
1604995523288,-0.00390625,0.0126953125,0.001650878906250014
1604995523322,-0.0008650519031141869,0.01124567474048443,0.0012313148788927221
1604995523352,0.0033333333333333335,0.015555555555555555,0.001122000000000014
1604995523386,0.005190311418685121,0.012975778546712802,0.00048728373702421984
1604995523417,0.008324661810613945,0.012486992715920915,0.0015071800208116466
1604995523449,0.0107421875,0.0146484375,0.0007048828125000017
1604995523497,0.004774305555555556,0.005208333333333333,0.00017907986111111008
1604995523529,0.0126953125,0.009765625,0.0005625976562499968
1604995523562,0.012855831037649219,0.006427915518824609,4.481175390266295e-05
1604995523593,0.014568158168574402,-0.001040582726326743,-0.0008648283038501479
1604995523625,0.013671875,-0.005859375,-0.0006499023437500084
1604995523657,0.013671875,0.0,-0.0005219726562499805
1604995523689,0.01171875,-0.0068359375,-0.00039023437500002034
1604995523721,0.013671875,-0.001953125,-0.000599804687499983
1604995523753,0.0087890625,-0.0107421875,-0.0013138671875000119
1604995523785,0.009765625,-0.0087890625,-0.0008387695312500054
1604995523818,0.006427915518824609,-0.011019283746556474,-0.0011074380165289155
1604995523849,0.006243496357960458,-0.009365244536940686,-0.0021941727367325655
1604995523896,0.0009053870529651426,-0.007243096423721141,-0.0007364870982344981
1604995523928,0.0,-0.0107421875,-0.0013470703125000039
1604995523960,-0.001953125,-0.0126953125,-0.0008370117187500026
1604995523993,-0.0036730945821854912,-0.013774104683195593,-0.0014270890725435969
1604995524025,-0.0068359375,-0.013671875,-0.0011666992187500114
1604995524056,-0.009365244536940686,-0.011446409989594173,-0.0006160249739854453
1604995524089,-0.0073461891643709825,-0.008264462809917356,-0.0014268135904499499
1604995524120,-0.012486992715920915,-0.007284079084287201,2.6326742976082877e-05
1604995524152,-0.01171875,-0.00390625,6.533203125000386e-05
1604995524184,-0.013671875,0.0,-0.00036660156250001297
1604995524217,-0.013774104683195593,0.0036730945821854912,0.0001638200183654826
1604995524250,-0.012855831037649219,0.0036730945821854912,-0.0002494949494949585
1604995524297,-0.007243096423721141,0.0036215482118605704,0.00022123132639203003
1604995524329,-0.017578125,0.009765625,-0.00010292968750000298
1604995524361,-0.01171875,0.0126953125,-0.0007450195312500019
1604995524392,-0.011446409989594173,0.014568158168574402,-0.0007450195312500019
1604995524425,-0.006427915518824609,0.015610651974288337,0.15458163452708906
1604995524457,-0.0029296875,0.017578125,0.00046044921875001976
1604995524489,0.0029296875,0.0185546875,-0.0007383789062500035
1604995524520,0.007284079084287201,0.01664932362122789,-0.0006172736732570197
1604995524552,0.009765625,0.0126953125,-0.00011230468750000888
1604995524585,0.011019283746556474,0.009182736455463728,-0.00036685032139579203
1604995524617,0.013671875,0.00390625,-0.0010471679687499846
1604995524649,0.0146484375,0.0009765625,-0.0005669921875000039
1604995524697,0.006076388888888889,-0.002170138888888889,-0.00012621527777777352
1604995524729,0.015625,-0.0048828125,-0.000332617187499995
1604995524761,0.0126953125,-0.005859375,-0.00045908203125000213
1604995524793,0.0107421875,-0.0166015625,-0.00045908203125000213
1604995524825,0.0107421875,-0.0068359375,-0.00045908203125000213
1604995524856,0.01040582726326743,-0.007284079084287201,-0.00045908203125000213
1604995524889,0.004591368227731864,-0.011937557392102846,-0.00045908203125000213
1604995524921,0.001953125,-0.01171875,-0.00045908203125000213
1604995524953,0.0,-0.01171875,-0.00045908203125000213
1604995524985,-0.0009765625,-0.015625,-0.00045908203125000213
1604995525017,-0.00390625,-0.0126953125,-0.00045908203125000213
1604995525051,-0.004325259515570935,-0.00865051903114187,-0.00045908203125000213
1604995525096,-0.0034567901234567903,-0.005432098765432099,-0.00045908203125000213
1604995525129,-0.009182736455463728,-0.006427915518824609,-0.00045908203125000213
1604995525160,-0.014568158168574402,-0.006243496357960458,-0.00045908203125000213
1604995525193,-0.010101010101010102,0.0009182736455463728,-0.00045908203125000213
1604995525224,-0.014568158168574402,0.002081165452653486,-0.00045908203125000213
1604995525257,-0.013774104683195593,0.0036730945821854912,-0.00045908203125000213
1604995525288,-0.014568158168574402,0.006243496357960458,-0.00045908203125000213
1604995525321,-0.012855831037649219,0.008264462809917356,-0.00045908203125000213
1604995525353,-0.0107421875,0.01171875,-0.00045908203125000213
1604995525385,-0.0087890625,0.0146484375,-0.00045908203125000213
1604995525417,-0.005859375,0.0146484375,-0.00045908203125000213
1604995525449,-0.0048828125,0.0146484375,-0.00045908203125000213
1604995525497,0.001736111111111111,0.008246527777777778,-0.00045908203125000213
1604995525529,0.0087890625,0.017578125,-0.00045908203125000213
1604995525561,0.0087890625,0.0126953125,-0.00045908203125000213
1604995525593,0.01171875,0.005859375,-0.00045908203125000213
1604995525624,0.013527575442247659,0.001040582726326743,-0.00045908203125000213
1604995525657,0.012855831037649219,-0.0036730945821854912,-0.00045908203125000213
1604995525688,0.01768990634755463,-0.005202913631633715,-0.00045908203125000213
1604995525720,0.009765625,-0.0146484375,-0.00045908203125000213
1604995525752,0.0146484375,-0.0048828125,-0.00045908203125000213
1604995525786,0.012110726643598616,-0.005190311418685121,-0.00045908203125000213
1604995525817,0.014568158168574402,-0.011446409989594173,-0.00045908203125000213
1604995525849,0.00390625,-0.01171875,-0.00045908203125000213
1604995525897,0.005208333333333333,-0.004774305555555556,-0.00045908203125000213
1604995525929,-0.0029296875,-0.01953125,-0.00045908203125000213
1604995525961,0.009765625,-0.0107421875,-0.00045908203125000213
1604995525993,-0.0029296875,-0.0087890625,-0.00045908203125000213
1604995526024,-0.007284079084287201,-0.004162330905306972,-0.00045908203125000213
1604995526057,-0.008264462809917356,-0.0073461891643709825,-0.00045908203125000213
1604995526089,-0.01171875,-0.005859375,-0.00045908203125000213
1604995526121,-0.01171875,-0.0048828125,-0.00045908203125000213
1604995526153,-0.015625,-0.001953125,0.11945585937500001
1604995526185,-0.0166015625,0.0009765625,-0.0018718750000000228
1604995526218,-0.015610651974288337,0.0027548209366391185,-0.0018718750000000228
1604995526249,-0.01768990634755463,0.006243496357960458,-0.0018718750000000228
1604995526297,-0.007378472222222222,0.003472222222222222,-0.0018718750000000228
1604995526329,-0.013671875,0.01171875,-0.0018718750000000228
1604995526361,-0.009765625,0.015625,-0.0018718750000000228
1604995526393,-0.005859375,0.015625,-0.0018718750000000228
1604995526425,-0.001953125,0.015625,-0.0018718750000000228
1604995526457,0.001953125,0.01953125,-0.0018718750000000228
1604995526488,0.005202913631633715,0.011446409989594173,-0.0018718750000000228
1604995526521,0.008264462809917356,0.011937557392102846,-0.0018718750000000228
1604995526553,0.0126953125,0.0087890625,-0.0018718750000000228
1604995526585,0.0126953125,0.001953125,-0.0018718750000000228
1604995526618,0.015610651974288337,-0.006427915518824609,-0.0018718750000000228
1604995526665,0.005885015844273427,-0.004526935264825713,0.04694789497510185
1604995526696,0.018730489073881373,-0.006243496357960458,0.0008775234131113416
1604995526729,0.01652892561983471,-0.005509641873278237,0.0008775234131113416
1604995526760,0.008324661810613945,-0.004162330905306972,0.0008775234131113416
1604995526793,0.014692378328741965,-0.014692378328741965,0.0008775234131113416
1604995526825,0.0068359375,-0.0107421875,0.0008775234131113416
1604995526857,0.0048828125,-0.021484375,0.0008775234131113416
1604995526889,0.0146484375,0.01171875,0.0008775234131113416
1604995526920,-0.001040582726326743,-0.05827263267429761,0.0008775234131113416
1604995526952,0.0107421875,-0.0107421875,0.0008775234131113416
1604995526984,-0.009765625,-0.005859375,0.0008775234131113416
1604995527018,-0.012110726643598616,-0.0017301038062283738,0.0008775234131113416
1604995527065,-0.006790402897238569,-0.004526935264825713,0.0008775234131113416
1604995527097,-0.0166015625,0.00390625,0.0008775234131113416
1604995527129,-0.0205078125,0.0009765625,0.0008775234131113416
1604995527161,-0.021484375,0.0029296875,0.0008775234131113416
1604995527192,-0.023933402705515087,0.005202913631633715,0.0008775234131113416
1604995527224,-0.0205078125,0.0068359375,0.0008775234131113416
1604995527257,-0.018365472910927456,0.010101010101010102,0.0008775234131113416
1604995527288,-0.01768990634755463,0.006243496357960458,0.0008775234131113416
1604995527322,-0.01124567474048443,0.01384083044982699,0.0008775234131113416
1604995527353,-0.009365244536940686,0.019771071800208116,0.0008775234131113416
1604995527385,-0.005859375,0.0078125,0.0008775234131113416
1604995527433,0.009982638888888888,-0.006076388888888889,0.0008775234131113416
1604995527465,-0.0703125,0.0791015625,0.1431150390625
1604995527497,0.0126953125,0.0244140625,0.1431150390625
1604995527530,0.014692378328741965,0.005509641873278237,0.09774536271808998
1604995527560,0.021111111111111112,0.012222222222222223,-0.01327955555555554
1604995527592,0.0205078125,0.0048828125,-0.01217109375
1604995527624,0.09765625,-0.048828125,-0.004529882812499997
1604995527656,0.0244140625,0.00390625,9.052734374999372e-05
1604995527689,-0.011019283746556474,0.015610651974288337,9.052734374999372e-05
1604995527721,0.0107421875,-0.0234375,9.052734374999372e-05
1604995527753,0.0087890625,-0.0234375,9.052734374999372e-05
1604995527785,0.0126953125,-0.01953125,9.052734374999372e-05
1604995527817,0.0048828125,-0.0146484375,9.052734374999372e-05
1604995527865,0.0026041666666666665,-0.005642361111111111,9.052734374999372e-05
1604995527897,-0.0048828125,-0.0009765625,9.052734374999372e-05
1604995527929,-0.009765625,-0.0068359375,9.052734374999372e-05
1604995527962,-0.010101010101010102,-0.011937557392102846,9.052734374999372e-05
1604995527992,-0.014444444444444444,-0.015555555555555555,9.052734374999372e-05
1604995528025,-0.014692378328741965,-0.009182736455463728,9.052734374999372e-05
1604995528057,-0.017578125,-0.00390625,9.052734374999372e-05
1604995528089,-0.0205078125,0.001953125,9.052734374999372e-05
1604995528121,-0.01953125,0.005859375,9.052734374999372e-05
1604995528153,-0.0185546875,0.0107421875,9.052734374999372e-05
1604995528185,-0.0185546875,0.0146484375,9.052734374999372e-05
1604995528217,-0.0146484375,0.0185546875,9.052734374999372e-05
1604995528265,-0.005208333333333333,0.009982638888888888,9.052734374999372e-05
1604995528297,-0.005859375,0.021484375,9.052734374999372e-05
1604995528329,-0.001953125,0.0234375,9.052734374999372e-05
1604995528360,0.005202913631633715,0.023933402705515087,9.052734374999372e-05
1604995528393,0.009182736455463728,0.021120293847566574,9.052734374999372e-05
1604995528424,0.013527575442247659,0.013527575442247659,9.052734374999372e-05
1604995528457,0.015610651974288337,0.0036730945821854912,9.052734374999372e-05
1604995528488,0.022892819979188347,0.002081165452653486,9.052734374999372e-05
1604995528521,0.018365472910927456,-0.010101010101010102,9.052734374999372e-05
1604995528553,0.0244140625,-0.0029296875,9.052734374999372e-05
1604995528586,0.020202020202020204,-0.008264462809917356,9.052734374999372e-05
1604995528619,0.020202020202020204,-0.015610651974288337,9.052734374999372e-05
1604995528665,0.00992438563327032,-0.007561436672967864,9.052734374999372e-05
1604995528697,0.017578125,-0.0166015625,9.052734374999372e-05
1604995528729,0.0126953125,-0.0205078125,9.052734374999372e-05
1604995528761,0.005859375,-0.015625,9.052734374999372e-05
1604995528792,-0.002081165452653486,-0.015608740894901144,9.052734374999372e-05
1604995528825,-0.006427915518824609,-0.014692378328741965,9.052734374999372e-05
1604995528856,-0.013527575442247659,-0.019771071800208116,9.052734374999372e-05
1604995528888,-0.0166015625,-0.017578125,9.052734374999372e-05
1604995528921,-0.018365472910927456,-0.011019283746556474,9.052734374999372e-05
1604995528953,-0.021484375,-0.005859375,0.11606406249999998
1604995528985,-0.0224609375,0.0,0.11606406249999998
1604995529017,-0.0234375,0.0048828125,0.11606406249999998
1604995529065,-0.009982638888888888,0.00390625,0.05088880208333333
1604995529097,-0.01953125,0.0146484375,0.05088880208333333
1604995529128,-0.01768990634755463,0.019771071800208116,0.05088880208333333
1604995529161,-0.010101010101010102,0.02203856749311295,0.05088880208333333
1604995529192,-0.005202913631633715,0.02497398543184183,0.05088880208333333
1604995529224,0.001953125,0.0244140625,0.05088880208333333
1604995529256,0.0068359375,0.0224609375,0.05088880208333333
1604995529288,0.013671875,0.01953125,0.05088880208333333
1604995529320,0.017578125,0.013671875,0.05088880208333333
1604995529353,0.01928374655647383,0.0036730945821854912,0.05088880208333333
1604995529386,0.01928374655647383,0.0009182736455463728,0.05088880208333333
1604995529418,0.0205078125,-0.0029296875,0.05088880208333333
1604995529465,0.009506564056133997,-0.0022634676324128564,0.05088880208333333
1604995529497,0.01953125,-0.013671875,0.05088880208333333
1604995529528,0.01768990634755463,-0.015608740894901144,0.14371508844953174
1604995529560,0.015625,-0.013671875,0.14371508844953174
1604995529592,0.01171875,-0.017578125,0.14371508844953174
1604995529624,0.0068359375,-0.01171875,0.14371508844953174
1604995529656,0.0009765625,-0.015625,0.14371508844953174
1604995529688,-0.001953125,-0.01953125,0.14371508844953174
1604995529721,-0.008264462809917356,-0.01652892561983471,0.14371508844953174
1604995529769,-0.004774305555555556,-0.006076388888888889,0.14371508844953174
1604995529786,-0.05190311418685121,-0.03806228373702422,0.14371508844953174
1604995529832,-0.008034026465028356,-0.003780718336483932,0.14371508844953174
1604995529865,-0.018365472910927456,-0.0009182736455463728,0.14371508844953174
1604995529897,-0.0205078125,0.00390625,0.14371508844953174
1604995529930,-0.018365472910927456,0.006427915518824609,0.14371508844953174
1604995529960,-0.022222222222222223,0.013333333333333334,0.14371508844953174
1604995529992,-0.0166015625,0.015625,0.14371508844953174
1604995530025,-0.013774104683195593,0.015610651974288337,0.14371508844953174
1604995530056,-0.013527575442247659,0.019771071800208116,0.14371508844953174
1604995530089,-0.0073461891643709825,0.021120293847566574,0.14371508844953174
1604995530121,0.001953125,0.0205078125,0.14371508844953174
1604995530155,0.005190311418685121,0.01730103806228374,0.14371508844953174
1604995530185,0.008888888888888889,0.02,0.14371508844953174
1604995530233,0.004774305555555556,0.006510416666666667,0.14371508844953174
1604995530265,0.015625,0.0107421875,0.14679609375
1604995530296,0.019771071800208116,0.005202913631633715,0.0005145681581685915
1604995530328,0.0185546875,-0.001953125,0.000707812499999988
1604995530361,0.01928374655647383,-0.012855831037649219,0.000707812499999988
1604995530393,0.0166015625,-0.0126953125,0.000707812499999988
1604995530425,0.0185546875,-0.0146484375,0.000707812499999988
1604995530456,0.014568158168574402,-0.01768990634755463,0.000707812499999988
1604995530488,0.0126953125,-0.0126953125,0.16040908203125
1604995530522,0.00865051903114187,-0.00865051903114187,0.16040908203125
1604995530553,0.007284079084287201,-0.01768990634755463,0.16040908203125
1604995530588,-0.0008163265306122449,-0.019591836734693877,0.16040908203125
1604995530632,-0.0010330578512396695,-0.011363636363636364,0.07819540289256198
1604995530665,-0.005509641873278237,-0.015610651974288337,0.0007275482093664018
1604995530697,-0.0078125,-0.0107421875,0.0011096679687499778
1604995530728,-0.01040582726326743,-0.01040582726326743,0.00041592091571282427
1604995530760,-0.015625,-0.00390625,0.00021884765624999303
1604995530792,-0.0166015625,0.001953125,0.0003030273437499842
1604995530825,-0.018365472910927456,0.004591368227731864,0.0009231404958677735
1604995530856,-0.022892819979188347,0.009365244536940686,0.0022628511966701335
1604995530888,-0.017578125,0.013671875,0.0018344726562500024
1604995530921,-0.013774104683195593,0.014692378328741965,0.0023282828282828404
1604995530954,-0.010101010101010102,0.013774104683195593,0.002175390266299357
1604995530986,-0.0078125,0.021484375,0.003498828124999992
1604995531033,-0.0018107741059302852,0.009959257582616569,0.001328610230873698
1604995531065,0.00390625,0.0205078125,0.0023990234375000086
1604995531097,0.0078125,0.0166015625,0.0023032226562499925
1604995531128,0.01040582726326743,0.02081165452653486,0.003300936524453698
1604995531161,0.012855831037649219,0.013774104683195593,0.0024313131313131184
1604995531192,0.015608740894901144,0.012486992715920915,0.0021340270551508944
1604995531225,0.014692378328741965,0.008264462809917356,0.0012320477502295712
1604995531256,0.014568158168574402,0.006243496357960458,-0.00044734651404787046
1604995531288,0.0107421875,-0.009765625,-0.00036669921874998845
1604995531321,0.014692378328741965,0.0,-0.0008498622589531677
1604995531353,0.017578125,-0.0009765625,-0.0006018554687500233
1604995531386,0.015610651974288337,-0.0018365472910927456,-0.0006235996326905206
1604995531433,0.006337709370755998,-0.004074241738343142,-0.0005708012675418835
1604995531465,0.015625,-0.001953125,-0.001684765625000001
1604995531497,0.0107421875,-0.01953125,-0.0021059570312499942
1604995531529,0.013671875,-0.0029296875,-0.0025896484374999806
1604995531561,0.0087890625,-0.0107421875,-0.0028776367187500207
1604995531592,0.006243496357960458,-0.01664932362122789,-0.00256899063475545
1604995531625,0.0018365472910927456,-0.018365472910927456,-0.002577777777777773
1604995531657,-0.0009765625,-0.021484375,-0.0021288085937500034
1604995531690,-0.004591368227731864,-0.01928374655647383,-0.0017543617998163573
1604995531721,-0.007284079084287201,-0.018730489073881373,-0.0008449531737772981
1604995531753,-0.0087890625,-0.015625,-0.0007798828125000212
1604995531786,-0.010101010101010102,-0.011937557392102846,-0.0005291092745638201
1604995531833,-0.006337709370755998,-0.0036215482118605704,0.000339610683567228
1604995531865,-0.015625,-0.0029296875,0.0001143554687499937
1604995531897,-0.0166015625,-0.0009765625,-6.679687499999698e-05
1604995531929,-0.017578125,0.00390625,0.00022294921875001816
1604995531961,-0.0205078125,0.0087890625,0.0013164062499999851
1604995531993,-0.0185546875,0.01171875,0.0015416992187499978
1604995532024,-0.018730489073881373,0.01664932362122789,0.0024368366285119733
1604995532056,-0.015625,0.017578125,0.001693066406249999
1604995532089,-0.009182736455463728,0.020202020202020204,0.002207529843893477
1604995532121,-0.0087890625,0.0205078125,0.0010247070312500162
1604995532153,0.0,0.01953125,0.00032470703124998224
1604995532185,0.0048828125,0.015625,-0.0014252929687499916
1604995532233,0.004774305555555556,0.0078125,-0.00030082465277778446
1604995532264,0.012486992715920915,0.008324661810613945,-0.0015438085327783512
1604995532297,0.014692378328741965,0.0,-0.002542516069788796
1604995532329,0.0166015625,-0.0068359375,-0.002139062499999983
1604995532361,0.0185546875,-0.0078125,-0.0015286132812500075
1604995532392,0.01664932362122789,-0.013527575442247659,-0.0006553590010405711
1604995532425,0.018365472910927456,-0.004591368227731864,-0.0025526170798898283
1604995532457,0.0146484375,-0.0166015625,-0.003036621093749997
1604995532488,0.014568158168574402,-0.01040582726326743,-0.003036621093749997
1604995532521,0.008264462809917356,-0.010101010101010102,-0.003036621093749997
1604995532554,0.004591368227731864,-0.011937557392102846,-0.003036621093749997
1604995532585,-0.006243496357960458,-0.02497398543184183,-0.003036621093749997
1604995532632,-0.0022634676324128564,-0.009506564056133997,-0.003036621093749997
1604995532664,-0.0068359375,-0.0166015625,-0.003036621093749997
1604995532697,-0.010101010101010102,-0.015610651974288337,-0.003036621093749997
1604995532728,-0.015608740894901144,-0.014568158168574402,-0.003036621093749997
1604995532761,-0.014692378328741965,-0.008264462809917356,-0.003036621093749997
1604995532792,-0.019771071800208116,-0.006243496357960458,-0.003036621093749997
1604995532824,-0.021484375,0.001953125,-0.003036621093749997
1604995532857,-0.02203856749311295,0.005509641873278237,-0.003036621093749997
1604995532889,-0.0224609375,0.0126953125,-0.003036621093749997
1604995532921,-0.0224609375,0.017578125,-0.003036621093749997
1604995532953,-0.017578125,0.0244140625,-0.003036621093749997
1604995532985,-0.009765625,0.0263671875,-0.003036621093749997
1604995533032,-0.001358080579447714,0.013128112267994568,-0.003036621093749997
1604995533064,0.0068359375,0.0283203125,-0.003036621093749997
1604995533097,0.013774104683195593,0.02203856749311295,-0.003036621093749997
1604995533129,0.0224609375,0.0166015625,-0.003036621093749997
1604995533160,0.02809573361082206,0.007284079084287201,-0.003036621093749997
1604995533193,0.023875114784205693,-0.005509641873278237,-0.003036621093749997
1604995533224,0.02497398543184183,-0.01768990634755463,-0.003036621093749997
1604995533257,0.02295684113865932,-0.011937557392102846,-0.003036621093749997
1604995533289,0.01953125,-0.015625,-0.003036621093749997
1604995533321,0.0166015625,-0.0166015625,-0.003036621093749997
1604995533354,0.011937557392102846,-0.009182736455463728,-0.003036621093749997
1604995533401,0.002716161158895428,-0.009959257582616569,-0.003036621093749997
1604995533433,0.0,-0.01953125,-0.003036621093749997
1604995533465,-0.0029296875,-0.0234375,-0.003036621093749997
1604995533496,-0.012486992715920915,-0.019771071800208116,-0.003036621093749997
1604995533529,-0.009182736455463728,-0.013774104683195593,-0.003036621093749997
1604995533561,-0.0126953125,-0.01171875,-0.003036621093749997
1604995533592,-0.012486992715920915,-0.01040582726326743,-0.003036621093749997
1604995533624,-0.0166015625,-0.0048828125,-0.003036621093749997
1604995533657,-0.01652892561983471,-0.0018365472910927456,-0.003036621093749997
1604995533688,-0.02081165452653486,0.004162330905306972,0.12554255983350676
1604995533721,-0.01652892561983471,0.0073461891643709825,-0.0008268135904499454
1604995533754,-0.014692378328741965,0.010101010101010102,-0.0008268135904499454
1604995533801,-0.005885015844273427,0.007243096423721141,-0.0008268135904499454
1604995533833,-0.0078125,0.0166015625,-0.0008268135904499454
1604995533865,-0.00390625,0.017578125,-0.0008268135904499454
1604995533897,0.0,0.01953125,-0.0008268135904499454
1604995533929,0.0048828125,0.01953125,-0.0008268135904499454
1604995533961,0.0087890625,0.015625,0.11313720703124999
1604995533993,0.0107421875,0.013671875,-0.0015030273437499908
1604995534025,0.0126953125,0.0087890625,-0.0014617187500000073
1604995534057,0.0126953125,0.0029296875,-0.0014617187500000073
1604995534089,0.013671875,-0.0029296875,-0.0014617187500000073
1604995534121,0.013671875,-0.00390625,-0.0014617187500000073
1604995534154,0.012855831037649219,-0.005509641873278237,0.11464903581267218
1604995534201,0.005432322317790856,-0.005885015844273427,0.0006344952467179728
1604995534234,0.010101010101010102,-0.011937557392102846,0.0022853994490358107
1604995534265,0.009365244536940686,-0.012486992715920915,0.0016867845993756305
1604995534297,0.00390625,-0.0166015625,0.001135449218750001
1604995534329,0.0009765625,-0.0185546875,0.001135449218750001
1604995534360,-0.001040582726326743,-0.01768990634755463,0.001135449218750001
1604995534393,-0.004591368227731864,-0.014692378328741965,0.001135449218750001
1604995534424,-0.005202913631633715,-0.012486992715920915,0.001135449218750001
1604995534457,-0.0073461891643709825,-0.008264462809917356,0.001135449218750001
1604995534488,-0.008324661810613945,-0.004162330905306972,0.12014994797086369
1604995534521,-0.008264462809917356,0.0,0.12014994797086369
1604995534555,-0.007785467128027681,0.0025951557093425604,0.12014994797086369
1604995534601,-0.004253308128544423,0.0023629489603024575,0.12014994797086369
1604995534633,-0.0087890625,0.009765625,0.12014994797086369
1604995534664,-0.007284079084287201,0.013527575442247659,0.12014994797086369
1604995534697,-0.0036730945821854912,0.013774104683195593,0.12014994797086369
1604995534729,-0.001953125,0.0185546875,0.12014994797086369
1604995534761,0.0,0.01953125,0.12014994797086369
1604995534793,0.0048828125,0.0107421875,0.12014994797086369
1604995534824,0.01040582726326743,0.009365244536940686,0.12014994797086369
1604995534857,0.014692378328741965,-0.011937557392102846,0.12014994797086369
1604995534888,0.02081165452653486,-0.014568158168574402,0.12014994797086369
1604995534921,0.018365472910927456,-0.01652892561983471,0.12014994797086369
1604995534955,0.020761245674740483,-0.02249134948096886,0.12014994797086369
1604995535001,0.011814744801512287,-0.011814744801512287,0.12014994797086369
1604995535033,0.021484375,-0.021484375,0.12014994797086369
1604995535064,0.01664932362122789,-0.022892819979188347,0.12014994797086369
1604995535097,0.005509641873278237,-0.01928374655647383,0.12014994797086369
1604995535128,0.002081165452653486,-0.013527575442247659,0.12014994797086369
