1604989053650,-0.8484848484848485,1.1515151515151516,0.0
1604989053682,0.1875,-1.4375,0.0
1604989053714,-0.5,1.375,0.0
1604989053746,0.4375,-1.3125,0.0
1604989053794,-0.25,0.7916666666666666,0.0
1604989053827,0.42424242424242425,-0.7878787878787878,0.0
1604989053857,-0.4,1.0666666666666667,0.0
1604989053890,0.5454545454545454,-1.1515151515151516,6.599218181818183
1604989053921,-0.45161290322580644,1.032258064516129,6.599218181818183
1604989053953,0.6875,-1.3125,6.599218181818183
1604989053986,-0.5454545454545454,1.2727272727272727,6.599218181818183
1604989054018,0.8125,-1.375,36.67753125
1604989054049,-0.6451612903225806,1.2903225806451613,-45.759993548387094
1604989054082,0.7272727272727273,-1.5151515151515151,43.038024242424235
1604989054130,-0.4583333333333333,1.25,-29.638574999999992
1604989054149,1.263157894736842,-3.5789473684210527,74.91384210526314
1604989054194,-0.4444444444444444,1.6,-31.642986666666665
1604989054226,0.6875,-2.25,44.48154375
1604989054258,-0.8125,1.875,-44.4264
1604989054305,0.5957446808510638,-1.4042553191489362,30.22630638297872
1604989054338,-0.6060606060606061,2.5454545454545454,-43.057981818181815
1604989054354,1.125,-6.125,88.868825
1604989054385,-0.5161290322580645,3.2903225806451615,-45.90434193548387
1604989054417,0.5,-3.375,44.529675
1604989054450,-0.6060606060606061,3.1515151515151514,-43.19647878787879
1604989054482,0.6875,-2.9375,44.54758125
1604989054514,-0.75,2.75,-44.527893750000004
1604989054546,0.75,-2.5625,44.531268749999995
1604989054593,-0.5957446808510638,1.6595744680851063,-30.324361702127657
1604989054625,0.9375,-2.3125,44.50940625
1604989054657,-0.875,2.1875,-44.534525
1604989054690,0.9696969696969697,-1.878787878787879,43.12903636363636
1604989054722,-0.9375,1.75,-44.513749999999995
1604989054754,1.0625,-2.0,44.53439374999999
1604989054785,-0.967741935483871,2.193548387096774,-45.96938064516127
1604989054818,1.0909090909090908,-2.121212121212121,43.18213939393938
1604989054850,-0.875,2.125,-44.52943124999998
1604989054881,1.096774193548387,-2.0,46.02708387096772
1604989054914,-0.9696969696969697,1.7575757575757576,-43.13641818181816
1604989054946,1.0,-1.875,44.571031249999976
1604989054994,-0.625,1.4166666666666667,44.571031249999976
1604989055025,0.9032258064516129,-2.4516129032258065,44.571031249999976
1604989055057,-0.9375,2.375,44.571031249999976
1604989055090,0.9090909090909091,-2.303030303030303,44.571031249999976
1604989055122,-1.0,2.8125,44.571031249999976
1604989055155,1.0303030303030303,-3.090909090909091,44.571031249999976
1604989055186,-1.096774193548387,3.6129032258064515,-53.30097419354837
1604989055217,1.096774193548387,-3.5483870967741935,-53.30097419354837
1604989055249,-1.0625,3.125,-53.30097419354837
1604989055281,1.0625,-2.9375,-53.30097419354837
1604989055315,-1.0588235294117647,2.2941176470588234,-53.30097419354837
1604989055345,1.0666666666666667,-1.8666666666666667,35.458046666666654
1604989055394,-0.6122448979591837,1.346938775510204,-28.163453061224484
1604989055427,0.7272727272727273,-2.0,41.79187272727272
1604989055458,-0.7741935483870968,1.7419354838709677,41.79187272727272
1604989055489,0.6451612903225806,-1.935483870967742,74.157
1604989055522,-0.7272727272727273,1.7575757575757576,-78.97101818181818
1604989055553,0.7096774193548387,-2.064516129032258,84.01732903225806
1604989055585,-0.75,2.75,-81.34945625
1604989055617,0.6875,-3.5625,81.32193749999999
1604989055650,-0.7878787878787878,3.6363636363636362,-78.77172121212122
1604989055682,0.625,-3.5,81.17071250000001
1604989055715,-0.48484848484848486,3.393939393939394,-78.75652121212121
1604989055746,0.45161290322580644,-3.6129032258064515,83.82031612903225
1604989055794,-0.375,2.375,-54.153083333333335
1604989055825,0.5806451612903226,-4.451612903225806,83.87514838709677
1604989055858,-0.5454545454545454,4.848484848484849,-78.82965454545453
1604989055889,0.3870967741935484,-5.032258064516129,83.89543870967739
1604989055922,-0.48484848484848486,4.363636363636363,-78.79917575757574
1604989055954,0.5,-4.1875,81.26665624999998
1604989055986,-0.625,4.0625,-81.32138749999999
1604989056017,0.5806451612903226,-4.451612903225806,-81.32138749999999
1604989056049,-0.75,4.6875,-81.32138749999999
1604989056083,0.5882352941176471,-4.588235294117647,-81.32138749999999
1604989056116,-0.5454545454545454,4.787878787878788,-47.617709090909074
1604989056146,0.8,-5.4,-47.617709090909074
1604989056196,-0.84,3.36,-47.617709090909074
1604989056225,1.793103448275862,-5.724137931034483,-47.617709090909074
1604989056257,-1.3125,5.0,-47.617709090909074
1604989056290,0.9090909090909091,-4.848484848484849,-47.617709090909074
1604989056322,-0.9375,5.1875,-47.617709090909074
1604989056354,1.0,-5.4375,-47.617709090909074
1604989056385,-1.096774193548387,5.67741935483871,-47.617709090909074
1604989056417,1.25,-5.3125,-47.617709090909074
1604989056450,-1.2121212121212122,4.96969696969697,-47.617709090909074
1604989056486,1.2222222222222223,-4.5,-47.617709090909074
1604989056515,-1.4482758620689655,5.586206896551724,-47.617709090909074
1604989056562,0.8936170212765957,-3.4893617021276597,-47.617709090909074
1604989056594,-1.0625,5.25,-10.856049999999993
1604989056625,1.096774193548387,-5.483870967741935,2.832999999999994
1604989056657,-1.0,5.25,-2.7486499999999943
1604989056689,1.125,-5.1875,2.734912499999993
1604989056722,-0.9696969696969697,4.96969696969697,-2.616018181818173
1604989056753,1.096774193548387,-5.354838709677419,2.7587290322580538
1604989056786,-0.9696969696969697,5.090909090909091,-2.5854969696969587
1604989056818,1.125,-5.25,2.6767187499999885
1604989056850,-1.125,5.1875,-2.665656249999987
1604989056882,1.1875,-5.125,2.7083124999999857
1604989056914,-1.1875,5.0,-2.7063812499999855
1604989056963,0.7755102040816326,-3.2653061224489797,1.7357510204081543
1604989056994,-1.032258064516129,5.225806451612903,-2.7887225806451483
1604989057026,1.125,-5.125,2.697387499999989
1604989057058,-0.875,5.0625,-2.6945749999999897
1604989057091,0.9696969696969697,-4.848484848484849,2.7721757575757477
1604989057121,-0.9333333333333333,5.333333333333333,-2.966759999999988
1604989057154,1.0303030303030303,-4.787878787878788,2.7192484848484715
1604989057186,-1.0625,4.9375,2.7192484848484715
1604989057219,1.0303030303030303,-4.7272727272727275,2.7192484848484715
1604989057250,-0.967741935483871,5.096774193548387,2.7192484848484715
1604989057282,0.8125,-5.0,2.7192484848484715
1604989057316,-0.7058823529411765,4.823529411764706,2.7192484848484715
1604989057363,0.425531914893617,-3.5319148936170213,2.7192484848484715
1604989057395,-0.625,5.3125,2.7192484848484715
1604989057427,0.5,-5.4375,2.7192484848484715
1604989057458,-0.5806451612903226,5.67741935483871,2.7192484848484715
1604989057490,0.5,-5.4375,2.7192484848484715
1604989057522,-0.5625,5.125,2.7192484848484715
1604989057554,0.4375,-4.9375,2.7192484848484715
1604989057585,-0.5161290322580645,5.096774193548387,2.7192484848484715
1604989057618,0.36363636363636365,-5.090909090909091,26.800254545454532
1604989057650,-0.4375,5.6875,-37.019137499999985
1604989057682,0.25,-5.9375,36.98916249999999
1604989057731,-0.20408163265306123,3.836734693877551,-24.15498775510203
1604989057763,0.1875,-5.75,37.01060624999999
1604989057794,-0.25806451612903225,5.935483870967742,-38.24972903225805
1604989057827,0.18181818181818182,-5.636363636363637,35.93887878787878
1604989057857,-0.2,6.333333333333333,-39.569353333333325
1604989057890,0.12121212121212122,-5.818181818181818,35.93842424242424
1604989057922,-0.125,5.875,-37.064924999999995
1604989057953,0.12903225806451613,-5.741935483870968,38.221612903225804
1604989057986,-0.30303030303030304,5.151515151515151,-35.86555151515151
1604989058017,0.3225806451612903,-5.483870967741935,-35.86555151515151
1604989058051,-0.47058823529411764,4.9411764705882355,-35.86555151515151
1604989058082,0.5161290322580645,-5.161290322580645,-35.86555151515151
1604989058114,-0.6875,4.5625,-35.86555151515151
1604989058162,0.4166666666666667,-2.7083333333333335,-35.86555151515151
1604989058194,-0.8125,4.0625,-35.86555151515151
1604989058226,0.8125,-4.375,-35.86555151515151
1604989058259,-0.7878787878787878,4.606060606060606,-35.86555151515151
1604989058289,1.2,-5.066666666666666,-35.86555151515151
1604989058322,-1.5151515151515151,4.424242424242424,-35.86555151515151
1604989058354,1.625,-4.5,-35.86555151515151
1604989058385,-1.8064516129032258,4.516129032258065,-35.86555151515151
1604989058417,1.75,-4.25,-35.86555151515151
1604989058450,-1.6363636363636365,4.181818181818182,-35.86555151515151
1604989058498,1.2083333333333333,-2.9166666666666665,-35.86555151515151
1604989058514,-3.625,9.0,-35.86555151515151
1604989058561,1.3617021276595744,-3.0638297872340425,-35.86555151515151
1604989058594,-1.9393939393939394,4.242424242424242,-35.86555151515151
1604989058626,2.0625,-4.3125,-35.86555151515151
1604989058658,-1.9375,4.25,-35.86555151515151
1604989058690,1.9375,-4.3125,25.18733749999999
1604989058722,-1.8125,4.3125,-33.46203749999999
1604989058754,1.8125,-4.3125,33.48342499999998
1604989058786,-1.75,4.3125,-33.52749374999998
1604989058818,1.8125,-4.4375,33.56862499999998
1604989058850,-1.75,4.5,-33.55480624999998
1604989058882,1.8125,-4.5,33.52918124999998
1604989058915,-1.696969696969697,4.303030303030303,-32.49397575757574
1604989058963,1.2083333333333333,-2.9166666666666665,22.34578333333332
1604989058993,-1.9333333333333333,4.6,-35.78975999999998
1604989059026,1.8181818181818181,-4.181818181818182,32.54932121212119
1604989059057,-1.935483870967742,4.387096774193548,-34.64742580645159
1604989059089,2.0,-4.1875,33.58055624999997
1604989059122,-1.9393939393939394,4.0606060606060606,-32.61406060606058
1604989059154,2.125,-4.1875,33.628806249999975
1604989059185,-2.129032258064516,4.258064516129032,-34.72001290322578
1604989059218,2.1818181818181817,-3.9393939393939394,32.60096969696967
1604989059249,-2.193548387096774,4.129032258064516,-34.74379999999997
1604989059283,2.235294117647059,-3.8823529411764706,31.746111764705855
1604989059330,-1.4893617021276595,2.9361702127659575,-22.866153191489342
1604989059363,2.1818181818181817,-4.363636363636363,32.59419393939391
1604989059394,-2.2580645161290325,4.709677419354839,-34.68702580645158
1604989059425,2.3225806451612905,-4.774193548387097,-34.68702580645158
1604989059458,-2.242424242424242,4.7272727272727275,-34.68702580645158
1604989059490,2.3125,-4.9375,-34.68702580645158
1604989059522,-2.375,5.0,-34.68702580645158
1604989059554,2.375,-5.125,-34.68702580645158
1604989059587,-2.303030303030303,5.151515151515151,-34.68702580645158
1604989059618,2.3225806451612905,-5.612903225806452,-34.68702580645158
1604989059650,-2.1875,5.5,-34.68702580645158
1604989059683,1.9393939393939394,-5.333333333333333,-34.68702580645158
1604989059714,-2.064516129032258,5.161290322580645,-34.68702580645158
1604989059763,1.2244897959183674,-2.8979591836734695,-34.68702580645158
1604989059796,-1.9393939393939394,4.484848484848484,-34.68702580645158
1604989059826,2.066666666666667,-5.6,-34.68702580645158
1604989059876,-1.28,3.6,-34.68702580645158
1604989059906,2.066666666666667,-6.666666666666667,-34.68702580645158
1604989059922,-4.25,13.5,-12.858799999999935
1604989059953,2.2580645161290325,-6.387096774193548,-2.885277419354874
1604989059985,-2.5625,5.5,2.895075000000034
1604989060018,2.787878787878788,-5.151515151515151,-2.8666363636363976
1604989060050,-3.1875,5.5,2.8487000000000364
1604989060083,3.1515151515151514,-5.2727272727272725,-2.736866666666701
1604989060130,-2.297872340425532,3.4893617021276597,1.904553191489385
1604989060161,3.3548387096774195,-5.225806451612903,-2.857219354838745
1604989060193,-2.9375,5.125,2.655937500000034
1604989060226,2.727272727272727,-4.7272727272727275,-2.570103030303063
1604989060257,-3.032258064516129,4.967741935483871,2.736393548387131
1604989060290,2.8484848484848486,-4.848484848484849,-2.527848484848517
1604989060322,-3.0625,5.0625,-2.527848484848517
1604989060354,2.875,-4.8125,-2.527848484848517
1604989060386,-2.875,4.375,-2.527848484848517
1604989060418,2.6875,-4.1875,-2.527848484848517
1604989060451,-2.787878787878788,4.363636363636363,-2.527848484848517
1604989060482,2.967741935483871,-5.032258064516129,-2.527848484848517
1604989060530,-2.0,3.3333333333333335,-2.527848484848517
1604989060561,3.096774193548387,-5.483870967741935,-2.527848484848517
1604989060594,-2.909090909090909,5.575757575757576,-2.527848484848517
1604989060625,3.4193548387096775,-5.870967741935484,-2.527848484848517
1604989060657,-3.75,5.5,-2.527848484848517
1604989060690,3.5757575757575757,-5.454545454545454,-2.527848484848517
1604989060721,-3.7419354838709675,5.806451612903226,-2.527848484848517
1604989060753,3.6875,-5.625,-2.527848484848517
1604989060786,-3.5757575757575757,5.515151515151516,-2.527848484848517
1604989060817,3.870967741935484,-5.870967741935484,-2.527848484848517
1604989060850,-3.5757575757575757,5.454545454545454,-2.527848484848517
1604989060884,3.5294117647058822,-5.235294117647059,-2.527848484848517
1604989060930,-2.5217391304347827,3.869565217391304,-2.527848484848517
1604989060962,3.625,-5.5625,-2.527848484848517
1604989060994,-3.5625,5.5625,-2.527848484848517
1604989061026,3.625,-5.5,27.820768749999964
1604989061058,-3.5,5.5,-36.02763749999997
1604989061090,3.5625,-5.5625,36.01771874999997
1604989061121,-3.6129032258064515,5.741935483870968,-37.15834193548383
1604989061153,3.625,-5.5625,36.00543749999997
1604989061186,-3.393939393939394,5.393939393939394,-34.93372727272724
1604989061218,3.5,-5.625,36.02107499999997
1604989061250,-3.3125,5.625,-36.032356249999964
1604989061299,2.163265306122449,-3.673469387755102,23.562995918367324
1604989061332,-3.212121212121212,5.454545454545454,-35.04289696969693
1604989061362,3.6,-6.0,38.61587999999996
1604989061393,-3.4838709677419355,5.741935483870968,-37.36198709677416
1604989061425,3.1875,-5.75,36.15549999999996
1604989061458,-2.6666666666666665,5.878787878787879,-35.06774545454542
1604989061489,2.7096774193548385,-6.451612903225806,37.26759354838706
1604989061521,-2.4375,6.125,-36.14432499999997
1604989061554,2.484848484848485,-5.9393939393939394,35.06672121212118
1604989061585,-2.3870967741935485,6.258064516129032,-37.32979354838706
1604989061617,2.375,-6.0625,36.33314999999997
1604989061651,-1.9411764705882353,5.764705882352941,-34.17481176470585
1604989061682,2.129032258064516,-6.258064516129032,-34.17481176470585
1604989061730,-1.375,4.0,-34.17481176470585
1604989061762,2.0625,-5.75,-34.17481176470585
1604989061793,-2.064516129032258,6.0,-34.17481176470585
1604989061825,1.8125,-6.0,-34.17481176470585
1604989061857,-1.625,6.1875,-34.17481176470585
1604989061889,1.4375,-6.5,-34.17481176470585
1604989061921,-1.4375,6.5625,-34.17481176470585
1604989061954,1.393939393939394,-5.515151515151516,-34.17481176470585
1604989061986,-1.5625,4.875,-34.17481176470585
1604989062018,1.5,-5.25,-34.17481176470585
1604989062050,-1.4375,6.0625,-34.17481176470585
1604989062099,0.8163265306122449,-4.204081632653061,-34.17481176470585
1604989062129,-1.4,7.0,-34.17481176470585
1604989062161,1.1875,-6.5625,-34.17481176470585
1604989062193,-1.3125,6.375,-34.17481176470585
1604989062225,1.25,-6.3125,27.32638749999997
1604989062258,-1.2727272727272727,6.242424242424242,-35.43017575757573
1604989062290,1.125,-6.75,36.54359374999997
1604989062323,-1.1515151515151516,6.7272727272727275,-35.32863030303027
1604989062355,0.9375,-6.8125,36.363381249999975
1604989062386,-0.5806451612903226,7.290322580645161,-37.686393548387066
1604989062419,0.24242424242424243,-7.2727272727272725,35.42318787878785
1604989062451,-0.375,7.25,-36.47266874999997
1604989062498,0.425531914893617,-4.468085106382978,24.703565957446788
1604989062530,-0.75,6.25,-36.15897499999997
1604989062563,0.6060606060606061,-6.0606060606060606,35.02714545454543
1604989062594,-0.6451612903225806,6.516129032258065,-37.24363225806449
1604989062626,0.5,-6.25,-37.24363225806449
1604989062658,-0.5,6.25,-37.24363225806449
1604989062689,0.45161290322580644,-7.032258064516129,-37.24363225806449
1604989062721,-0.5,7.875,-37.24363225806449
1604989062754,0.30303030303030304,-8.424242424242424,-37.24363225806449
1604989062786,-0.3125,8.625,-37.24363225806449
1604989062818,0.25,-8.0625,-37.24363225806449
1604989062852,-0.23529411764705882,7.176470588235294,-37.24363225806449
1604989062898,0.08695652173913043,-5.130434782608695,-37.24363225806449
1604989062930,0.1875,7.5,-37.24363225806449
1604989062961,-0.9032258064516129,-8.064516129032258,-37.24363225806449
1604989062994,1.4545454545454546,8.0,-37.24363225806449
1604989063025,-1.8709677419354838,-8.709677419354838,-37.24363225806449
1604989063058,1.696969696969697,8.242424242424242,-37.24363225806449
1604989063089,-1.8064516129032258,-8.838709677419354,-37.24363225806449
1604989063121,1.75,8.5625,-37.24363225806449
1604989063154,-1.696969696969697,-8.424242424242424,-37.24363225806449
1604989063185,1.8709677419354838,8.96774193548387,-37.24363225806449
1604989063218,-1.6363636363636365,-8.424242424242424,-37.24363225806449
1604989063250,1.6875,8.625,-37.24363225806449
1604989063299,-1.0612244897959184,-5.591836734693878,-37.24363225806449
1604989063331,1.6875,8.5625,-37.24363225806449
1604989063363,-1.5625,-8.5,26.63002499999998
1604989063394,1.6129032258064515,8.709677419354838,-36.58531612903223
1604989063426,-1.5,-8.375,35.443599999999975
1604989063457,1.6774193548387097,8.580645161290322,-36.57479999999999
1604989063490,-1.5757575757575757,-8.121212121212121,34.36321818181816
1604989063521,1.8064516129032258,8.64516129032258,-36.60853548387095
1604989063554,-1.6363636363636365,-8.06060606060606,34.423024242424226
1604989063587,1.696969696969697,7.9393939393939394,-34.45036363636362
1604989063618,-1.7419354838709677,-8.451612903225806,36.688806451612884
1604989063650,1.75,8.25,-35.55295624999998
1604989063698,-1.1666666666666667,-5.5,23.72468333333332
1604989063732,1.7058823529411764,7.705882352941177,-33.478976470588215
1604989063762,-2.0,-8.666666666666666,37.91637333333332
1604989063794,1.875,8.0625,-35.50791249999999
1604989063826,-1.8125,-8.0,35.47726874999999
1604989063857,1.6129032258064515,8.064516129032258,-36.6036322580645
1604989063889,-1.125,-7.5,35.44301249999999
1604989063921,1.0,7.375,-35.43371249999999
1604989063955,-1.0,-6.9411764705882355,33.35163529411764
1604989063986,1.096774193548387,7.612903225806452,-36.608567741935474
1604989064018,-1.0,-7.375,35.45323124999999
1604989064050,1.0625,7.3125,-35.47580624999999
1604989064098,-0.6666666666666666,-4.875,23.608008333333327
1604989064130,1.25,7.25,-35.40762499999998
1604989064163,-1.0909090909090908,-7.090909090909091,34.3461212121212
1604989064193,1.4,7.733333333333333,-37.82075999999998
1604989064225,-1.125,-7.25,35.704881249999985
1604989064258,1.2727272727272727,7.03030303030303,-34.62006666666665
1604989064289,-1.2903225806451613,-7.483870967741935,-34.62006666666665
1604989064322,1.2727272727272727,7.151515151515151,-34.62006666666665
1604989064353,-1.4193548387096775,-7.483870967741935,-34.62006666666665
1604989064386,1.3333333333333333,6.909090909090909,-34.62006666666665
1604989064419,-1.393939393939394,-6.848484848484849,-34.62006666666665
1604989064450,1.4838709677419355,7.225806451612903,-34.62006666666665
1604989064498,-1.0,-4.666666666666667,-34.62006666666665
1604989064530,1.375,6.5,-34.62006666666665
1604989064562,-1.5,-5.9375,-34.62006666666665
1604989064595,1.3333333333333333,5.878787878787879,-34.62006666666665
1604989064626,-1.4838709677419355,-6.258064516129032,30.494225806451595
1604989064658,1.4375,6.0,30.494225806451595
1604989064689,-1.6129032258064515,-6.451612903225806,30.494225806451595
1604989064721,1.4375,6.875,-48.710862499999976
1604989064754,-1.4545454545454546,-7.090909090909091,38.019090909090885
1604989064786,1.4375,7.4375,-39.252593749999974
1604989064820,-1.411764705882353,-7.0,37.00112352941174
1604989064850,1.4,7.866666666666666,-41.86583999999998
1604989064897,-0.8936170212765957,-4.9361702127659575,26.661268085106368
1604989064930,1.2121212121212122,6.96969696969697,-37.96687878787876
1604989064962,-1.25,-7.25,39.13153124999998
1604989064994,1.25,7.1875,-39.16161874999999
1604989065026,-1.375,-7.0625,39.153956249999986
1604989065057,1.5483870967741935,6.903225806451613,-40.38592903225805
1604989065089,-1.5,-6.375,39.04578749999999
1604989065122,1.393939393939394,6.181818181818182,-37.84136969696968
1604989065154,-1.5,-6.625,39.076743749999984
1604989065186,1.75,6.9375,-39.11780624999999
1604989065218,-1.8125,-6.75,39.06741874999999
1604989065267,1.1020408163265305,3.9591836734693877,-25.45151836734693
1604989065299,-1.5,-5.6875,38.89894374999999
1604989065330,1.4193548387096775,5.483870967741935,-40.15149677419354
1604989065361,-1.1612903225806452,-5.419354838709677,40.11299354838709
1604989065393,1.0,4.9375,40.11299354838709
1604989065426,-0.9696969696969697,-5.636363636363637,40.11299354838709
1604989065458,1.125,6.25,40.11299354838709
1604989065490,-1.375,-7.3125,40.11299354838709
1604989065522,1.25,7.25,40.11299354838709
1604989065553,-1.4193548387096775,-6.903225806451613,40.11299354838709
1604989065586,1.9393939393939394,6.484848484848484,40.11299354838709
