1604995453320,-0.0087890625,0.068359375,0.0
1604995453352,0.005859375,-0.0322265625,0.1376466796875
1604995453385,-0.006427915518824609,0.004591368227731864,-0.013934986225895308
1604995453417,-0.005859375,0.0107421875,-0.0011753906250000223
1604995453464,-0.002716161158895428,0.005885015844273427,-0.0011753906250000223
1604995453495,-0.007284079084287201,0.008324661810613945,-0.0011753906250000223
1604995453528,-0.009182736455463728,0.004591368227731864,-0.0011753906250000223
1604995453560,-0.01171875,0.0078125,-0.0011753906250000223
1604995453592,-0.01171875,0.0078125,-0.0011753906250000223
1604995453625,-0.011019283746556474,0.006427915518824609,-0.0011753906250000223
1604995453656,-0.013527575442247659,0.003121748178980229,-0.0011753906250000223
1604995453688,-0.0107421875,0.0048828125,-0.0011753906250000223
1604995453720,-0.0087890625,0.0009765625,-0.0011753906250000223
1604995453752,-0.0087890625,0.0,-0.0011753906250000223
1604995453786,-0.006055363321799308,0.0025951557093425604,0.1441430795847751
1604995453833,-0.002716161158895428,0.0018107741059302852,0.0007956088727931288
1604995453865,-0.00390625,0.0078125,0.001966406249999997
1604995453896,-0.003121748178980229,0.005202913631633715,0.0011180020811654497
1604995453928,-0.001953125,0.0,9.08203124999618e-06
1604995453975,0.0004526935264825713,-0.001358080579447714,-0.0006105930285196973
1604995453992,0.0034602076124567475,-0.01730103806228374,-0.007079584775086478
1604995454024,0.0009765625,-0.0048828125,-0.002129785156250008
1604995454055,0.001040582726326743,-0.005202913631633715,-0.0024773152965660667
1604995454089,0.0017301038062283738,-0.0034602076124567475,-0.002548529411764707
1604995454120,0.002081165452653486,-0.004162330905306972,-0.003805723204994789
1604995454152,0.0009765625,-0.00390625,-0.003342871093750005
1604995454185,0.0009182736455463728,-0.004591368227731864,-0.0033456382001836676
1604995454233,0.0,0.00043402777777777775,-0.00192964409722222
1604995454264,0.0,-0.005202913631633715,-0.004470135275754407
1604995454296,-0.0009765625,-0.005859375,-0.0032755859375000196
1604995454328,0.0048828125,-0.0029296875,-0.004159765624999978
1604995454360,0.0,-0.0068359375,-0.0017503906250000145
1604995454392,0.0009765625,-0.00390625,-0.0017004882812499955
1604995454423,0.0,-0.004162330905306972,-0.0015172736732570258
1604995454456,0.0,-0.0027548209366391185,-0.0006700642791551958
1604995454488,0.001953125,-0.0029296875,-0.0010710937500000017
1604995454520,-0.001953125,0.0,-0.0004900390624999751
1604995454552,-0.0009765625,-0.001953125,0.0009330078124999974
1604995454584,-0.001953125,0.0009765625,-0.0008607421875000132
1604995454632,-0.004340277777777778,0.0013020833333333333,-0.0008607421875000132
1604995454664,-0.0087890625,0.0078125,-0.0008607421875000132
1604995454696,-0.013671875,0.0029296875,-0.0008607421875000132
1604995454728,-0.015625,0.001953125,-0.0008607421875000132
1604995454760,-0.0185546875,0.009765625,-0.0008607421875000132
1604995454792,-0.01953125,0.0068359375,-0.0008607421875000132
1604995454823,-0.021852237252861603,0.007284079084287201,0.13712320499479708
1604995454856,-0.020202020202020204,0.011019283746556474,0.0005539026629935861
1604995454888,-0.01953125,0.0048828125,0.0004054687499999987
1604995454920,-0.01953125,0.005859375,0.0008641601562499879
1604995454957,-0.013148283418553688,0.004382761139517896,0.000569539810080365
1604995454985,-0.021683673469387755,0.00510204081632653,0.001230994897959156
1604995455037,-0.005547337278106509,0.0011094674556213018,0.0001814718934911257
1604995455064,-0.019204389574759947,0.0027434842249657062,0.0008526748971193427
1604995455095,-0.011446409989594173,0.001040582726326743,0.000493756503642046
1604995455128,-0.0073461891643709825,0.0,9.61432506887128e-05
1604995455160,-0.0048828125,-0.001953125,-0.0002541015624999976
1604995455193,-0.0018365472910927456,-0.0018365472910927456,-0.0003897153351698989
1604995455224,0.0,-0.003121748178980229,-0.0007168574401664825
1604995455272,0.00043402777777777775,-0.00043402777777777775,2.5998263888888433e-05
1604995455306,0.0017301038062283738,0.0017301038062283738,0.0006185986159169608
1604995455322,0.01171875,0.01171875,0.00715429687499991
1604995455353,0.003121748178980229,0.002081165452653486,0.002085223725286177
1604995455401,0.0026041666666666665,0.00043402777777777775,0.0010415364583333314
1604995455432,0.007284079084287201,0.0,0.0010415364583333314
1604995455464,0.0068359375,-0.00390625,0.0010415364583333314
1604995455496,0.0087890625,-0.00390625,0.0010415364583333314
1604995455527,0.01040582726326743,-0.005202913631633715,0.0010415364583333314
1604995455559,0.009765625,-0.0048828125,0.15165429687499998
1604995455593,0.009515570934256055,-0.005190311418685121,0.003670588235294119
1604995455624,0.012486992715920915,-0.005202913631633715,0.004715608740894902
1604995455655,0.012486992715920915,-0.004162330905306972,0.004027679500520287
1604995455688,0.011019283746556474,-0.0018365472910927456,0.0033166207529844046
1604995455720,0.0087890625,-0.0029296875,0.002744335937499981
1604995455752,0.0068359375,-0.001953125,0.002836816406249998
1604995455784,0.00390625,-0.001953125,0.002536523437500021
1604995455837,0.001423994304022784,-0.000355998576005696,0.0007467070131719461
1604995455864,0.0013717421124828531,-0.0013717421124828531,0.0021677640603566446
1604995455896,0.0009765625,0.0,-8.300781249998002e-06
1604995455928,0.0009765625,0.0,-0.001611132812499999
1604995455960,0.0,0.0009765625,-0.0009056640625000056
1604995455992,0.0009765625,0.00390625,-0.0004887695312499885
1604995456024,0.0009765625,0.0068359375,0.0001853515624999913
1604995456055,0.0,0.01040582726326743,-0.00021342351716963144
1604995456088,0.0,0.011937557392102846,0.0005366391184573154
1604995456120,-0.0009765625,0.013671875,0.0006840820312500051
1604995456152,0.0,0.015625,0.0009514648437499995
1604995456188,0.0007716049382716049,0.013888888888888888,0.0007572530864197372
1604995456232,0.0010330578512396695,0.009297520661157025,0.00035888429752066887
1604995456265,0.0027548209366391185,0.013774104683195593,0.0008163452708907347
1604995456295,0.0011111111111111111,0.017777777777777778,0.0009613333333333193
1604995456328,0.0009182736455463728,0.013774104683195593,0.0005532598714416823
1604995456359,0.002081165452653486,0.01040582726326743,0.0008124869927159202
1604995456392,0.0009182736455463728,0.004591368227731864,-6.0606060605984605e-06
1604995456423,-0.001040582726326743,0.002081165452653486,0.0005242455775234261
1604995456455,-0.0009765625,0.0,0.0006607421874999797
1604995456488,-0.0018365472910927456,0.0,-6.391184573000909e-05
1604995456520,-0.00390625,0.0009765625,0.00016142578125000195
1604995456552,-0.0048828125,0.001953125,-0.0013329101562500056
1604995456584,-0.005859375,-0.0029296875,-0.0014667968750000093
1604995456632,-0.0030381944444444445,0.0,-0.0010111111111111108
1604995456663,-0.005202913631633715,-0.002081165452653486,-0.0036089490114464056
1604995456697,-0.0017301038062283738,0.004325259515570935,-0.003435121107266439
1604995456728,-0.012486992715920915,0.007284079084287201,-0.003435121107266439
1604995456760,-0.0029296875,0.0,-0.003435121107266439
1604995456791,-0.008324661810613945,0.001040582726326743,-0.003435121107266439
1604995456824,-0.0073461891643709825,0.0027548209366391185,-0.003435121107266439
1604995456855,-0.008324661810613945,0.004162330905306972,-0.003435121107266439
1604995456887,-0.0087890625,0.001953125,0.149466015625
1604995456921,-0.00865051903114187,0.007785467128027681,-0.0033046712802768164
1604995456953,-0.0107421875,0.0,-0.0033046712802768164
1604995456985,-0.009765625,0.00390625,-0.0033046712802768164
1604995457032,-0.004526935264825713,0.0,-0.0033046712802768164
1604995457064,-0.0078125,0.009765625,-0.0033046712802768164
1604995457096,-0.005859375,-0.0009765625,0.1251236328125
1604995457128,-0.0009765625,0.00390625,-0.007341210937500009
1604995457159,0.003121748178980229,-0.004162330905306972,-0.007341210937500009
1604995457192,0.006427915518824609,-0.0009182736455463728,0.07899100091827364
1604995457223,0.01040582726326743,0.002081165452653486,-0.004997294484911542
1604995457256,0.012855831037649219,0.0018365472910927456,-0.0048879706152433495
1604995457288,0.015625,-0.00390625,-0.003386914062499996
1604995457320,0.0185546875,-0.005859375,-0.0015260742187500065
1604995457355,0.017142857142857144,-0.0024489795918367346,-0.0015260742187500065
1604995457400,0.011358024691358024,-0.005432098765432099,-0.0015260742187500065
1604995457433,0.02203856749311295,-0.0073461891643709825,-0.0015260742187500065
1604995457464,0.02497398543184183,-0.005202913631633715,-0.0015260742187500065
1604995457496,0.0234375,-0.00390625,-0.0015260742187500065
1604995457528,0.0205078125,-0.0078125,-0.0015260742187500065
1604995457560,0.0244140625,-0.0068359375,-0.0015260742187500065
1604995457592,0.01953125,0.0048828125,-0.0015260742187500065
1604995457623,0.01768990634755463,0.008324661810613945,-0.0015260742187500065
1604995457655,0.017578125,-0.0009765625,-0.0015260742187500065
1604995457688,0.012855831037649219,-0.0009182736455463728,-0.0015260742187500065
1604995457720,0.0126953125,-0.001953125,-0.0015260742187500065
1604995457752,0.0107421875,-0.0029296875,-0.0015260742187500065
1604995457801,0.003331945022907122,-0.004581424406497293,-0.0015260742187500065
1604995457832,0.002081165452653486,0.006243496357960458,0.1453700312174818
1604995457864,0.00390625,-0.0078125,0.0026528320312499964
1604995457895,-0.001040582726326743,0.002081165452653486,0.0012911550468262302
1604995457928,0.0018365472910927456,-0.0027548209366391185,-0.0026582185491276435
1604995457960,-0.0029296875,-0.00390625,0.005108886718750011
1604995457992,-0.001953125,-0.001953125,0.0005362304687499819
1604995458024,-0.0068359375,-0.0029296875,0.008860839843750024
1604995458055,0.001040582726326743,-0.003121748178980229,0.008860839843750024
1604995458088,-0.004591368227731864,-0.0009182736455463728,0.008860839843750024
1604995458120,0.001953125,-0.0068359375,0.008860839843750024
1604995458170,-0.006,-0.0012,0.008860839843750024
1604995458199,0.0011890606420927466,0.0011890606420927466,0.008860839843750024
1604995458232,-0.004591368227731864,-0.0018365472910927456,0.008860839843750024
1604995458263,-0.006243496357960458,-0.003121748178980229,0.008860839843750024
1604995458296,0.0,0.0009182736455463728,0.15658393021120293
1604995458328,-0.0009765625,0.001953125,0.002762500000000001
1604995458360,-0.001953125,0.0009765625,0.002112109375000004
1604995458392,0.0,-0.0029296875,0.0021222656250000083
1604995458424,0.0,-0.0029296875,0.0019186523437499936
1604995458456,-0.0009765625,-0.0029296875,0.0017000976562500103
1604995458487,0.001040582726326743,0.002081165452653486,0.0015735691987512786
1604995458521,-0.0008650519031141869,-0.004325259515570935,0.0012455882352941374
1604995458553,-0.0009765625,0.001953125,0.0002262695312499896
1604995458600,-0.0004526935264825713,-0.001358080579447714,0.0003152557718424677
1604995458631,-0.002081165452653486,0.001040582726326743,-0.00010405827263269795
1604995458664,-0.0027548209366391185,-0.0027548209366391185,0.0006618916437098488
1604995458696,-0.001953125,0.00390625,0.0004397460937499986
1604995458727,-0.007284079084287201,0.002081165452653486,0.0008643080124869673
1604995458760,-0.008264462809917356,0.0018365472910927456,-0.000132966023875092
1604995458792,-0.0107421875,0.0048828125,0.00016757812499998415
1604995458824,-0.013671875,0.0,4.990234374999125e-05
1604995458856,-0.0107421875,0.0009765625,0.0001426757812500179
1604995458888,-0.0146484375,0.001953125,0.00037519531249999294
1604995458936,-0.006076388888888889,0.001736111111111111,0.00017269965277777466
1604995458954,-0.043209876543209874,0.009259259259259259,0.0019743827160493975
1604995459000,-0.007088846880907372,0.000945179584120983,0.00021252362948960638
1604995459031,-0.013527575442247659,0.001040582726326743,-5.9521331945884064e-05
1604995459064,-0.011937557392102846,0.0009182736455463728,0.00032589531680439525
1604995459096,-0.0126953125,0.001953125,0.0003309570312499954
1604995459127,-0.01040582726326743,0.002081165452653486,-0.00014255983350676426
1604995459159,-0.009765625,-0.0009765625,-0.00032167968749999276
1604995459191,-0.0078125,0.0009765625,-0.00048427734375000586
1604995459223,-0.00390625,0.0009765625,-0.0007246093749999905
1604995459256,-0.0027548209366391185,0.0,-0.0011372819100091715
1604995459289,0.0,0.0009182736455463728,-0.0015000918273645558
1604995459321,-0.001953125,0.0,-0.0016394531250000233
1604995459353,-0.001953125,-0.00390625,-0.0024289062500000014
1604995459400,-0.0004526935264825713,0.0004526935264825713,-0.0012165233137166108
1604995459432,-0.0029296875,0.005859375,-0.003934472656249993
1604995459464,-0.001953125,-0.001953125,-0.004530371093750013
1604995459496,-0.001953125,0.001953125,-0.004530371093750013
1604995459529,-0.0018365472910927456,0.0018365472910927456,-0.004530371093750013
1604995459560,-0.002081165452653486,0.005202913631633715,0.14775463059313218
1604995459592,0.00390625,0.00390625,-0.005053027343750016
1604995459625,-0.0009182736455463728,-0.0036730945821854912,-0.0028986225895316783
1604995459656,0.0,-0.003121748178980229,-0.00324724245577523
1604995459688,0.0,0.0029296875,-0.00324724245577523
1604995459721,0.0,0.004591368227731864,-0.00324724245577523
1604995459754,0.0009182736455463728,0.005509641873278237,-0.00324724245577523
1604995459800,-0.0004725897920604915,0.004725897920604915,-0.00324724245577523
1604995459832,0.0,0.0107421875,-0.00324724245577523
1604995459865,-0.017447199265381085,0.011937557392102846,-0.00324724245577523
1604995459896,0.02497398543184183,-0.006243496357960458,-0.00324724245577523
1604995459928,-0.00390625,-0.001953125,0.11178310546875
1604995459960,-0.0009765625,-0.0048828125,0.11178310546875
1604995459992,-0.037109375,-0.0126953125,0.11178310546875
1604995460030,0.03254847645429363,-0.013850415512465374,0.11178310546875
1604995460059,-0.0047562425683709865,-0.02497027348394768,0.11178310546875
1604995460088,0.007134363852556481,-0.030915576694411414,0.11178310546875
1604995460121,0.0027548209366391185,-0.02295684113865932,0.11178310546875
1604995460152,0.001040582726326743,-0.026014568158168574,0.11178310546875
1604995460200,0.00043402777777777775,-0.008246527777777778,0.11178310546875
1604995460231,0.002081165452653486,-0.026014568158168574,0.11178310546875
1604995460264,0.0018365472910927456,-0.01652892561983471,0.11178310546875
1604995460295,0.003121748178980229,-0.019771071800208116,0.11178310546875
1604995460328,0.0018365472910927456,-0.012855831037649219,0.11178310546875
1604995460360,0.0009765625,-0.005859375,0.11178310546875
1604995460392,0.0,-0.00390625,0.11178310546875
1604995460424,-0.0009765625,-0.0009765625,0.1007892578125
1604995460456,0.0,0.0,0.00027373046874999696
1604995460488,0.0009765625,0.0009765625,-5.0878906249995914e-05
1604995460521,0.0027548209366391185,0.0,-0.00012681359044996193
1604995460568,0.0022634676324128564,0.0,-0.00012681359044996193
1604995460600,0.0068359375,-0.0009765625,-0.00012681359044996193
1604995460632,0.009765625,-0.0009765625,-0.00012681359044996193
1604995460664,0.01171875,-0.0009765625,-0.00012681359044996193
1604995460696,0.0146484375,0.0,-0.00012681359044996193
1604995460728,0.0166015625,-0.0009765625,-0.00012681359044996193
1604995460760,0.017578125,0.0,-0.00012681359044996193
1604995460792,0.015625,-0.005859375,-0.00012681359044996193
1604995460825,0.01652892561983471,-0.0009182736455463728,-0.00012681359044996193
1604995460856,0.018730489073881373,-0.006243496357960458,-0.00012681359044996193
1604995460888,0.017578125,-0.00390625,-0.00012681359044996193
1604995460921,0.01652892561983471,-0.0027548209366391185,-0.00012681359044996193
1604995460968,0.009053870529651425,-0.004074241738343142,-0.00012681359044996193
1604995460999,0.009365244536940686,0.006243496357960458,-0.00012681359044996193
1604995461032,0.008264462809917356,-0.005509641873278237,-0.00012681359044996193
1604995461063,0.014568158168574402,0.001040582726326743,-0.00012681359044996193
1604995461096,0.009182736455463728,-0.0027548209366391185,-0.00012681359044996193
1604995461128,-0.013671875,-0.005859375,-0.00012681359044996193
1604995461160,0.0302734375,0.0087890625,-0.00012681359044996193
1604995461191,-0.02081165452653486,-0.008324661810613945,-0.00012681359044996193
1604995461224,0.0027548209366391185,0.0027548209366391185,0.1232032139577594
1604995461257,0.0009182736455463728,0.0,0.0003658402203856836
1604995461289,-0.001953125,0.0009765625,-0.005419238281249988
1604995461321,0.0185546875,0.0078125,-0.0022024414062500053
1604995461368,-0.0018107741059302852,0.0004526935264825713,-0.0009864191942055237
1604995461401,-0.025711662075298437,-0.004591368227731864,-0.0009864191942055237
1604995461431,0.015555555555555555,0.017777777777777778,-0.0009864191942055237
1604995461464,-0.008264462809917356,0.005509641873278237,-0.0009864191942055237
1604995461496,-0.005859375,0.01171875,-0.0009864191942055237
1604995461528,-0.0029296875,0.005859375,0.11460732421875
1604995461559,-0.008324661810613945,0.011446409989594173,0.0023569198751300586
1604995461592,-0.009182736455463728,0.006427915518824609,0.0023569198751300586
1604995461624,-0.0087890625,0.0078125,0.0023569198751300586
1604995461656,-0.0068359375,0.0029296875,0.0023569198751300586
1604995461688,-0.005859375,0.00390625,0.0023569198751300586
1604995461721,-0.004591368227731864,0.0018365472910927456,0.0023569198751300586
1604995461772,-0.0007689350249903883,0.0011534025374855825,0.0023569198751300586
1604995461800,-0.003826530612244898,0.002551020408163265,0.20874846938775507
1604995461831,-0.003121748178980229,0.0,0.003773152965660775
1604995461864,-0.0027548209366391185,0.0009182736455463728,0.002498530762167126
1604995461901,-0.0029218407596785976,0.0014609203798392988,0.0017845142439737122
1604995461928,-0.006858710562414266,0.0,0.002586419753086391
1604995461960,-0.005859375,0.0009765625,0.0013132812500000202
1604995461992,-0.0068359375,0.0009765625,0.001326855468749999
1604995462024,-0.0068359375,0.0009765625,0.0009201171874999858
1604995462056,-0.009765625,0.0009765625,0.0009666015625000024
1604995462088,-0.009765625,0.0009765625,0.0007153320312500155
1604995462121,-0.009182736455463728,0.0,0.00010982552800733817
1604995462168,-0.005432322317790856,-0.0004526935264825713,7.483023992756995e-05
1604995462200,-0.013671875,0.0,6.66015624999905e-05
1604995462232,-0.0126953125,-0.0009765625,0.00019199218750001745
1604995462263,-0.01664932362122789,0.001040582726326743,0.000590530697190422
1604995462296,-0.013774104683195593,0.0018365472910927456,0.0006288337924701521
1604995462328,-0.015625,0.001953125,0.0011736328124999917
1604995462360,-0.013671875,0.00390625,0.0012092773437500093
1604995462391,-0.014568158168574402,0.003121748178980229,0.0009774193548387127
1604995462429,-0.008310249307479225,0.0013850415512465374,0.0005964681440443213
1604995462456,-0.012345679012345678,0.0027434842249657062,0.0013532235939643048
1604995462487,-0.009365244536940686,0.002081165452653486,-0.00020072840790840823
1604995462520,-0.005509641873278237,0.0009182736455463728,-0.0006858585858585957
1604995462568,-0.0026041666666666665,-0.0008680555555555555,-0.0009549479166666646
1604995462601,-0.004591368227731864,-0.0009182736455463728,-0.002635812672176299
1604995462632,-0.004162330905306972,-0.002081165452653486,-0.004561186264308033
1604995462664,-0.00390625,-0.001953125,-0.0043950195312499885
1604995462696,-0.00390625,-0.0029296875,-0.004484765624999998
1604995462728,-0.0048828125,-0.001953125,-0.004484765624999998
1604995462761,-0.006427915518824609,-0.0018365472910927456,-0.004484765624999998
1604995462791,0.0011111111111111111,-0.0044444444444444444,-0.004484765624999998
1604995462825,-0.004325259515570935,-0.0034602076124567475,-0.004484765624999998
1604995462856,-0.005202913631633715,-0.005202913631633715,0.1338800208116545
1604995462889,-0.0036730945821854912,-0.006427915518824609,-0.004649494949494948
1604995462936,-0.0018107741059302852,-0.003168854685377999,-0.0023794477138976817
1604995462968,-0.0029296875,-0.005859375,-0.0023794477138976817
1604995463000,-0.001953125,-0.0068359375,-0.0023794477138976817
1604995463032,-0.0009765625,-0.0068359375,-0.0023794477138976817
1604995463063,-0.002081165452653486,-0.006243496357960458,-0.0023794477138976817
1604995463095,-0.0009765625,-0.0009765625,0.1105859375
1604995463128,-0.0009182736455463728,-0.0009182736455463728,-0.0021343434343434288
1604995463160,0.0,0.0,-0.000901464843750005
1604995463192,0.0,0.0009765625,-0.0005052734374999951
1604995463224,0.0029296875,0.0009765625,-0.0005052734374999951
1604995463272,0.0013020833333333333,0.0008680555555555555,-0.0005052734374999951
1604995463290,0.012345679012345678,0.006172839506172839,-0.0005052734374999951
1604995463336,0.0023629489603024575,0.0023629489603024575,-0.0005052734374999951
1604995463368,0.005859375,0.0068359375,-0.0005052734374999951
1604995463400,0.0048828125,0.0048828125,-0.0005052734374999951
1604995463432,0.005859375,0.005859375,-0.0005052734374999951
1604995463464,0.0048828125,0.0048828125,0.11938964843750001
1604995463495,0.005202913631633715,0.004162330905306972,0.005191675338189368
1604995463528,0.004591368227731864,0.0027548209366391185,0.005191675338189368
1604995463560,0.00390625,0.0009765625,0.005191675338189368
1604995463592,0.0048828125,0.001953125,0.005191675338189368
1604995463624,0.005859375,0.0009765625,0.15370839843749998
1604995463656,0.0029296875,-0.0029296875,0.004538085937500019
1604995463688,0.00390625,-0.0009765625,0.003960937499999984
1604995463736,0.0013020833333333333,-0.00043402777777777775,0.0014888454861111183
1604995463768,0.00390625,-0.001953125,0.003525195312500007
1604995463800,0.001953125,-0.0009765625,0.002426464843749976
1604995463832,0.001953125,-0.0009765625,0.001348242187500015
1604995463863,0.001040582726326743,0.0,0.0009394380853277679
1604995463896,0.0,0.0009182736455463728,0.0005687786960514353
1604995463927,0.0,0.003121748178980229,-0.0005083246618106012
1604995463960,-0.0009182736455463728,0.004591368227731864,0.0004693296602387502
1604995463991,-0.001040582726326743,0.007284079084287201,0.0004895941727367191
1604995464024,-0.0018365472910927456,0.009182736455463728,0.00013507805325986655
1604995464056,0.0,0.01171875,0.0009304687499999964
1604995464088,-0.0009765625,0.0126953125,0.0009006835937500068
1604995464135,-0.0004526935264825713,0.006790402897238569,0.0005394296061566292
1604995464167,0.0,0.0146484375,0.0010413085937500122
1604995464200,0.0,0.015610651974288337,0.0006730027548209373
1604995464236,0.0,0.013117283950617283,0.0003003086419752996
1604995464264,0.002551020408163265,0.021683673469387755,0.0010984693877550977
1604995464295,0.001040582726326743,0.01768990634755463,0.00037304890738815887
1604995464344,0.0012494793835901709,0.0049979175343606835,-1.3411078717208383e-05
1604995464377,0.0018365472910927456,0.011937557392102846,0.0005254361799816431
1604995464393,0.00390625,0.046875,0.0017257812500000025
1604995464424,0.002081165452653486,0.014568158168574402,0.0006304890738813645
1604995464457,0.0018365472910927456,0.005509641873278237,-0.00043112947658400575
1604995464489,0.0029296875,0.0009765625,-0.0011278320312500256
1604995464535,0.002835538752362949,0.0004725897920604915,-0.0006344045368620027
1604995464568,0.004591368227731864,-0.0036730945821854912,-3.250688705232456e-05
1604995464600,0.0068359375,-0.005859375,-0.0005028320312500112
1604995464632,0.0068359375,-0.005859375,-0.0002397460937499929
1604995464664,0.009765625,-0.0068359375,-0.0006047851562500095
1604995464696,0.009765625,-0.0068359375,6.650390625001501e-05
1604995464727,0.012486992715920915,-0.006243496357960458,-0.00036139438085329694
1604995464760,0.011937557392102846,-0.004591368227731864,-0.00038411386593203663
1604995464792,0.013671875,-0.00390625,-0.0007811523437500079
1604995464824,0.013671875,-0.0048828125,-0.0008817382812499885
1604995464856,0.013671875,-0.0068359375,-0.0008363281250000076
1604995464889,0.015610651974288337,-0.0073461891643709825,-0.0006321395775941244
1604995464937,0.004774305555555556,-0.006076388888888889,-0.00027078993055555206
1604995464967,0.014444444444444444,0.0033333333333333335,-0.0013014444444444469
1604995465000,0.010101010101010102,-0.0027548209366391185,-0.00012497704315886043
1604995465031,0.011446409989594173,0.001040582726326743,-0.0005379812695109218
1604995465063,0.0068359375,0.0009765625,-9.257812500002016e-05
1604995465096,0.005509641873278237,-0.0009182736455463728,-1.781450872359074e-05
1604995465129,0.0027548209366391185,0.004591368227731864,0.00039706152433425276
1604995465159,0.0,0.0,0.004209222222222214
1604995465192,-0.0018365472910927456,0.0018365472910927456,-0.0013465564738291947
1604995465225,-0.0018365472910927456,0.0,-0.0017231404958677622
1604995465256,0.001040582726326743,0.003121748178980229,-0.005409781477627477
1604995465288,-0.0029296875,0.0009765625,-0.005409781477627477
1604995465336,-0.0013020833333333333,0.0008680555555555555,-0.005409781477627477
1604995465368,-0.00390625,0.0029296875,-0.005409781477627477
1604995465399,0.002081165452653486,0.006243496357960458,0.15496545265348596
1604995465431,0.001953125,0.0029296875,0.15496545265348596
1604995465464,0.0027548209366391185,-0.0018365472910927456,0.15496545265348596
1604995465496,0.00390625,0.0009765625,0.1444376953125
1604995465527,0.004162330905306972,-0.004162330905306972,0.1444376953125
1604995465560,-0.02295684113865932,0.009182736455463728,0.1444376953125
1604995465592,0.0009765625,-0.00390625,0.1456443359375
1604995465624,0.0185546875,0.0205078125,-0.0017980468750000145
1604995465656,0.0087890625,-0.0302734375,0.009220312500000022
1604995465689,-0.03948576675849403,0.018365472910927456,0.009220312500000022
1604995465736,-0.005432322317790856,0.002716161158895428,0.009220312500000022
1604995465767,-0.018730489073881373,0.02081165452653486,0.009220312500000022
1604995465800,-0.01652892561983471,0.006427915518824609,0.009220312500000022
1604995465832,-0.0205078125,0.005859375,0.009220312500000022
1604995465863,-0.02497398543184183,0.002081165452653486,0.009220312500000022
1604995465895,0.0537109375,-0.0517578125,0.009220312500000022
1604995465927,-0.033203125,0.009765625,0.009220312500000022
1604995465960,-0.02662993572084481,0.005509641873278237,0.009220312500000022
1604995465991,-0.02809573361082206,0.004162330905306972,0.009220312500000022
1604995466024,-0.025711662075298437,0.005509641873278237,0.009220312500000022
1604995466056,-0.0244140625,0.001953125,0.009220312500000022
1604995466089,-0.023875114784205693,0.006427915518824609,0.009220312500000022
1604995466136,-0.009506564056133997,0.001358080579447714,0.0587984155726573
1604995466168,-0.021484375,0.0009765625,-0.008589160156249998
1604995466200,-0.01171875,0.001953125,-0.018715039062500008
1604995466232,-0.0078125,0.001953125,-0.01602558593749999
1604995466263,-0.002081165452653486,0.003121748178980229,-0.0018807492195629565
1604995466296,-0.0018365472910927456,-0.0073461891643709825,0.002354637281910009
1604995466327,0.002081165452653486,-0.001040582726326743,0.009366077003121746
1604995466360,0.004591368227731864,-0.0027548209366391185,0.009319375573921023
1604995466392,0.0068359375,-0.0009765625,0.009319375573921023
1604995466424,0.0048828125,-0.00390625,0.009319375573921023
1604995466458,0.006920415224913495,-0.006055363321799308,0.009319375573921023
1604995466488,0.0077777777777777776,-0.008888888888888889,0.009319375573921023
1604995466536,0.0030381944444444445,0.0026041666666666665,0.009319375573921023
1604995466568,0.0078125,-0.0009765625,0.1242857421875
1604995466600,0.0078125,-0.0029296875,0.1242857421875
1604995466632,0.0078125,-0.0068359375,0.1242857421875
1604995466664,0.0078125,0.0,0.1242857421875
1604995466695,0.008324661810613945,-0.003121748178980229,0.1242857421875
1604995466728,0.008264462809917356,-0.0027548209366391185,0.14860183654729112
1604995466759,0.008324661810613945,0.005202913631633715,0.005864516129032247
1604995466792,0.006427915518824609,-0.009182736455463728,0.004989990817263546
1604995466824,0.0068359375,-0.001953125,0.004276367187500019
1604995466856,0.005859375,-0.0009765625,0.004093847656249983
1604995466889,0.006427915518824609,-0.0018365472910927456,0.002655188246097344
1604995466936,0.0018107741059302852,-0.0009053870529651426,0.001556088727931189
1604995466968,0.0029296875,-0.0009765625,0.002937304687500003
1604995467000,0.001953125,0.0029296875,0.0029999023437499994
1604995467032,0.0009765625,0.001953125,0.001409570312499997
1604995467064,0.0,0.0,-6.699218750000346e-05
1604995467096,-0.0009765625,0.0,-0.0009843749999999818
1604995467127,0.0,-0.002081165452653486,-0.001170759625390222
1604995467160,0.0009182736455463728,0.0,-0.00217116620752986
1604995467192,0.0009765625,-0.005859375,-0.002135156249999992
1604995467224,0.001953125,-0.00390625,-0.003043847656249987
1604995467256,0.0029296875,-0.0068359375,-0.002389062500000011
1604995467288,0.0029296875,-0.005859375,-0.0027825195312499995
1604995467350,0.0007804370447450572,-0.0013007284079084287,-0.0006590010405827247
1604995467373,0.007561436672967864,-0.013232514177693762,-0.0037378071833648655
1604995467400,0.0054869684499314125,-0.00823045267489712,-0.0024203017832647392
1604995467432,0.00390625,-0.0068359375,-0.001528710937499983
1604995467464,0.00390625,-0.005859375,-0.0017645507812500127
1604995467496,0.00390625,-0.0078125,-0.00159306640625001
1604995467528,0.00390625,-0.005859375,-0.0015486328124999782
1604995467560,0.0029296875,-0.0048828125,-0.0014552734375000154
1604995467592,0.0029296875,-0.00390625,-0.0009842773437500063
1604995467624,0.0029296875,-0.0048828125,-0.001143066406250004
1604995467657,0.0018365472910927456,-0.0027548209366391185,-0.0017692378328741805
1604995467688,0.002081165452653486,-0.004162330905306972,-0.001987304890738803
1604995467737,0.0008329862557267805,-0.0012494793835901709,-0.000980133277800924
1604995467769,0.0009765625,-0.00390625,-0.002697070312499994
1604995467799,0.0022222222222222222,-0.0044444444444444444,-0.0035013333333333207
1604995467832,0.0018365472910927456,-0.004591368227731864,-0.002473829201101944
1604995467863,0.004162330905306972,-0.004162330905306972,-0.002473829201101944
1604995467896,0.0018365472910927456,-0.006427915518824609,-0.002473829201101944
1604995467927,0.005202913631633715,-0.004162330905306972,0.13314287200832467
1604995467960,0.005509641873278237,-0.0036730945821854912,-0.0023549127640036817
1604995467993,0.0018365472910927456,-0.004591368227731864,-0.0017937557392102735
1604995468024,0.004162330905306972,-0.004162330905306972,-0.0012704474505723208
1604995468058,0.0017301038062283738,0.0017301038062283738,-0.0010385813148789
1604995468104,0.000945179584120983,0.000945179584120983,-0.0008780245746691875
1604995468136,0.001953125,-0.0009765625,-0.0006971679687499954
1604995468168,0.0029296875,0.0,-0.00039501953125001266
1604995468200,0.0029296875,-0.0029296875,-0.0007550781250000027
1604995468232,0.00390625,-0.00390625,-0.0014320312499999932
1604995468264,0.0048828125,-0.01171875,-0.0014320312499999932
1604995468295,0.008324661810613945,-0.015608740894901144,-0.0014320312499999932
1604995468328,0.008264462809917356,-0.02662993572084481,-0.0014320312499999932
1604995468359,0.007284079084287201,-0.026014568158168574,-0.0014320312499999932
1604995468392,0.0018365472910927456,-0.020202020202020204,-0.0014320312499999932
1604995468424,0.01953125,-0.0205078125,-0.0014320312499999932
