1604995453288,448,32,219.6364
1604995453320,439,102,20.3152
1604995453352,445,69,161.2654
1604995453385,438,74,146.0902
1604995453417,432,85,144.8866
1604995453464,426,98,12.3906
1604995453495,419,106,13.7971
1604995453528,409,111,13.9235
1604995453560,397,119,13.2675
1604995453592,385,127,13.4639
1604995453625,373,134,13.6662
1604995453656,360,137,13.6933
1604995453688,349,142,13.8653
1604995453720,340,143,14.488
1604995453752,331,143,14.6075
1604995453786,324,146,181.2369
1604995453833,318,150,182.9944
1604995453865,314,158,185.008
1604995453896,311,163,186.0824
1604995453928,309,163,186.0917
1604995453975,310,160,184.7429
1604995453992,311,155,182.6969
1604995454024,312,150,180.516
1604995454055,313,145,178.1353
1604995454089,315,141,175.1892
1604995454120,317,137,171.5319
1604995454152,318,133,168.1088
1604995454185,319,128,164.4654
1604995454233,319,129,160.0195
1604995454264,319,124,155.7237
1604995454296,318,118,152.3695
1604995454328,323,115,148.1099
1604995454360,323,108,146.3175
1604995454392,324,104,144.5762
1604995454423,324,100,143.1181
1604995454456,324,97,142.3884
1604995454488,326,94,141.2916
1604995454520,324,94,140.7898
1604995454552,323,92,141.7452
1604995454584,321,93,140.8638
1604995454632,311,96,23.0392
1604995454664,302,104,11.1856
1604995454696,288,107,11.2605
1604995454728,272,109,11.2989
1604995454760,253,119,11.5634
1604995454792,233,126,11.6182
1604995454823,212,133,143.3936
1604995454856,190,145,143.9968
1604995454888,170,150,144.412
1604995454920,150,156,145.2969
1604995454957,132,162,146.0766
1604995454985,115,166,147.0417
1604995455037,100,169,147.5324
1604995455064,86,171,148.154
1604995455095,75,172,148.6285
1604995455128,67,172,148.7332
1604995455160,62,170,148.473
1604995455193,60,168,148.0486
1604995455224,60,165,147.3597
1604995455272,61,164,147.4196
1604995455306,63,166,148.1347
1604995455322,66,169,149.9662
1604995455353,69,171,151.9701
1604995455401,75,172,154.3698
1604995455432,82,172,12.3235
1604995455464,89,168,12.3413
1604995455496,98,164,14.2944
1604995455527,108,159,15.1117
1604995455559,118,154,170.4057
1604995455593,129,148,174.6489
1604995455624,141,143,179.1806
1604995455655,153,139,183.0512
1604995455688,165,137,186.663
1604995455720,174,134,189.4732
1604995455752,181,132,192.3781
1604995455784,185,130,194.9755
1604995455837,189,129,197.073
1604995455864,190,128,198.6533
1604995455896,191,128,198.6448
1604995455928,192,128,196.995
1604995455960,192,129,196.0676
1604995455992,193,133,195.5671
1604995456024,194,140,195.7569
1604995456055,194,150,195.5518
1604995456088,194,163,196.1362
1604995456120,193,177,196.8367
1604995456152,193,193,197.811
1604995456188,194,211,198.7924
1604995456232,196,229,199.4872
1604995456265,199,244,200.3762
1604995456295,200,260,201.2414
1604995456328,201,275,201.8439
1604995456359,203,285,202.6247
1604995456392,204,290,202.6181
1604995456423,203,292,203.1219
1604995456455,202,292,203.7985
1604995456488,200,292,203.7289
1604995456520,196,293,203.8942
1604995456552,191,295,202.5293
1604995456584,185,292,201.0273
1604995456632,178,292,198.6977
1604995456663,173,290,195.2295
1604995456697,171,295,191.2585
1604995456728,159,302,27.7155
1604995456760,156,302,27.2016
1604995456791,148,303,26.5944
1604995456824,140,306,26.1833
1604995456855,132,310,12.784
1604995456887,123,312,165.8372
1604995456921,113,321,162.017
1604995456953,102,321,13.3967
1604995456985,92,325,13.5448
1604995457032,82,325,13.1463
1604995457064,74,335,12.64
1604995457096,68,334,140.7666
1604995457128,67,338,133.2492
1604995457159,70,334,38.4967
1604995457192,77,333,124.5179
1604995457223,87,335,119.7155
1604995457256,101,337,114.3925
1604995457288,117,333,110.9243
1604995457320,136,327,109.3616
1604995457355,157,324,17.0585
1604995457400,180,313,9.1926
1604995457433,204,305,9.4644
1604995457464,228,300,9.2218
1604995457496,252,296,9.0425
1604995457528,273,288,9.0549
1604995457560,298,281,10.1572
1604995457592,318,286,10.3675
1604995457623,335,294,11.1533
1604995457655,353,293,10.1865
1604995457688,367,292,10.5203
1604995457720,380,290,19.8276
1604995457752,391,287,21.6057
1604995457801,399,276,22.9568
1604995457832,401,282,162.6574
1604995457864,405,274,165.3739
1604995457895,404,276,166.6147
1604995457928,406,273,163.7199
1604995457960,403,269,168.9514
1604995457992,401,267,169.5005
1604995458024,394,264,178.574
1604995458055,395,261,13.7618
1604995458088,390,260,13.7358
1604995458120,392,253,13.5709
1604995458170,377,250,13.7834
1604995458199,378,251,13.9419
1604995458232,373,249,14.5755
1604995458263,367,246,14.7247
1604995458296,367,247,185.2446
1604995458328,366,249,188.0734
1604995458360,364,250,190.2362
1604995458392,364,247,192.4094
1604995458424,364,244,194.3741
1604995458456,363,241,196.115
1604995458487,364,243,197.6272
1604995458521,363,238,199.0671
1604995458553,362,240,199.2988
1604995458600,361,237,199.9952
1604995458631,359,238,199.8952
1604995458664,356,235,200.616
1604995458696,354,239,201.0663
1604995458727,347,241,201.8969
1604995458760,338,243,201.7521
1604995458792,327,248,201.9237
1604995458824,313,248,201.9748
1604995458856,302,249,202.1209
1604995458888,287,251,202.5051
1604995458936,273,255,202.903
1604995458954,259,258,203.5427
1604995459000,244,260,203.9924
1604995459031,231,261,203.9352
1604995459064,218,262,204.2901
1604995459096,205,264,204.629
1604995459127,195,266,204.492
1604995459159,185,265,204.1626
1604995459191,177,266,203.6667
1604995459223,173,267,202.9247
1604995459256,170,267,201.6862
1604995459289,170,268,200.0526
1604995459321,168,268,198.3738
1604995459353,166,264,195.8866
1604995459400,165,265,193.1993
1604995459432,162,271,189.1704
1604995459464,160,269,184.5313
1604995459496,158,271,26.5998
1604995459529,156,273,25.9756
1604995459560,154,278,167.9678
1604995459592,158,282,162.7935
1604995459625,157,278,159.6369
1604995459656,157,275,156.5163
1604995459688,157,278,12.2263
1604995459721,157,283,21.857
1604995459754,158,289,21.4937
1604995459800,157,299,21.7946
1604995459832,157,310,21.6008
1604995459865,138,323,42.5789
1604995459896,162,317,42.2379
1604995459928,158,315,156.7038
1604995459960,157,310,47.686
1604995459992,119,297,46.569
1604995460030,166,277,22.5262
1604995460059,162,256,11.7509
1604995460088,168,230,11.0483
1604995460121,171,205,10.5355
1604995460152,172,180,10.2608
1604995460200,173,161,10.067
1604995460231,175,136,9.9646
1604995460264,177,118,9.8806
1604995460295,180,99,9.7507
1604995460328,182,85,9.5269
1604995460360,183,79,9.5006
1604995460392,183,75,17.64
1604995460424,182,74,120.8482
1604995460456,182,74,121.1285
1604995460488,183,75,121.0764
1604995460521,186,75,120.9383
1604995460568,191,75,17.9314
1604995460600,198,74,17.6798
1604995460632,208,73,17.5479
1604995460664,220,72,10.2082
1604995460696,235,72,10.0709
1604995460728,252,71,16.6729
1604995460760,270,71,9.8949
1604995460792,286,65,16.6064
1604995460825,304,64,16.4197
1604995460856,322,58,16.7463
1604995460888,340,54,17.0237
1604995460921,358,51,16.6407
1604995460968,378,42,16.9426
1604995460999,387,48,17.15
1604995461032,396,42,18.2793
1604995461063,410,43,19.3812
1604995461096,420,40,21.2531
1604995461128,406,34,21.8154
1604995461160,437,43,22.3831
1604995461191,417,35,23.3314
1604995461224,420,38,157.4997
1604995461257,421,38,157.8981
1604995461289,419,39,152.3488
1604995461321,438,47,150.0935
1604995461368,434,48,147.9145
1604995461401,406,43,13.3191
1604995461431,420,59,13.0705
1604995461464,411,65,24.8895
1604995461496,405,77,24.7526
1604995461528,402,83,142.1105
1604995461559,394,94,144.3755
1604995461592,384,101,23.4414
1604995461624,375,109,12.6321
1604995461656,368,112,13.0942
1604995461688,362,116,13.4266
1604995461721,357,118,13.6559
1604995461772,355,121,14.6689
1604995461800,352,123,178.3277
1604995461831,349,123,181.9537
1604995461864,346,124,184.6746
1604995461901,342,126,187.1176
1604995461928,337,126,189.0031
1604995461960,331,127,190.3479
1604995461992,324,128,191.7066
1604995462024,317,129,192.6488
1604995462056,307,130,193.6386
1604995462088,297,131,194.3711
1604995462121,287,131,194.4907
1604995462168,275,130,194.656
1604995462200,261,130,194.7242
1604995462232,248,129,194.9208
1604995462263,232,130,195.4883
1604995462296,217,132,196.1731
1604995462328,201,134,197.3749
1604995462360,187,138,198.6132
1604995462391,173,141,199.5525
1604995462429,161,143,200.4138
1604995462456,152,145,201.4003
1604995462487,143,147,201.2074
1604995462520,137,148,200.4605
1604995462568,131,146,198.2603
1604995462601,126,145,195.3899
1604995462632,122,143,191.0066
1604995462664,118,141,186.5061
1604995462696,114,138,181.9137
1604995462728,109,136,28.772
1604995462761,102,134,26.8498
1604995462791,103,130,25.8217
1604995462825,98,126,25.4463
1604995462856,93,121,154.105
1604995462889,89,114,149.0417
1604995462936,85,107,143.7855
1604995462968,82,101,21.3373
1604995463000,80,94,12.0898
1604995463032,79,87,11.4934
1604995463063,77,81,11.5826
1604995463095,76,80,124.8226
1604995463128,75,79,122.4983
1604995463160,75,79,121.5752
1604995463192,75,80,121.0578
1604995463224,78,81,36.5962
1604995463272,81,83,36.8875
1604995463290,85,85,19.3428
1604995463336,90,90,19.4146
1604995463368,96,97,20.0755
1604995463400,101,102,20.7461
1604995463432,107,108,21.3163
1604995463464,112,113,143.5713
1604995463495,117,117,148.5605
1604995463528,122,120,12.475
1604995463560,126,121,13.4879
1604995463592,131,123,13.5337
1604995463624,137,124,170.9311
1604995463656,140,121,175.5781
1604995463688,144,120,179.6341
1604995463736,147,119,183.0644
1604995463768,151,117,186.6742
1604995463800,153,116,189.1589
1604995463832,155,115,190.5395
1604995463863,156,115,191.4423
1604995463896,156,116,192.0617
1604995463927,156,119,191.5732
1604995463960,155,124,192.0843
1604995463991,154,131,192.5548
1604995464024,152,141,192.7019
1604995464056,152,153,193.6547
1604995464088,151,166,194.577
1604995464135,150,181,195.7686
1604995464167,150,196,196.8349
1604995464200,150,213,197.5678
1604995464236,150,230,197.957
1604995464264,152,247,198.8182
1604995464295,153,264,199.1767
1604995464344,156,276,199.1445
1604995464377,158,289,199.7167
1604995464393,159,301,200.1585
1604995464424,161,315,200.7644
1604995464457,163,321,200.2949
1604995464489,166,322,199.14
1604995464535,172,323,197.7976
1604995464568,177,319,197.7622
1604995464600,184,313,197.2473
1604995464632,191,307,197.0018
1604995464664,201,300,196.3825
1604995464696,211,293,196.4506
1604995464727,223,287,196.1033
1604995464760,236,282,195.685
1604995464792,250,278,194.8851
1604995464824,264,273,193.9822
1604995464856,278,266,193.1258
1604995464889,295,258,192.4374
1604995464937,306,244,191.8135
1604995464967,319,247,190.6422
1604995465000,330,244,190.5061
1604995465031,341,245,189.9891
1604995465063,348,246,189.8943
1604995465096,354,245,189.8749
1604995465129,357,250,190.3073
1604995465159,357,250,194.0956
1604995465192,355,252,192.6292
1604995465225,353,252,190.7527
1604995465256,354,255,185.5539
1604995465288,351,256,28.3286
1604995465336,348,258,27.7366
1604995465368,344,261,27.7139
1604995465399,346,267,176.6357
1604995465431,348,270,27.5715
1604995465464,351,268,26.382
1604995465496,355,269,174.2862
1604995465527,359,265,14.7445
1604995465560,334,275,14.1419
1604995465592,335,271,163.2817
1604995465624,354,292,161.4405
1604995465656,363,261,170.8821
1604995465689,320,281,14.1491
1604995465736,308,287,14.0972
1604995465767,290,307,14.5424
1604995465800,272,314,14.9736
1604995465832,251,320,15.1546
1604995465863,227,322,15.2803
1604995465895,282,269,26.3535
1604995465927,248,279,24.75
1604995465960,219,285,23.5498
1604995465991,192,289,24.9125
1604995466024,164,295,22.9547
1604995466056,139,297,22.8505
1604995466089,113,304,23.1648
1604995466136,92,307,153.0505
1604995466168,70,308,144.2552
1604995466200,58,310,125.091
1604995466232,50,312,108.6808
1604995466263,48,315,106.8734
1604995466296,46,307,109.4376
1604995466327,48,306,118.4384
1604995466360,53,303,128.5872
1604995466392,60,302,40.1321
1604995466424,65,298,20.8428
1604995466458,73,291,21.4683
1604995466488,80,283,21.4394
1604995466536,87,289,21.4019
1604995466568,95,288,148.6705
1604995466600,103,285,12.1576
1604995466632,111,278,12.0765
1604995466664,119,278,13.3163
1604995466695,127,275,13.5938
1604995466728,136,272,175.4212
1604995466759,144,277,181.057
1604995466792,151,267,186.4911
1604995466824,158,265,190.8701
1604995466856,164,264,195.0622
1604995466889,171,262,197.9537
1604995466936,175,260,201.3911
1604995466968,178,259,204.3989
1604995467000,180,262,207.4708
1604995467032,181,264,208.9142
1604995467064,181,264,208.8456
1604995467096,180,264,207.8376
1604995467127,180,262,206.7125
1604995467160,181,262,204.3481
1604995467192,182,256,202.1617
1604995467224,184,252,199.0448
1604995467256,187,245,196.5984
1604995467288,190,239,193.7491
1604995467350,193,234,191.2159
1604995467373,197,227,189.2386
1604995467400,201,221,187.4742
1604995467432,205,214,185.9088
1604995467464,209,208,184.1019
1604995467496,213,200,182.4706
1604995467528,217,194,180.8848
1604995467560,220,189,179.3946
1604995467592,223,185,178.3867
1604995467624,226,180,177.2162
1604995467657,228,177,175.2895
1604995467688,230,173,173.3797
1604995467737,232,170,171.0264
1604995467769,233,166,168.2646
1604995467799,235,162,165.1134
1604995467832,237,157,162.4194
1604995467863,241,153,12.3052
1604995467896,243,146,24.8017
1604995467927,248,142,152.752
1604995467960,254,138,150.1875
1604995467993,256,133,148.2341
1604995468024,260,129,147.0132
1604995468058,262,131,145.8126
1604995468104,264,133,143.9547
1604995468136,266,132,143.2408
1604995468168,269,132,142.8363
1604995468200,272,129,142.0631
1604995468232,276,125,140.5967
1604995468264,281,113,10.8859
1604995468295,289,98,10.7668
1604995468328,298,69,10.7545
1604995468359,305,44,10.7188
1604995468392,307,22,10.595
1604995468424,327,1,10.907
