1605005822713,0.0,-0.125,0.0
1605005822745,-0.5625,0.6875,0.0
1605005822777,0.4375,-1.375,0.0
1605005822810,-0.36363636363636365,2.121212121212121,0.0
1605005822842,0.375,-2.5,0.0
1605005822890,-0.125,1.6666666666666667,0.0
1605005822921,0.12903225806451613,-2.5161290322580645,0.0
1605005822954,-0.12121212121212122,2.1818181818181817,9.984078787878786
1605005822985,0.0,-1.8709677419354838,-21.729296774193546
1605005823018,0.18181818181818182,0.6666666666666666,20.398175757575757
1605005823049,-0.25806451612903225,-0.06451612903225806,-21.801690322580644
1605005823082,0.30303030303030304,0.06060606060606061,20.432987878787877
1605005823113,-0.5161290322580645,0.12903225806451613,-21.642135483870966
1605005823146,0.48484848484848486,-0.24242424242424243,20.263648484848485
1605005823177,-0.7096774193548387,0.0,-21.514903225806453
1605005823210,0.7272727272727273,0.42424242424242425,20.208
1605005823242,-0.75,-0.4375,-20.8429875
1605005823290,0.5,0.3333333333333333,13.896604166666668
1605005823322,-0.6875,-0.4375,-20.819706250000003
1605005823354,0.75,0.625,20.810950000000002
1605005823387,-0.48484848484848486,-0.5454545454545454,-20.183890909090913
1605005823418,0.5806451612903226,0.6451612903225806,21.48805806451613
1605005823449,-0.3225806451612903,-0.6451612903225806,-21.528225806451612
1605005823482,0.5454545454545454,0.7878787878787878,20.167703030303027
1605005823513,-0.45161290322580644,-0.9032258064516129,-21.449019354838708
1605005823546,0.6060606060606061,0.0,20.1272
1605005823577,-0.7096774193548387,-0.1935483870967742,-21.451212903225805
1605005823610,1.0303030303030303,0.7272727272727273,20.20392121212121
1605005823641,-1.2258064516129032,-1.2258064516129032,-21.480458064516128
1605005823689,0.75,0.4583333333333333,13.852024999999998
1605005823721,-1.1875,-0.5,-20.785624999999996
1605005823754,0.9696969696969697,0.48484848484848486,20.135606060606058
1605005823786,-1.125,-0.125,-20.7764375
1605005823817,0.9032258064516129,-0.45161290322580644,21.490154838709678
1605005823849,-1.1875,0.125,-20.83970625
1605005823881,1.0,-0.125,20.850506250000002
1605005823913,-1.1875,0.3125,-20.839825000000005
1605005823947,1.0588235294117647,0.0,19.615552941176475
1605005823978,-1.1612903225806452,0.1935483870967742,-21.487664516129033
1605005824010,1.0625,0.25,20.8131375
1605005824058,-0.625,-0.041666666666666664,-13.866229166666665
1605005824089,1.1612903225806452,0.3225806451612903,21.420554838709677
1605005824122,-0.7878787878787878,-0.18181818181818182,-20.11050909090909
1605005824153,1.032258064516129,0.1935483870967742,21.416670967741933
1605005824186,-0.6060606060606061,-0.18181818181818182,-20.14615757575757
1605005824217,0.7096774193548387,0.12903225806451613,21.45194838709677
1605005824249,-0.5,-0.375,-20.809087499999997
1605005824281,0.5625,0.0625,20.794406249999994
1605005824314,-0.48484848484848486,-0.5454545454545454,-20.136884848484844
1605005824345,0.45161290322580644,0.7096774193548387,21.433554838709675
1605005824378,-0.42424242424242425,-1.2121212121212122,-20.148145454545453
1605005824411,0.36363636363636365,1.3333333333333333,20.17880606060606
1605005824457,-0.5217391304347826,-1.0,-14.524713043478258
1605005824489,0.4375,1.125,20.917412499999998
1605005824521,-0.5,-0.4375,-20.864899999999995
1605005824554,0.18181818181818182,-0.24242424242424243,20.1900606060606
1605005824585,-0.45161290322580644,0.3225806451612903,-21.453464516129024
1605005824618,0.36363636363636365,-0.06060606060606061,20.116321212121207
1605005824649,-0.45161290322580644,0.45161290322580644,-21.451535483870963
1605005824682,0.42424242424242425,-0.06060606060606061,20.160072727272723
1605005824713,-0.5806451612903226,0.5161290322580645,-21.380748387096766
1605005824746,0.7878787878787878,-0.18181818181818182,20.0374909090909
1605005824777,-0.6451612903225806,0.5161290322580645,-21.256199999999993
1605005824811,0.9411764705882353,-0.35294117647058826,19.270311764705877
1605005824857,-0.34782608695652173,0.13043478260869565,-14.190247826086955
1605005824890,0.7272727272727273,-0.36363636363636365,19.72643636363636
1605005824921,-0.5806451612903226,0.1935483870967742,-21.009567741935477
1605005824954,0.7272727272727273,-0.42424242424242425,19.70669696969696
1605005824985,-0.8387096774193549,-0.06451612903225806,-20.98787741935483
1605005825018,0.7272727272727273,-0.30303030303030304,19.74968484848484
1605005825050,-0.9375,0.1875,-20.382568749999994
1605005825082,0.8125,-0.1875,20.296512499999995
1605005825113,-1.2903225806451613,-0.3870967741935484,-20.82336774193548
1605005825145,0.8125,0.25,20.206193749999997
1605005825178,-1.0303030303030303,0.0,-19.56423636363636
1605005825211,0.9090909090909091,0.18181818181818182,19.50970303030303
1605005825257,-0.5652173913043478,0.0,-13.959795652173911
1605005825290,0.48484848484848486,0.42424242424242425,19.39539393939394
1605005825321,-0.7741935483870968,0.12903225806451613,-20.62151612903226
1605005825354,1.0303030303030303,-0.06060606060606061,19.357436363636364
1605005825386,-0.8125,0.5625,-19.938131249999998
1605005825417,0.8387096774193549,-0.5806451612903226,20.535348387096768
1605005825450,-0.36363636363636365,0.8484848484848485,-19.286751515151508
1605005825481,0.8387096774193549,-1.1612903225806452,20.43505161290322
1605005825513,-0.4375,1.0625,-19.768231249999996
1605005825546,0.5454545454545454,-1.4545454545454546,19.207478787878784
1605005825579,-0.42424242424242425,0.9090909090909091,-19.265678787878787
1605005825610,0.1935483870967742,-1.6129032258064515,-19.265678787878787
1605005825658,0.20833333333333334,1.2916666666666667,-19.265678787878787
1605005825689,-0.9032258064516129,-2.2580645161290325,-19.265678787878787
1605005825722,1.0303030303030303,1.7575757575757576,-19.265678787878787
1605005825754,-1.3125,-1.625,-19.265678787878787
1605005825785,0.3870967741935484,2.0,-19.265678787878787
1605005825817,-0.25,-1.9375,-19.265678787878787
1605005825850,-0.18181818181818182,1.7575757575757576,-19.265678787878787
1605005825881,-0.06451612903225806,-2.129032258064516,-19.265678787878787
1605005825913,0.0,2.3125,-19.265678787878787
1605005825947,-0.058823529411764705,-1.8235294117647058,-19.265678787878787
1605005825977,0.13333333333333333,2.6666666666666665,-19.265678787878787
1605005826011,-0.058823529411764705,-2.235294117647059,-19.265678787878787
1605005826058,0.1276595744680851,1.7872340425531914,-19.265678787878787
1605005826089,-0.12903225806451613,-2.5806451612903225,-19.265678787878787
1605005826122,0.6666666666666666,2.6666666666666665,-19.265678787878787
1605005826153,-0.25806451612903225,-2.838709677419355,-19.265678787878787
1605005826185,0.75,2.5,-19.265678787878787
1605005826218,-0.6666666666666666,-2.909090909090909,-19.265678787878787
1605005826249,0.7741935483870968,2.903225806451613,-19.265678787878787
1605005826281,-0.8125,-3.6875,-19.265678787878787
1605005826314,1.2727272727272727,4.0,-19.265678787878787
1605005826346,-1.75,-4.3125,-19.265678787878787
1605005826378,1.875,4.4375,-19.265678787878787
1605005826410,-2.0625,-5.0625,-19.265678787878787
1605005826457,1.4042553191489362,3.0638297872340425,-19.265678787878787
1605005826489,-2.6875,-4.125,-19.265678787878787
1605005826522,2.4242424242424243,4.303030303030303,-19.265678787878787
1605005826553,-2.7096774193548385,-4.32258064516129,-19.265678787878787
1605005826587,1.9411764705882353,4.588235294117647,7.129923529411766
1605005826618,-1.4193548387096775,-5.161290322580645,7.129923529411766
1605005826649,1.6774193548387097,5.935483870967742,7.129923529411766
1605005826682,-2.5454545454545454,-4.96969696969697,7.129923529411766
1605005826714,3.8125,5.3125,7.129923529411766
1605005826746,-8.25,-4.3125,7.129923529411766
1605005826777,15.419354838709678,1.8709677419354838,7.129923529411766
1605005826812,-17.542857142857144,-1.1428571428571428,7.129923529411766
1605005826858,13.608695652173912,0.8260869565217391,31.075978260869572
1605005826890,-22.0625,-0.9375,-55.122600000000006
1605005826922,24.625,-0.25,55.62096875
1605005826953,-22.967741935483872,0.12903225806451613,-58.491064516129036
1605005826986,19.696969696969695,-0.18181818181818182,-58.491064516129036
1605005827018,-20.25,0.25,-58.491064516129036
1605005827049,21.096774193548388,0.3225806451612903,-58.491064516129036
1605005827081,-20.0625,-1.8125,-58.491064516129036
1605005827114,19.757575757575758,1.5151515151515151,-58.491064516129036
1605005827145,-20.838709677419356,-1.5483870967741935,-58.491064516129036
1605005827178,19.87878787878788,1.8181818181818181,-58.491064516129036
1605005827214,-18.0,-1.5,-58.491064516129036
1605005827259,14.533333333333333,1.4222222222222223,-58.491064516129036
1605005827289,-21.733333333333334,-1.6666666666666667,-58.491064516129036
1605005827322,19.939393939393938,1.8181818181818181,-58.491064516129036
1605005827353,-21.35483870967742,-1.4838709677419355,-58.491064516129036
1605005827385,20.5625,1.625,-58.491064516129036
1605005827417,-20.875,-1.4375,-58.491064516129036
1605005827449,20.6875,1.0,-58.491064516129036
1605005827481,-21.25,-0.5625,-58.491064516129036
1605005827513,20.875,1.0,-58.491064516129036
1605005827545,-19.8125,-0.6875,-58.491064516129036
1605005827578,17.696969696969695,0.42424242424242425,-58.491064516129036
1605005827625,-12.595744680851064,-0.46808510638297873,-58.491064516129036
1605005827659,17.235294117647058,0.11764705882352941,-58.491064516129036
1605005827691,-18.0,-0.1875,-58.491064516129036
1605005827722,18.0,-0.12903225806451613,-58.491064516129036
1605005827753,-18.129032258064516,-0.1935483870967742,-58.491064516129036
1605005827785,18.4375,0.5625,-58.491064516129036
1605005827817,-18.5625,-0.8125,-58.491064516129036
1605005827849,18.6875,0.6875,-58.491064516129036
1605005827882,-17.696969696969695,-1.7575757575757576,-58.491064516129036
1605005827913,19.096774193548388,1.7419354838709677,-58.491064516129036
1605005827946,-17.757575757575758,-1.6363636363636365,-58.491064516129036
1605005827978,18.625,1.875,-58.491064516129036
1605005828026,-12.416666666666666,-1.2916666666666667,-58.491064516129036
1605005828058,18.8125,2.0625,-58.491064516129036
1605005828090,-18.6875,-1.8125,-58.491064516129036
1605005828121,19.35483870967742,2.2580645161290325,-58.491064516129036
1605005828154,-18.181818181818183,-1.878787878787879,-58.491064516129036
1605005828186,18.6875,2.3125,-58.491064516129036
1605005828218,-18.6875,-1.8125,-58.491064516129036
1605005828249,19.161290322580644,2.129032258064516,-58.491064516129036
1605005828282,-18.0,-1.7575757575757576,-58.491064516129036
1605005828314,18.3125,2.0625,-58.491064516129036
1605005828346,-18.75,-2.625,-58.491064516129036
1605005828378,18.875,3.375,-58.491064516129036
1605005828426,-12.833333333333334,-2.7083333333333335,-58.491064516129036
1605005828457,19.483870967741936,3.6129032258064515,-58.491064516129036
1605005828489,-18.875,-2.9375,-58.491064516129036
1605005828522,18.0,2.606060606060606,-58.491064516129036
1605005828554,-18.6875,-3.1875,-24.076475000000016
1605005828585,18.967741935483872,3.806451612903226,13.363883870967761
1605005828618,-17.393939393939394,-4.242424242424242,-12.490424242424263
1605005828649,19.096774193548388,4.193548387096774,13.240864516129054
1605005828682,-18.303030303030305,-2.727272727272727,-12.60619393939396
1605005828714,18.9375,1.375,13.152793750000022
1605005828746,-19.0625,-0.9375,-13.239031250000023
1605005828778,19.75,0.625,13.263150000000023
1605005828826,-13.041666666666666,-0.75,-8.924570833333348
1605005828857,20.322580645161292,1.1612903225806452,13.856877419354863
1605005828889,-19.4375,-1.0,-13.446100000000024
1605005828921,19.5,1.0625,13.475893750000026
1605005828954,-18.78787878787879,-1.0303030303030303,-13.064109090909115
1605005828985,20.06451612903226,1.2258064516129032,13.927464516129058
1605005829018,-18.78787878787879,-0.9696969696969697,-13.079818181818204
1605005829049,20.06451612903226,1.096774193548387,13.95472903225809
1605005829082,-18.90909090909091,-0.7878787878787878,-13.100103030303055
1605005829113,20.193548387096776,0.967741935483871,13.932374193548414
1605005829145,-19.5625,-0.6875,-13.531793750000025
1605005829193,13.0,0.5416666666666666,9.056050000000015
1605005829225,-19.5625,-0.625,-13.550462500000023
1605005829257,19.5,0.875,13.575362500000024
1605005829289,-19.6875,-0.75,-13.524212500000024
1605005829321,19.5,0.875,13.655300000000024
1605005829354,-19.21212121212121,-0.7878787878787878,-13.264036363636386
1605005829386,19.625,0.625,13.747987500000022
1605005829418,-19.75,-1.25,-13.745293750000023
1605005829449,20.193548387096776,2.3870967741935485,14.081961290322605
1605005829482,-18.90909090909091,-3.090909090909091,-13.24530303030305
1605005829514,19.375,2.75,13.669043750000018
1605005829547,-18.90909090909091,-2.8484848484848486,-13.207981818181834
1605005829593,13.521739130434783,2.3043478260869565,9.41654347826088
1605005829627,-18.058823529411764,-2.764705882352941,-12.781305882352957
1605005829657,20.666666666666668,2.3333333333333335,14.38246000000002
1605005829690,-18.727272727272727,-2.4242424242424243,-13.093175757575779
1605005829721,20.129032258064516,2.129032258064516,13.826206451612924
1605005829753,-19.1875,-2.1875,-13.43013125000002
1605005829785,19.3125,2.25,13.396406250000021
1605005829818,-18.606060606060606,-2.242424242424242,-12.928442424242446
1605005829849,20.0,2.6451612903225805,13.806741935483895
1605005829882,-18.78787878787879,-2.121212121212121,-12.902436363636387
1605005829913,20.06451612903226,2.5161290322580645,13.737677419354865
1605005829946,-18.90909090909091,-1.8181818181818181,-12.868200000000028
1605005829994,12.958333333333334,1.4166666666666667,8.88571250000002
1605005830026,-19.5,-2.0,-13.32384375000003
1605005830058,19.125,1.8125,13.372281250000032
1605005830089,-19.93548387096774,-2.129032258064516,-13.774329032258098
1605005830121,19.125,2.5625,13.302893750000031
1605005830153,-19.3125,-2.5625,-13.249643750000029
1605005830186,18.666666666666668,1.8181818181818181,12.841090909090935
1605005830217,-19.870967741935484,-1.4838709677419355,-13.82844516129035
1605005830253,17.0,1.2777777777777777,11.962316666666691
1605005830282,-21.03448275862069,-2.413793103448276,-14.972055172413826
1605005830313,19.548387096774192,2.0,13.99949677419358
1605005830346,-18.303030303030305,-2.1818181818181817,-13.121921212121238
1605005830393,12.808510638297872,1.6170212765957446,9.197246808510656
1605005830426,-18.242424242424242,-2.303030303030303,-13.068412121212145
1605005830458,18.875,2.625,13.500318750000025
1605005830490,-18.8125,-2.5625,-13.483131250000026
1605005830521,19.677419354838708,2.5161290322580645,13.905200000000029
1605005830554,-18.242424242424242,-2.484848484848485,-13.125884848484878
1605005830585,19.806451612903224,2.7096774193548385,13.91235483870971
1605005830618,-18.363636363636363,-2.606060606060606,-13.098636363636396
1605005830649,19.612903225806452,2.7096774193548385,13.921180645161325
1605005830681,-18.8125,-2.4375,-13.443293750000034
1605005830715,17.764705882352942,2.588235294117647,12.667652941176504
1605005830745,-20.2,-2.6666666666666665,-14.352686666666704
1605005830794,12.326530612244898,1.836734693877551,8.821681632653084
1605005830826,-18.875,-2.5,-13.465568750000033
1605005830857,19.35483870967742,2.774193548387097,13.982980645161325
1605005830889,-18.8125,-2.625,-13.544043750000036
1605005830922,17.939393939393938,2.5454545454545454,13.238072727272764
1605005830953,-19.419354838709676,-3.161290322580645,-14.118858064516168
1605005830985,18.625,3.25,13.730006250000034
1605005831017,-19.1875,-3.8125,-13.666250000000032
1605005831049,19.625,4.25,13.55014375000003
1605005831081,-20.3125,-4.6875,-13.49220625000003
1605005831113,20.6875,4.6875,13.413750000000032
1605005831147,-19.470588235294116,-5.0,-12.632335294117679
1605005831193,14.478260869565217,3.739130434782609,9.216543478260894
1605005831226,-19.696969696969695,-4.666666666666667,-12.94433939393943
1605005831257,20.903225806451612,4.903225806451613,13.814754838709716
1605005831290,-19.575757575757574,-5.696969696969697,-13.061290909090948
1605005831321,20.967741935483872,5.870967741935484,14.000232258064559
1605005831357,-17.944444444444443,-4.944444444444445,-12.125416666666704
1605005831386,22.137931034482758,6.206896551724138,15.128427586206941
1605005831417,-20.774193548387096,-5.483870967741935,-14.080264516129073
1605005831450,19.333333333333332,5.515151515151516,13.292606060606099
1605005831482,-20.125,-5.3125,-13.67033750000004
1605005831513,20.774193548387096,5.806451612903226,14.128774193548429
1605005831547,-18.941176470588236,-4.9411764705882355,-12.852823529411802
1605005831594,13.787234042553191,3.702127659574468,9.27043404255322
1605005831625,-20.70967741935484,-5.419354838709677,-14.040096774193591
1605005831657,20.25,5.3125,13.57464375000004
1605005831689,-19.875,-5.4375,-13.63257500000004
1605005831721,19.9375,4.6875,13.667737500000039
1605005831753,-19.875,-4.75,-13.761162500000037
1605005831786,19.151515151515152,3.8181818181818183,13.308878787878822
1605005831817,-20.193548387096776,-3.6774193548387095,-14.07469032258068
1605005831849,19.625,3.125,13.763593750000034
1605005831882,-18.96969696969697,-2.909090909090909,-13.520884848484883
1605005831913,20.0,2.967741935483871,14.403658064516165
1605005831946,-18.545454545454547,-2.787878787878788,-13.769884848484882
1605005831993,12.638297872340425,1.9148936170212767,9.756412765957469
1605005832026,-18.303030303030305,-2.303030303030303,-13.790042424242458
1605005832058,18.4375,1.6875,14.324193750000036
1605005832089,-19.29032258064516,-1.7419354838709677,-14.827509677419394
1605005832122,18.0,1.9393939393939394,13.945115151515187
1605005832153,-19.161290322580644,-1.6774193548387097,-14.84950322580649
1605005832187,17.352941176470587,2.0,13.552611764705919
1605005832217,-19.8,-1.9333333333333333,-15.279046666666707
1605005832250,18.181818181818183,1.878787878787879,13.898036363636399
1605005832282,-18.5625,-1.6875,-14.325543750000035
1605005832314,18.9375,1.75,14.234243750000036
1605005832346,-18.625,-1.6875,-14.243437500000038
1605005832393,13.02127659574468,1.0638297872340425,9.638663829787259
1605005832425,-19.0625,-1.625,-14.098318750000036
1605005832458,18.727272727272727,1.0909090909090908,13.606600000000036
1605005832489,-19.806451612903224,-1.2258064516129032,-14.432935483871006
1605005832522,18.666666666666668,0.7878787878787878,13.498600000000037
1605005832553,-20.0,-1.3548387096774193,-14.323316129032298
1605005832586,18.78787878787879,1.1515151515151516,13.488787878787917
1605005832618,-19.3125,-0.8125,-14.03526875000004
1605005832649,19.677419354838708,1.032258064516129,14.503832258064557
1605005832682,-18.90909090909091,-2.0606060606060606,-13.593636363636403
1605005832714,19.1875,2.125,14.005068750000039
1605005832746,-19.5625,-2.0625,-13.854943750000038
1605005832794,12.916666666666666,1.4166666666666667,9.216229166666691
1605005832825,-20.193548387096776,-1.935483870967742,-14.3297225806452
1605005832858,18.90909090909091,1.9393939393939394,13.507303030303067
1605005832889,-20.0,-1.6129032258064515,-14.381922580645202
1605005832922,18.484848484848484,2.0606060606060606,13.463636363636402
1605005832953,-19.677419354838708,-1.935483870967742,-14.193032258064555
1605005832985,19.25,2.3125,13.709737500000038
1605005833017,-19.125,-2.125,-13.61360625000004
1605005833049,19.4375,2.25,13.53439375000004
1605005833081,-19.0,-2.3125,-13.551162500000041
1605005833115,18.235294117647058,2.2941176470588234,12.670794117647096
1605005833146,-19.741935483870968,-2.838709677419355,-13.830593548387135
1605005833194,12.833333333333334,1.5,8.860758333333358
1605005833225,-19.677419354838708,-2.7096774193548385,-13.754864516129071
1605005833263,16.105263157894736,2.0,11.198678947368453
1605005833289,-23.23076923076923,-2.6153846153846154,-16.27245384615389
1605005833322,17.757575757575758,0.9090909090909091,12.84872121212125
1605005833353,-18.322580645161292,-0.5161290322580645,-13.75587741935488
1605005833385,17.5,0.8125,13.23485000000004
1605005833418,-17.333333333333332,-1.0909090909090908,-12.812454545454585
1605005833449,18.06451612903226,1.3548387096774193,13.701948387096818
1605005833482,-17.575757575757574,-2.121212121212121,13.701948387096818
1605005833514,17.9375,2.375,13.701948387096818
1605005833547,-17.575757575757574,-2.0606060606060606,13.701948387096818
1605005833593,12.695652173913043,1.608695652173913,13.701948387096818
1605005833625,-18.5625,-2.0,13.701948387096818
1605005833657,18.5,2.5,44.455662500000045
1605005833689,-18.5,-2.0625,44.455662500000045
1605005833721,18.5,2.375,44.455662500000045
1605005833754,-17.757575757575758,-2.121212121212121,44.455662500000045
1605005833785,19.225806451612904,2.4516129032258065,44.455662500000045
1605005833817,-18.4375,-2.4375,44.455662500000045
1605005833850,18.363636363636363,2.303030303030303,44.455662500000045
1605005833897,-12.595744680851064,-1.872340425531915,44.455662500000045
1605005833917,29.7,3.2,44.455662500000045
1605005833946,-20.551724137931036,-2.896551724137931,44.455662500000045
1605005833999,11.50943396226415,1.9245283018867925,44.455662500000045
1605005834025,-23.53846153846154,-4.538461538461538,44.455662500000045
1605005834058,18.606060606060606,3.6363636363636362,44.455662500000045
1605005834089,-20.129032258064516,-4.387096774193548,44.455662500000045
1605005834122,19.09090909090909,4.242424242424242,44.455662500000045
1605005834153,-21.225806451612904,-4.064516129032258,44.455662500000045
1605005834186,19.696969696969695,4.181818181818182,44.455662500000045
1605005834217,-21.29032258064516,-5.483870967741935,44.455662500000045
1605005834249,20.5,5.875,44.455662500000045
1605005834281,-20.6875,-6.0625,44.455662500000045
1605005834314,19.939393939393938,6.303030303030303,44.455662500000045
1605005834362,-13.791666666666666,-4.166666666666667,-45.882062500000025
1605005834394,20.6875,6.5625,60.78272500000004
1605005834425,-21.29032258064516,-6.193548387096774,-62.7908967741936
1605005834458,20.242424242424242,5.818181818181818,-62.7908967741936
1605005834489,-21.29032258064516,-6.193548387096774,-62.7908967741936
1605005834522,20.242424242424242,5.757575757575758,-62.7908967741936
1605005834553,-21.096774193548388,-6.774193548387097,-62.7908967741936
1605005834585,20.625,7.1875,-62.7908967741936
1605005834618,-19.757575757575758,-7.2727272727272725,-62.7908967741936
1605005834649,21.29032258064516,7.354838709677419,-62.7908967741936
1605005834682,-19.818181818181817,-6.909090909090909,-62.7908967741936
1605005834714,20.5,6.75,54.03094375000005
1605005834766,-12.653846153846153,-4.346153846153846,54.03094375000005
1605005834793,24.14814814814815,8.0,54.03094375000005
1605005834825,-20.3125,-7.3125,54.03094375000005
1605005834857,20.25,8.5,54.03094375000005
1605005834890,-20.484848484848484,-8.242424242424242,54.03094375000005
1605005834921,21.419354838709676,8.838709677419354,54.03094375000005
1605005834954,-20.363636363636363,-9.030303030303031,54.03094375000005
1605005834985,21.548387096774192,9.741935483870968,54.03094375000005
1605005835018,-20.242424242424242,-8.666666666666666,54.03094375000005
1605005835050,20.5625,9.0,54.03094375000005
1605005835082,-20.5,-8.6875,54.03094375000005
1605005835114,20.5625,9.1875,54.03094375000005
1605005835161,-13.914893617021276,-6.595744680851064,54.03094375000005
1605005835193,20.625,9.9375,54.03094375000005
1605005835226,-19.696969696969695,-9.696969696969697,54.03094375000005
1605005835257,21.032258064516128,11.096774193548388,54.03094375000005
1605005835289,-20.3125,-10.75,54.03094375000005
1605005835321,20.625,11.6875,54.03094375000005
1605005835357,-17.5,-11.88888888888889,54.03094375000005
1605005835385,22.285714285714285,17.357142857142858,54.03094375000005
1605005835417,-19.6875,-17.3125,54.03094375000005
1605005835450,19.151515151515152,16.545454545454547,54.03094375000005
1605005835482,-19.625,-17.5625,54.03094375000005
1605005835514,20.1875,16.9375,54.03094375000005
1605005835562,-14.208333333333334,-11.083333333333334,54.03094375000005
1605005835594,21.4375,18.0625,54.03094375000005
1605005835627,-21.454545454545453,-18.181818181818183,54.03094375000005
1605005835658,22.516129032258064,18.967741935483872,54.03094375000005
1605005835690,-22.0,-18.0625,54.03094375000005
1605005835721,22.580645161290324,18.64516129032258,54.03094375000005
1605005835754,-21.393939393939394,-17.272727272727273,-71.32238181818188
1605005835785,22.838709677419356,18.838709677419356,67.51532258064523
1605005835818,-21.393939393939394,-17.515151515151516,-63.44572121212128
1605005835850,22.1875,18.5625,-63.44572121212128
1605005835881,-22.64516129032258,-19.032258064516128,-63.44572121212128
1605005835934,13.433962264150944,11.20754716981132,-63.44572121212128
1605005835961,-26.074074074074073,-22.22222222222222,-63.44572121212128
1605005835994,21.696969696969695,18.12121212121212,-63.44572121212128
1605005836025,-22.70967741935484,-19.870967741935484,-63.44572121212128
1605005836058,21.454545454545453,18.484848484848484,-63.44572121212128
1605005836089,-22.64516129032258,-20.193548387096776,-63.44572121212128
1605005836122,21.454545454545453,19.03030303030303,-63.44572121212128
1605005836153,-22.967741935483872,-20.322580645161292,-63.44572121212128
1605005836185,22.0,19.375,-63.44572121212128
1605005836217,-22.3125,-19.0625,-63.44572121212128
1605005836250,21.393939393939394,17.87878787878788,-63.44572121212128
1605005836282,-22.375,-18.375,-63.44572121212128
1605005836331,14.408163265306122,12.122448979591837,-63.44572121212128
1605005836362,-23.096774193548388,-19.419354838709676,-63.44572121212128
1605005836410,14.833333333333334,12.666666666666666,-63.44572121212128
1605005836434,-29.666666666666668,-24.833333333333332,-63.44572121212128
1605005836457,30.782608695652176,26.347826086956523,-63.44572121212128
1605005836489,-22.3125,-18.5625,-63.44572121212128
1605005836521,22.875,19.0,-63.44572121212128
1605005836553,-23.125,-19.0625,-63.44572121212128
1605005836586,22.78787878787879,19.03030303030303,-63.44572121212128
1605005836617,-23.806451612903224,-20.580645161290324,-63.44572121212128
1605005836650,22.78787878787879,19.636363636363637,-63.44572121212128
1605005836699,-15.346938775510203,-13.63265306122449,-63.44572121212128
1605005836734,21.771428571428572,18.285714285714285,-63.44572121212128
1605005836762,-27.071428571428573,-22.571428571428573,-63.44572121212128
1605005836793,24.516129032258064,20.258064516129032,-63.44572121212128
1605005836825,-23.8125,-19.6875,-63.44572121212128
1605005836857,23.6875,19.125,-63.44572121212128
1605005836889,-24.0625,-18.0,-63.44572121212128
1605005836922,23.151515151515152,16.0,-63.44572121212128
1605005836953,-24.967741935483872,-16.967741935483872,-63.44572121212128
1605005836986,23.272727272727273,15.93939393939394,-63.44572121212128
1605005837018,-24.1875,-16.3125,-63.44572121212128
1605005837049,24.774193548387096,16.967741935483872,58.61392903225814
1605005837082,-23.333333333333332,-15.878787878787879,-65.26471515151523
1605005837130,15.916666666666666,11.25,44.87602083333339
1605005837161,-24.580645161290324,-17.032258064516128,-69.55629677419363
1605005837193,23.6875,16.8125,67.44790625000009
1605005837226,-22.727272727272727,-16.060606060606062,-65.3795212121213
1605005837257,24.322580645161292,17.483870967741936,69.60798064516139
1605005837290,-22.606060606060606,-16.303030303030305,-65.36398181818191
1605005837321,24.387096774193548,17.225806451612904,69.53574838709689
1605005837353,-23.125,-16.625,-67.4107937500001
1605005837386,22.484848484848484,15.93939393939394,65.38475151515162
1605005837417,-23.612903225806452,-17.548387096774192,-69.6812000000001
1605005837451,21.58823529411765,15.411764705882353,63.458564705882445
1605005837482,-23.612903225806452,-17.161290322580644,-69.48286451612914
1605005837530,15.208333333333334,11.125,44.82833750000007
1605005837561,-23.419354838709676,-16.64516129032258,-69.45069032258074
1605005837593,22.5,15.625,67.30206875000009
1605005837625,-22.8125,-16.25,-67.30215000000008
1605005837658,21.818181818181817,15.515151515151516,65.2422727272728
1605005837690,-22.8125,-16.0,-67.19566875000008
1605005837721,23.225806451612904,16.64516129032258,69.44231612903235
1605005837753,-22.6875,-16.0,-67.26642500000008
1605005837786,21.818181818181817,15.818181818181818,65.18792727272734
1605005837817,-23.419354838709676,-16.451612903225808,-69.36614838709686
1605005837850,21.939393939393938,15.93939393939394,65.15686666666673
1605005837882,-22.625,-16.125,-67.16517500000006
1605005837930,15.041666666666666,10.791666666666666,44.79818333333338
1605005837962,-22.3125,-16.0625,-67.20589375000006
1605005837993,23.225806451612904,16.774193548387096,69.34870322580652
1605005838025,-22.25,-15.9375,-67.13015625000006
1605005838058,21.939393939393938,15.333333333333334,64.94649696969702
1605005838090,-22.375,-16.0625,-67.09058750000005
1605005838121,23.35483870967742,16.193548387096776,69.27515483870971
1605005838160,-18.41025641025641,-13.025641025641026,-55.03656923076926
1605005838185,28.8,20.8,85.94003200000004
1605005838217,-22.4375,-16.6875,-67.06637500000004
1605005838250,21.87878787878788,16.848484848484848,65.04402424242427
1605005838282,-22.8125,-18.75,-67.10168750000003
1605005838331,15.10204081632653,12.693877551020408,43.74906530612247
1605005838361,-24.733333333333334,-21.066666666666666,-71.4488266666667
1605005838393,23.125,19.375,66.97923750000004
1605005838425,-23.1875,-19.3125,-66.92501875000002
1605005838458,22.424242424242426,18.424242424242426,64.80178181818184
1605005838489,-23.806451612903224,-19.096774193548388,-69.09246451612906
1605005838522,21.696969696969695,16.848484848484848,64.91254545454548
1605005838554,-22.125,-16.8125,-66.92151250000003
1605005838585,22.322580645161292,17.612903225806452,69.00216774193552
1605005838618,-21.03030303030303,-16.545454545454547,-64.67081818181822
1605005838649,22.193548387096776,16.967741935483872,68.75470967741938
1605005838682,-20.848484848484848,-16.12121212121212,-64.67585454545458
1605005838729,14.680851063829786,11.148936170212766,-64.67585454545458
1605005838762,-20.78787878787879,-16.0,-64.67585454545458
1605005838794,21.625,16.3125,-64.67585454545458
1605005838825,-22.322580645161292,-15.870967741935484,-64.67585454545458
1605005838857,21.75,15.375,-64.67585454545458
