1605005498030,0.0009182736455463728,-0.0036730945821854912,-0.023489256198347113
1605005498061,-0.007284079084287201,0.002081165452653486,0.0038946930280957513
1605005498094,-0.010101010101010102,0.0036730945821854912,0.0
1605005498142,-0.006076388888888889,0.001736111111111111,0.003810243055555551
1605005498173,-0.011446409989594173,0.002081165452653486,0.004726742976066583
1605005498205,-0.009765625,0.0048828125,0.0042387695312500195
1605005498237,-0.0078125,-0.001953125,0.0025852539062500013
1605005498269,-0.0048828125,0.0029296875,0.0019173828124999792
1605005498302,-0.0018365472910927456,0.0036730945821854912,0.0006099173553719213
1605005498334,0.0029296875,0.00390625,-0.0017413085937500183
1605005498365,0.002081165452653486,-0.004162330905306972,-0.0026427679500520104
1605005498398,0.0009182736455463728,-0.005509641873278237,-0.001857851239669424
1605005498430,-0.0009765625,0.0009765625,-0.0009300781250000112
1605005498462,-0.0029296875,0.0107421875,0.0008638671875000059
1605005498494,-0.001953125,0.0048828125,0.00222265625000001
1605005498542,-0.0008680555555555555,0.0030381944444444445,0.0007758246527777753
1605005498576,-0.0017301038062283738,0.004325259515570935,0.0012320934256055262
1605005498606,-0.0022222222222222222,-0.0022222222222222222,-0.001141333333333326
1605005498637,-0.003121748178980229,-0.003121748178980229,-0.0006830385015608645
1605005498688,-0.0015378700499807767,-0.00038446751249519417,-5.374855824683127e-05
1605005498714,-0.010355029585798817,-0.0073964497041420114,-0.0001748520710059196
1605005498733,-0.024930747922437674,-0.013850415512465374,0.0011645429362880909
1605005498765,-0.0087890625,-0.00390625,0.0004010742187499916
1605005498798,-0.010101010101010102,-0.0036730945821854912,0.0003061524334251714
1605005498830,-0.0107421875,-0.001953125,0.00025234374999999476
1605005498861,-0.011446409989594173,-0.001040582726326743,0.0008234131113423588
1605005498895,-0.010380622837370242,0.0,0.000376989619377163
1605005498942,-0.004074241738343142,0.0004526935264825713,-0.00013268447261204603
1605005498974,-0.0078125,0.00390625,-0.00039433593749998996
1605005499007,-0.0073461891643709825,0.004591368227731864,-0.00018393021120293717
1605005499038,-0.007284079084287201,0.008324661810613945,0.00043444328824140455
1605005499070,-0.0048828125,0.01171875,-4.970703124998477e-05
1605005499101,-0.003121748178980229,0.015608740894901144,0.0002167533818938397
1605005499134,-0.0009182736455463728,0.01652892561983471,0.0015567493112947687
1605005499165,0.004162330905306972,0.018730489073881373,0.001243288241415208
1605005499197,0.0048828125,0.015625,0.0019277343749999898
1605005499230,0.009182736455463728,0.010101010101010102,0.0002199265381083494
1605005499261,0.012486992715920915,0.008324661810613945,-0.00039292403746097926
1605005499310,0.0058309037900874635,0.0012494793835901709,-0.0003768429820907932
1605005499341,0.01768990634755463,0.001040582726326743,-0.0014226847034339196
1605005499373,0.015625,-0.0048828125,-0.002185058593750011
1605005499406,0.011937557392102846,-0.008264462809917356,-0.0025595959595959513
1605005499438,0.009765625,-0.013671875,-0.0019070312499999964
1605005499470,0.005859375,-0.0126953125,-0.0026814453125000026
1605005499501,-0.001040582726326743,-0.021852237252861603,-0.00032164412070759713
1605005499534,-0.004591368227731864,-0.015610651974288337,-0.0007792470156106563
1605005499565,-0.008324661810613945,-0.018730489073881373,-0.0016931321540062272
1605005499598,-0.009182736455463728,-0.014692378328741965,-0.001678971533517003
1605005499629,-0.012486992715920915,-0.013527575442247659,-0.00014453694068679155
1605005499662,-0.011937557392102846,-0.009182736455463728,-0.0003320477502295514
1605005499710,-0.006510416666666667,-0.0008680555555555555,0.00018233506944444045
1605005499741,-0.01664932362122789,0.004162330905306972,0.0012816857440166678
1605005499773,-0.01171875,0.009765625,0.0004187499999999955
1605005499805,-0.009765625,0.013671875,0.0013873046874999795
1605005499837,-0.0068359375,0.0185546875,0.001442187500000025
1605005499870,-0.0018365472910927456,0.018365472910927456,0.0014605142332414982
1605005499901,0.005202913631633715,0.02081165452653486,0.0003317377731529467
1605005499934,0.0073461891643709825,0.01652892561983471,0.0017097337006428098
1605005499965,0.01040582726326743,0.01768990634755463,0.0013062434963579661
1605005499998,0.011937557392102846,0.011937557392102846,0.0007175390266299272
1605005500029,0.015608740894901144,0.013527575442247659,0.0006677419354838563
1605005500062,0.011937557392102846,0.0018365472910927456,-0.000343709825527986
1605005500110,0.006510416666666667,0.00043402777777777775,-0.00014748263888889981
1605005500141,0.013527575442247659,-0.007284079084287201,-0.0002068678459937328
1605005500174,0.011019283746556474,-0.006427915518824609,-0.0010232323232323363
1605005500207,0.011019283746556474,-0.0073461891643709825,-0.0017236914600550822
1605005500237,0.0044444444444444444,-0.015555555555555555,-0.0020676666666666834
1605005500270,0.0,-0.017447199265381085,-0.00112589531680441
1605005500301,-0.005202913631633715,-0.019771071800208116,-8.054110301767226e-05
1605005500333,-0.0068359375,-0.0146484375,5.859374999916955e-07
1605005500366,-0.009182736455463728,-0.014692378328741965,-0.001303673094582191
1605005500398,-0.0107421875,-0.013671875,-0.0018555664062500088
1605005500429,-0.012486992715920915,-0.012486992715920915,-0.0005337148803329589
1605005500463,-0.01124567474048443,-0.006920415224913495,-0.0010994809688581444
1605005500509,-0.008506616257088847,0.0004725897920604915,0.0001751890359168239
1605005500541,-0.015625,0.0048828125,0.0003338867187500094
1605005500574,-0.012855831037649219,0.008264462809917356,0.0010467401285582949
1605005500605,-0.013527575442247659,0.012486992715920915,0.0010442247658688892
1605005500638,-0.006427915518824609,0.014692378328741965,0.0018165289256198488
1605005500669,-0.002081165452653486,0.018730489073881373,0.0007697190426638908
1605005500701,0.0048828125,0.0166015625,-0.0004487304687500193
1605005500733,0.0087890625,0.0146484375,0.0008347656250000113
1605005500765,0.009765625,0.0048828125,-0.001027441406249996
1605005500816,0.004998077662437524,0.0030757400999615533,-0.00028204536716647276
1605005500841,0.024,0.0048,-0.0029559999999999947
1605005500862,0.034013605442176874,0.0022675736961451248,-0.0009621315192744139
1605005500909,0.004979628791308284,-0.005432322317790856,-0.00048723404255319303
1605005500943,0.01124567474048443,-0.0034602076124567475,-0.0020560553633218017
1605005500974,0.005202913631633715,-0.011446409989594173,-0.002207700312174819
1605005501005,0.003121748178980229,-0.01768990634755463,-0.001404682622268461
1605005501037,-0.001953125,-0.013671875,-0.0002714843749999918
1605005501069,-0.0048828125,-0.0146484375,-0.0006985351562500131
1605005501101,-0.009765625,-0.013671875,-9.072265624998632e-05
1605005501134,-0.006427915518824609,-0.011937557392102846,-0.00033195592286501985
1605005501165,-0.012486992715920915,-0.011446409989594173,-0.0003505723204994649
1605005501200,-0.014693877551020407,-0.004897959183673469,0.0007577959183673297
1605005501230,-0.016666666666666666,0.0,-0.0006334444444444406
1605005501262,-0.0126953125,0.0029296875,-0.00036914062499998623
1605005501323,-0.00403117441547971,0.0018812147272238647,4.367105616769533e-05
1605005501353,-0.012222222222222223,0.011111111111111112,0.0003682222222222246
1605005501373,-0.0125,0.0325,0.0005375000000000086
1605005501406,-0.0018365472910927456,0.014692378328741965,-0.00035325987144169824
1605005501441,0.004081632653061225,0.013061224489795919,-0.0010074285714285814
1605005501469,0.011479591836734694,0.02423469387755102,-0.00034540816326528054
1605005501502,0.010101010101010102,0.011019283746556474,0.0006385674931129536
1605005501533,0.015608740894901144,0.004162330905306972,-0.0002376690946930509
1605005501565,0.013671875,0.009765625,-7.568359374998668e-05
1605005501597,0.0146484375,0.0009765625,-0.000432714843750015
1605005501630,0.012855831037649219,-0.0036730945821854912,0.0009897153351698773
1605005501662,0.0126953125,-0.005859375,-0.0012804687499999856
1605005501709,0.004526935264825713,-0.004074241738343142,-0.0007284744228157607
1605005501741,0.0048828125,-0.0166015625,-0.0019041992187499857
1605005501773,0.0009765625,-0.0126953125,-0.000232910156249988
1605005501805,-0.001953125,-0.0185546875,0.0003101562499999988
1605005501838,-0.004591368227731864,-0.01652892561983471,0.00012139577594121507
1605005501870,-0.005859375,-0.0146484375,0.0
1605005501901,-0.009365244536940686,-0.015608740894901144,0.0
1605005501933,-0.01171875,-0.0087890625,0.0
1605005501965,-0.015625,-0.0048828125,-0.001431249999999995
1605005501997,-0.013671875,0.0029296875,-0.0010132812499999977
1605005502029,-0.013671875,0.005859375,0.0
1605005502062,-0.012855831037649219,0.008264462809917356,0.0
1605005502110,-0.005642361111111111,0.005208333333333333,0.0
1605005502143,-0.008264462809917356,0.015610651974288337,0.0
1605005502174,-0.003121748178980229,0.018730489073881373,0.0
1605005502207,0.0027548209366391185,0.01652892561983471,0.0
1605005502237,0.01,0.022222222222222223,0.0
1605005502270,0.011019283746556474,0.014692378328741965,-0.004510835629017462
1605005502301,0.015608740894901144,0.008324661810613945,-0.0004274713839750205
1605005502333,0.015625,0.00390625,-0.0012121093749999923
1605005502365,0.0166015625,0.00390625,0.0
1605005502398,0.014692378328741965,-0.004591368227731864,0.0
1605005502429,0.014568158168574402,0.0,0.0
1605005502463,0.01124567474048443,-0.00865051903114187,0.0
1605005502510,0.0022634676324128564,-0.006337709370755998,0.0
1605005502542,0.0029296875,-0.0087890625,0.0
1605005502573,-0.003121748178980229,-0.018730489073881373,0.0
1605005502605,-0.0048828125,-0.0107421875,0.0
1605005502637,-0.0048828125,-0.0126953125,0.0
1605005502670,-0.010101010101010102,-0.012855831037649219,0.0
1605005502701,-0.012486992715920915,-0.01040582726326743,0.0
1605005502733,-0.0146484375,-0.0048828125,0.0
1605005502765,-0.0146484375,0.0,0.0
1605005502798,-0.014692378328741965,0.0036730945821854912,0.0
1605005502830,-0.0185546875,0.009765625,0.0
1605005502879,-0.0058309037900874635,0.006247396917950854,0.0
1605005502910,-0.006243496357960458,0.01664932362122789,0.0
1605005502942,-0.001953125,0.0166015625,0.0
1605005502974,0.005859375,0.0185546875,0.0
1605005503006,0.0078125,0.0166015625,0.0
1605005503038,0.01171875,0.0068359375,0.0
1605005503070,0.0146484375,0.00390625,0.0
1605005503101,0.015608740894901144,0.004162330905306972,0.0
1605005503134,0.014692378328741965,0.0009182736455463728,0.0
1605005503165,0.006243496357960458,-0.02081165452653486,0.0
1605005503198,0.021120293847566574,0.008264462809917356,0.0
1605005503230,-0.0029296875,-0.0244140625,0.0
1605005503277,0.010864644635581712,0.0,0.0
1605005503310,0.0027548209366391185,-0.018365472910927456,0.0
1605005503342,-0.0068359375,-0.0126953125,0.0
1605005503373,-0.003121748178980229,-0.011446409989594173,0.0
1605005503405,-0.009765625,-0.0126953125,0.0
1605005503437,-0.0126953125,-0.0107421875,0.0
1605005503470,-0.013774104683195593,-0.0073461891643709825,0.0
1605005503502,-0.0166015625,0.0,0.0
1605005503533,-0.019771071800208116,0.001040582726326743,0.0
1605005503566,-0.015610651974288337,0.0073461891643709825,0.0
1605005503597,-0.01664932362122789,0.01040582726326743,0.0
1605005503630,-0.011937557392102846,0.011019283746556474,0.0
1605005503677,-0.003168854685377999,0.008601177003168854,0.0
1605005503709,-0.0009765625,0.015625,0.0
1605005503741,0.0048828125,0.013671875,0.0
1605005503773,0.0107421875,0.01171875,0.0
1605005503805,0.0146484375,0.005859375,0.0
1605005503838,0.012855831037649219,0.011937557392102846,0.0
1605005503869,0.008324661810613945,-0.002081165452653486,0.0
1605005503902,0.013774104683195593,0.0073461891643709825,0.0
1605005503933,0.015608740894901144,0.002081165452653486,0.0
1605005503965,0.0078125,0.001953125,0.0
1605005503998,0.006427915518824609,-0.03489439853076217,0.0
1605005504030,0.0576171875,-0.0048828125,0.0
1605005504078,-0.0013020833333333333,-0.007378472222222222,0.0
1605005504109,-0.029136316337148804,-0.023933402705515087,0.0
1605005504141,-0.009765625,-0.0087890625,0.0
1605005504173,-0.013671875,-0.01171875,0.0
1605005504206,-0.013774104683195593,-0.0073461891643709825,0.0
1605005504237,-0.018730489073881373,-0.008324661810613945,0.0
1605005504269,-0.017578125,-0.0029296875,0.0
1605005504302,-0.01652892561983471,0.0018365472910927456,0.0
1605005504334,-0.017578125,0.0078125,0.0
1605005504365,-0.015608740894901144,0.01040582726326743,0.0
1605005504398,-0.011019283746556474,0.011937557392102846,0.0
1605005504430,-0.0048828125,0.0126953125,0.0
1605005504477,0.0004526935264825713,0.007243096423721141,0.0
1605005504510,0.005509641873278237,0.011937557392102846,0.0
1605005504541,0.011446409989594173,0.014568158168574402,0.0
1605005504574,0.012855831037649219,0.006427915518824609,0.0
1605005504621,0.007243096423721141,0.0022634676324128564,0.0
1605005504640,0.055401662049861494,-0.002770083102493075,0.0
1605005504670,0.0044444444444444444,-0.015555555555555555,0.0
1605005504701,0.014568158168574402,-0.001040582726326743,0.0
1605005504734,0.01652892561983471,-0.008264462809917356,0.0
1605005504765,0.006243496357960458,-0.011446409989594173,0.0
1605005504797,0.015625,-0.0185546875,0.0
1605005504831,0.012110726643598616,0.010380622837370242,0.0
1605005504878,0.0,-0.005885015844273427,0.0
1605005504909,-0.006243496357960458,-0.011446409989594173,0.0
1605005504942,-0.0073461891643709825,-0.011019283746556474,0.0
1605005504974,-0.01171875,-0.01171875,0.0
1605005505006,-0.0126953125,-0.0107421875,0.0
1605005505037,-0.01664932362122789,-0.004162330905306972,0.0
1605005505070,-0.014692378328741965,-0.0018365472910927456,0.0
1605005505102,-0.017578125,0.001953125,-0.024665136718750008
1605005505133,-0.01664932362122789,0.009365244536940686,0.0
1605005505166,-0.012855831037649219,0.011019283746556474,0.0
1605005505197,-0.009365244536940686,0.01664932362122789,0.0
1605005505230,-0.004591368227731864,0.015610651974288337,0.0
1605005505278,0.00043402777777777775,0.009114583333333334,0.0
1605005505311,0.0036730945821854912,0.015610651974288337,0.0
1605005505341,0.014444444444444444,0.013333333333333334,0.0
1605005505373,0.0146484375,0.0078125,0.0
1605005505405,0.015625,0.0087890625,0.0
1605005505437,0.0185546875,-0.00390625,0.0
1605005505470,0.0018365472910927456,-0.006427915518824609,0.0
1605005505501,0.013527575442247659,-0.001040582726326743,0.0
1605005505535,0.009515570934256055,-0.00865051903114187,0.002170588235294136
1605005505565,0.012222222222222223,-0.01888888888888889,0.0
1605005505598,0.0018365472910927456,-0.011937557392102846,0.0
1605005505645,0.012222725215029425,-0.0018107741059302852,0.0
1605005505677,-0.0048828125,-0.013671875,0.0
1605005505709,-0.009765625,-0.01171875,0.0
1605005505742,-0.013774104683195593,-0.010101010101010102,0.0
1605005505774,-0.017578125,-0.0087890625,0.0
1605005505805,-0.02081165452653486,-0.004162330905306972,-0.0010980228928199932
1605005505837,-0.0205078125,0.0,0.0
1605005505870,-0.018365472910927456,0.004591368227731864,0.0
1605005505901,-0.018730489073881373,0.011446409989594173,0.0
1605005505934,-0.01652892561983471,0.011019283746556474,0.0
1605005505966,-0.001953125,0.0146484375,0.0
1605005505998,-0.0048828125,0.013671875,0.0
1605005506030,0.0068359375,0.017578125,0.0
1605005506077,0.0036215482118605704,0.005432322317790856,0.0
1605005506109,0.01171875,0.0068359375,0.0
1605005506142,0.013774104683195593,-0.0009182736455463728,0.0
1605005506173,0.01664932362122789,0.003121748178980229,0.0
1605005506206,0.013774104683195593,0.0018365472910927456,0.0
1605005506237,0.015608740894901144,-0.004162330905306972,0.0
1605005506270,0.012855831037649219,-0.004591368227731864,0.0
1605005506301,0.012486992715920915,-0.006243496357960458,0.0
1605005506334,0.008264462809917356,-0.0073461891643709825,0.0
1605005506365,0.006243496357960458,-0.015608740894901144,0.0
1605005506399,-0.0017301038062283738,-0.01124567474048443,0.0
1605005506446,-0.0004526935264825713,-0.005885015844273427,0.0
1605005506478,-0.001953125,-0.0068359375,0.0
1605005506510,-0.0068359375,-0.01171875,0.0
1605005506541,-0.01040582726326743,-0.01040582726326743,0.0
1605005506574,-0.011019283746556474,-0.006427915518824609,0.0
1605005506605,-0.011446409989594173,0.001040582726326743,0.0
1605005506637,-0.01171875,0.00390625,0.0
1605005506670,-0.010101010101010102,0.005509641873278237,0.0
1605005506701,-0.01040582726326743,0.011446409989594173,0.0
1605005506733,-0.0087890625,0.0146484375,0.0
1605005506766,-0.005509641873278237,0.011937557392102846,0.0
1605005506797,0.001040582726326743,0.01768990634755463,0.0
1605005506846,0.0020824656393169513,0.006663890045814244,0.0
1605005506878,0.0078125,0.0146484375,0.02642539062499999
1605005506909,0.01040582726326743,0.006243496357960458,0.0007684703433923165
1605005506942,0.011937557392102846,0.006427915518824609,0.0006693296602387604
1605005506973,0.014568158168574402,0.002081165452653486,0.000773777315296552
1605005507005,0.013671875,-0.0068359375,0.0015274414062499964
1605005507038,0.011937557392102846,-0.011019283746556474,0.0006473829201102043
1605005507070,0.01171875,-0.0078125,-0.00036992187500001217
1605005507101,0.01040582726326743,-0.009365244536940686,0.0001222684703433994
1605005507134,0.004591368227731864,-0.011019283746556474,-0.0002823691460055138
1605005507166,-0.0009765625,-0.015625,0.0015349609374999962
1605005507199,-0.0009182736455463728,-0.009182736455463728,0.001494949494949508
1605005507245,-0.001890359168241966,-0.004253308128544423,0.0006474952741020697
1605005507277,-0.005859375,-0.0126953125,0.0009713867187500225
1605005507309,-0.005859375,-0.005859375,0.0010009765624999778
1605005507341,-0.0107421875,-0.009765625,0.001122558593750017
1605005507373,-0.009765625,-0.0029296875,0.001063574218750002
1605005507405,-0.01171875,0.0,0.0004545898437499918
1605005507437,-0.0126953125,0.005859375,0.0007350585937500043
1605005507488,-0.004229142637447136,0.0034602076124567475,0.00024209919261821818
1605005507502,-0.04591836734693878,0.0663265306122449,0.006540306122449017
1605005507533,-0.006243496357960458,0.015608740894901144,0.0017894901144640883
1605005507566,-0.0018365472910927456,0.014692378328741965,0.001506519742883385
1605005507598,0.0009765625,0.015625,0.0006005859375000089
1605005507645,0.003168854685377999,0.006790402897238569,3.3816206428251286e-05
1605005507677,0.0078125,0.0087890625,0.0005699218749999901
1605005507709,0.0107421875,0.0009765625,0.00020224609374999702
1605005507741,0.0126953125,-0.0009765625,-0.0008285156249999981
1605005507773,0.013671875,0.0,0.00017177734375001252
1605005507805,0.013671875,-0.00390625,7.71484374999798e-05
1605005507839,0.010380622837370242,-0.005190311418685121,0.00027595155709344015
1605005507869,0.011111111111111112,-0.01,-0.0007004444444444542
1605005507901,0.0087890625,-0.001953125,-0.001114160156249988
1605005507934,0.0027548209366391185,-0.009182736455463728,0.00013177226813589426
1605005507965,-0.002081165452653486,-0.015608740894901144,0.0009125910509885636
1605005507998,-0.004591368227731864,-0.010101010101010102,0.0004714416896234987
1605005508046,-0.003472222222222222,-0.005642361111111111,0.00034882812499999655
1605005508078,-0.0087890625,-0.0126953125,0.0008372070312500091
1605005508110,-0.01171875,-0.005859375,0.0006628906249999955
1605005508141,-0.013527575442247659,-0.002081165452653486,-0.0003130072840790942
1605005508173,-0.01171875,0.00390625,0.0007658203125000262
1605005508205,-0.0126953125,0.0068359375,0.0011301757812499924
1605005508237,-0.009765625,0.009765625,0.0010138671874999894
1605005508269,-0.0068359375,0.013671875,0.0008365234375000141
1605005508302,-0.0027548209366391185,0.012855831037649219,0.0014186409550045768
1605005508334,0.0009765625,0.017578125,0.0013607421875000136
1605005508366,0.0048828125,0.01171875,0.000932128906249996
1605005508399,0.0073461891643709825,0.011019283746556474,0.001055188246097341
1605005508446,0.004979628791308284,0.0036215482118605704,5.319148936170522e-05
1605005508478,0.013671875,0.009765625,0.00077392578124999
1605005508510,0.013671875,0.0,-0.00022343750000000662
1605005508541,0.015608740894901144,-0.004162330905306972,-0.00042133194588969594
1605005508574,0.012855831037649219,-0.011019283746556474,-0.0007410468319559118
1605005508606,0.0126953125,0.0,-0.0003990234375000068
1605005508637,0.011446409989594173,0.0,-0.0007690946930281037
1605005508670,0.006427915518824609,-0.011019283746556474,-0.0014041322314049583
1605005508701,0.004162330905306972,-0.01768990634755463,-0.0019199791883454758
1605005508734,-0.0018365472910927456,-0.011019283746556474,-0.0004967860422405848
1605005508766,-0.00390625,-0.013671875,-0.0009134765624999874
1605005508799,-0.0073461891643709825,-0.014692378328741965,-0.0015717171717171757
1605005508845,-0.004253308128544423,-0.006616257088846881,-0.0004330812854442392
1605005508878,-0.010101010101010102,-0.012855831037649219,-0.0009151515151515159
1605005508909,-0.012486992715920915,-0.006243496357960458,-0.00038501560874089965
1605005508942,-0.015610651974288337,0.0027548209366391185,0.0006535353535353605
1605005508974,-0.015625,0.0068359375,0.0009332031250000039
1605005509005,-0.013527575442247659,0.012486992715920915,0.0008660770031217519
1605005509038,-0.010101010101010102,0.014692378328741965,0.0014111111111111076
1605005509069,-0.007284079084287201,0.019771071800208116,0.0022449531737773107
1605005509102,-0.0027548209366391185,0.020202020202020204,0.0014847566574839443
1605005509134,0.00390625,0.0205078125,0.001984570312499989
1605005509171,0.005113221329437546,0.014609203798392988,0.0014848064280496753
1605005509199,0.01403061224489796,0.0012755102040816326,0.0007431122448979402
1605005509247,0.004340277777777778,0.00390625,-1.7534722222224532e-05
1605005509277,0.015555555555555555,0.0077777777777777776,-0.0006425555555555384
1605005509310,0.012855831037649219,0.0027548209366391185,0.00029054178145086074
1605005509341,0.015608740894901144,-0.005202913631633715,-0.0009154006243496207
1605005509374,0.011937557392102846,-0.009182736455463728,-0.0007752984389348063
1605005509405,0.012486992715920915,-0.013527575442247659,-0.0009632674297606724
1605005509438,0.009182736455463728,0.0,-0.0023817263544536125
1605005509469,0.007284079084287201,-0.014568158168574402,-0.0015858480749219573
1605005509501,0.0009765625,-0.0146484375,-0.0009876953125000087
1605005509533,-0.0009765625,-0.0205078125,-3.017578125000253e-05
1605005509565,-0.005859375,-0.01171875,0.0001209960937499921
1605005509599,-0.006920415224913495,-0.012975778546712802,-0.0005253460207612291
1605005509645,-0.005198487712665407,-0.006143667296786389,0.00011238185255198152
1605005509678,-0.011019283746556474,-0.0073461891643709825,-0.00015068870523415114
1605005509709,-0.014568158168574402,-0.003121748178980229,-0.0006585848074922024
1605005509741,-0.0146484375,0.00390625,0.00017177734374998477
1605005509773,-0.0146484375,0.0087890625,0.0006097656250000083
1605005509805,-0.01171875,0.0126953125,-0.00019980468749999925
1605005509838,-0.006427915518824609,0.01652892561983471,0.00040863177226812967
1605005509869,-0.002081165452653486,0.021852237252861603,0.0003321540062434912
1605005509902,0.0036730945821854912,0.01652892561983471,-0.000748025711662061
1605005509934,0.0078125,0.0146484375,0.0008543945312499968
1605005509966,0.01171875,0.00390625,-0.0007500976562500039
1605005510015,0.005414410662224073,0.0008329862557267805,-0.0005973760932944638
1605005510046,0.014568158168574402,0.004162330905306972,-0.0006766909469302677
1605005510077,0.015608740894901144,0.0,-0.0002771071800208128
1605005510110,0.008264462809917356,-0.015610651974288337,-9.081726354452361e-05
1605005510141,0.009365244536940686,-0.011446409989594173,-0.0013619146722164612
1605005510173,0.0068359375,-0.013671875,-0.001159960937499982
1605005510205,0.01171875,-0.009765625,-0.00025781250000000977
1605005510237,-0.0048828125,-0.0048828125,-0.0004283203125000079
1605005510270,-0.0036730945821854912,-0.008264462809917356,-0.002048025711662075
1605005510306,-0.006172839506172839,-0.005401234567901234,-0.0003138117283950623
1605005510334,-0.012755102040816327,-0.015306122448979591,-0.0005325255102040686
1605005510365,-0.011446409989594173,-0.012486992715920915,-0.0009212278876170665
1605005510414,-0.005414410662224073,-0.004164931278633903,-7.863390254061422e-05
1605005510445,-0.014568158168574402,-0.002081165452653486,-0.0008815816857440027
1605005510478,-0.014692378328741965,0.0036730945821854912,-0.0005430670339761185
1605005510509,-0.012486992715920915,0.01040582726326743,-0.0003388137356919964
1605005510542,-0.011019283746556474,0.013774104683195593,0.000395592286501382
1605005510573,-0.006243496357960458,0.01664932362122789,0.0006706555671175792
1605005510606,0.0,0.01652892561983471,-0.000507162534435264
1605005510637,0.006243496357960458,0.015608740894901144,-0.001099583766909476
1605005510670,0.008264462809917356,0.008264462809917356,-0.0006963269054178065
1605005510701,0.011446409989594173,0.01040582726326743,0.0001993756503641977
1605005510733,0.0078125,0.001953125,-0.0005504882812499834
1605005510767,0.012110726643598616,0.005190311418685121,0.0006308823529411721
1605005510814,0.004526935264825713,0.0,0.0009316432775011284
1605005510846,0.0107421875,-0.00390625,0.003360156249999996
1605005510878,0.0126953125,-0.005859375,-0.0015808593749999933
1605005510910,0.017578125,-0.00390625,-0.0009341796875000086
1605005510941,0.004162330905306972,-0.001040582726326743,-0.0006524453694068482
1605005510974,-0.0036730945821854912,-0.0073461891643709825,0.0004101010101010004
1605005511005,-0.005202913631633715,-0.013527575442247659,0.0016188345473465158
1605005511037,-0.009765625,-0.0107421875,0.00024755859375000244
1605005511069,-0.009765625,-0.01171875,-0.0006376953124999918
1605005511116,-0.004979628791308284,-0.004526935264825713,-0.0007274332277048548
1605005511136,-0.025,-0.02,-0.0024127499999999458
1605005511171,-0.010612244897959184,-0.0016326530612244899,-0.0015572244897959202
1605005511213,-0.009070294784580499,0.0011337868480725624,-0.0012383219954648587
1605005511246,-0.010101010101010102,0.004591368227731864,-0.0015032139577594128
1605005511277,-0.009365244536940686,0.013527575442247659,0.0
1605005511309,-0.009765625,0.0166015625,0.0
1605005511341,-0.0068359375,0.0146484375,0.0
1605005511373,0.001953125,0.01171875,0.0
1605005511406,0.0073461891643709825,0.011937557392102846,0.0
1605005511438,0.0087890625,0.0048828125,0.0
1605005511469,0.01040582726326743,-0.003121748178980229,0.0
1605005511502,0.0027548209366391185,0.015610651974288337,0.0
1605005511534,0.0224609375,-0.0048828125,0.0
1605005511566,0.0126953125,-0.009765625,0.0
1605005511619,0.003915984336062656,-0.00177999288002848,0.0
1605005511646,0.009602194787379973,-0.006858710562414266,0.0
1605005511679,0.011937557392102846,-0.012855831037649219,0.0
1605005511709,0.012222222222222223,-0.01,0.0
1605005511741,-0.005859375,0.0009765625,0.0
1605005511773,-0.0029296875,-0.0087890625,0.0
1605005511805,-0.0107421875,-0.013671875,0.0
1605005511838,-0.011937557392102846,-0.011937557392102846,0.0
1605005511870,-0.013671875,-0.009765625,0.0
1605005511901,-0.015608740894901144,-0.007284079084287201,0.0
1605005511934,-0.014692378328741965,-0.0036730945821854912,0.0
1605005511966,-0.0146484375,0.0029296875,0.0
1605005512014,-0.006510416666666667,0.002170138888888889,0.0
1605005512045,-0.012486992715920915,0.011446409989594173,0.0
1605005512078,-0.011937557392102846,0.011937557392102846,0.0
1605005512109,-0.003121748178980229,0.014568158168574402,0.0
1605005512142,0.0018365472910927456,0.014692378328741965,0.0
1605005512173,0.008324661810613945,0.018730489073881373,0.0
1605005512205,0.01171875,0.009765625,0.0
1605005512238,0.011937557392102846,0.0,0.0
1605005512269,0.015608740894901144,0.006243496357960458,0.0
1605005512302,0.014692378328741965,-0.004591368227731864,0.0
1605005512333,0.015608740894901144,-0.002081165452653486,0.0
1605005512367,0.010380622837370242,-0.009515570934256055,0.0
1605005512415,0.005208333333333333,-0.00043402777777777775,0.0
1605005512447,0.0068359375,-0.009765625,0.0
1605005512478,0.004162330905306972,-0.006243496357960458,0.0
1605005512510,-0.00390625,-0.0166015625,0.0
1605005512541,0.0,-0.015608740894901144,0.0
1605005512574,-0.006427915518824609,-0.014692378328741965,0.0
1605005512605,-0.01040582726326743,-0.01768990634755463,0.0
1605005512638,-0.011937557392102846,-0.011937557392102846,0.0
1605005512669,-0.015608740894901144,-0.006243496357960458,0.0
1605005512701,-0.015625,0.0009765625,0.0
1605005512734,-0.014692378328741965,0.005509641873278237,0.0
1605005512767,-0.013774104683195593,0.010101010101010102,0.0
1605005512814,-0.006790402897238569,0.007243096423721141,0.0
1605005512847,-0.009182736455463728,0.013774104683195593,0.0
1605005512878,-0.004162330905306972,0.018730489073881373,0.0
1605005512909,0.003121748178980229,0.01664932362122789,-0.005837773152965649
1605005512942,0.0073461891643709825,0.013774104683195593,-0.0007798898071625339
1605005512973,0.012486992715920915,0.01040582726326743,0.0010216441207075886
1605005513005,0.013671875,0.0,-0.0003786132812499954
1605005513038,0.013774104683195593,0.0018365472910927456,0.0006810835629017527
1605005513069,0.015608740894901144,-0.003121748178980229,0.0009052029136316054
1605005513102,0.013774104683195593,-0.008264462809917356,0.0028093663911845828
1605005513133,0.014568158168574402,-0.004162330905306972,0.0010700312174817914
1605005513166,0.013774104683195593,-0.0018365472910927456,0.0005313131313131262
1605005513213,0.0036215482118605704,-0.004074241738343142,7.433227704843545e-05
1605005513245,0.00390625,-0.0078125,0.0015621093750000092
1605005513278,-0.0009182736455463728,-0.012855831037649219,0.002530762167125804
1605005513310,-0.001953125,-0.01171875,0.002209570312499992
1605005513342,-0.00390625,-0.013671875,0.0006954101562500203
1605005513374,-0.005859375,-0.0126953125,0.0015681640624999882
1605005513405,-0.008324661810613945,-0.011446409989594173,0.0004933402705515014
1605005513437,-0.0087890625,-0.0107421875,0.0004428710937500191
1605005513469,-0.009765625,-0.00390625,4.814453124998841e-05
1605005513502,-0.010101010101010102,0.0009182736455463728,-0.0001503213957759465
1605005513534,-0.0107421875,0.005859375,-0.0002258789062500044
1605005513581,-0.004074241738343142,0.004074241738343142,0.0001487550928021833
1605005513613,-0.0068359375,0.01171875,0.0013141601562499938
1605005513645,-0.00390625,0.0146484375,0.0017129882812499941
1605005513677,-0.001953125,0.0185546875,0.0017622070312499905
1605005513710,0.0018365472910927456,0.01652892561983471,0.001461707988980722
1605005513741,0.006243496357960458,0.019771071800208116,0.0015928199791883412
1605005513774,0.0073461891643709825,0.014692378328741965,0.0020727272727272834
1605005513805,0.01040582726326743,0.002081165452653486,0.0006289281997918817
1605005513837,0.0107421875,0.0009765625,-0.0001463867187500023
1605005513869,0.013671875,0.0009765625,0.0002546874999999893
1605005513902,0.013774104683195593,-0.0009182736455463728,-0.0002425160697887832
1605005513933,0.01040582726326743,-0.01040582726326743,-4.0686784599365854e-05
1605005513982,0.0058309037900874635,-0.0024989587671803417,-1.3036234902130725e-05
1605005514013,0.011446409989594173,-0.009365244536940686,0.00027970863683662725
1605005514046,0.011937557392102846,-0.012855831037649219,-0.0013500459136822824
1605005514077,0.013527575442247659,-0.011446409989594173,-0.003629552549427679
1605005514109,0.009765625,-0.0166015625,-0.004365624999999984
1605005514141,0.005859375,-0.013671875,-0.0020931640625000136
1605005514173,0.0029296875,-0.0185546875,-0.0029565429687500033
1605005514206,0.0009182736455463728,-0.018365472910927456,-0.0036786960514233013
1605005514238,0.001953125,-0.025390625,-0.004053222656250022
1605005514270,0.001953125,-0.029296875,0.0
1605005514302,0.00390625,-0.0146484375,0.0
1605005514349,0.0018107741059302852,-0.008601177003168854,0.0
