1605005436750,-0.058823529411764705,1.0,0.0
1605005436797,-0.2978723404255319,-0.851063829787234,0.0
1605005436829,0.5625,0.9375,0.0
1605005436860,-0.7741935483870968,-1.096774193548387,0.0
1605005436892,0.6875,1.0625,0.0
1605005436925,-0.7272727272727273,-1.2727272727272727,10.348393939393942
1605005436957,0.9375,1.1875,-20.959625000000003
1605005436988,-0.9032258064516129,-1.2258064516129032,21.606083870967748
1605005437021,0.9696969696969697,1.0303030303030303,-20.456254545454552
1605005437053,-0.625,-1.25,20.939950000000007
1605005437086,0.7878787878787878,1.2727272727272727,-20.403157575757582
1605005437116,-0.8666666666666667,-1.2666666666666666,22.441760000000006
1605005437150,0.47058823529411764,0.7647058823529411,-19.767411764705887
1605005437197,-0.2978723404255319,-0.723404255319149,14.335600000000007
1605005437230,0.36363636363636365,1.4545454545454546,-20.406769696969707
1605005437261,-0.3225806451612903,-0.7096774193548387,21.762974193548395
1605005437292,0.3870967741935484,0.6451612903225806,-21.759690322580656
1605005437324,-0.5,-1.0625,21.065737500000008
1605005437356,0.4375,0.9375,-21.070337500000008
1605005437389,-0.48484848484848486,-0.9696969696969697,20.3863696969697
1605005437421,0.4375,0.9375,-21.024975000000005
1605005437453,-0.5,-0.8125,21.037475000000008
1605005437486,0.42424242424242425,0.7878787878787878,-20.401642424242425
1605005437518,-0.4375,-0.8125,21.089912500000004
1605005437553,0.34285714285714286,0.7428571428571429,-19.31182857142857
1605005437596,-0.32558139534883723,-0.6046511627906976,15.724418604651165
1605005437629,0.36363636363636365,0.7878787878787878,-20.502315151515152
1605005437661,-0.4375,-0.75,21.120531250000003
1605005437693,0.3125,0.875,-21.117218750000006
1605005437725,-0.25,-0.75,21.125575000000005
1605005437756,0.1935483870967742,0.9032258064516129,-21.76794193548388
1605005437789,-0.06060606060606061,-0.6666666666666666,20.46204848484849
1605005437821,0.3125,0.8125,-21.086175000000004
1605005437853,-0.1875,-0.8125,21.111731250000005
1605005437884,0.45161290322580644,1.032258064516129,-21.871812903225813
1605005437917,-0.30303030303030304,-0.9696969696969697,20.53301818181819
1605005437965,0.375,0.6666666666666666,-14.120187500000005
1605005437996,-0.45161290322580644,-1.096774193548387,21.89476774193549
1605005438029,0.48484848484848486,1.0303030303030303,-20.531393939393944
1605005438060,-0.45161290322580644,-1.4838709677419355,21.7827806451613
1605005438092,0.5,1.0625,-21.06719375000001
1605005438126,-0.47058823529411764,-1.411764705882353,19.793652941176475
1605005438156,0.5333333333333333,1.6666666666666667,-22.39709333333334
1605005438189,-0.6666666666666666,-1.4545454545454546,20.334321212121218
1605005438220,0.5161290322580645,1.1612903225806452,-21.665896774193556
1605005438253,-0.6666666666666666,-0.9696969696969697,20.4303090909091
1605005438302,0.2857142857142857,0.5714285714285714,-13.793800000000003
1605005438327,-0.8,-1.12,26.97268
1605005438365,0.42105263157894735,0.7368421052631579,-17.7352
1605005438397,-0.5625,-0.6875,21.07609375
1605005438428,0.5806451612903226,0.7096774193548387,-21.789232258064516
1605005438460,-0.625,-0.4375,21.092037499999996
1605005438493,0.6060606060606061,0.7878787878787878,-20.384660606060606
1605005438524,-0.6451612903225806,-0.5806451612903226,21.709483870967738
1605005438557,0.7272727272727273,0.7272727272727273,-20.330551515151512
1605005438589,-0.5,-0.5625,21.010062499999997
1605005438620,0.8387096774193549,0.6451612903225806,-21.75287096774193
1605005438653,-0.6060606060606061,-0.6060606060606061,20.37792121212121
1605005438684,0.8387096774193549,0.5806451612903226,-21.656845161290317
1605005438717,-0.6060606060606061,-0.7272727272727273,20.378199999999996
1605005438766,0.4489795918367347,0.32653061224489793,-13.787334693877549
1605005438798,-0.5625,-0.9375,21.028999999999996
1605005438830,0.625,0.75,-21.033243749999993
1605005438861,-0.6451612903225806,-1.2258064516129032,21.777683870967735
1605005438893,0.6875,1.8125,-21.141931249999995
1605005438925,-1.0625,-2.625,21.081574999999997
1605005438956,1.096774193548387,3.225806451612903,-21.85468387096774
1605005438989,-1.5151515151515151,-3.5757575757575757,20.721739393939394
1605005439020,1.2903225806451613,3.6774193548387095,-22.05585161290323
1605005439053,-1.393939393939394,-3.393939393939394,20.673545454545458
1605005439086,1.1515151515151516,3.5757575757575757,20.673545454545458
1605005439118,-1.25,-3.5,20.673545454545458
1605005439165,0.723404255319149,2.6382978723404253,-21.71083829787234
1605005439197,-1.125,-3.5,21.68303125
1605005439230,1.0909090909090908,3.696969696969697,-21.053878787878787
1605005439261,-0.967741935483871,-3.6129032258064515,-21.053878787878787
1605005439292,1.032258064516129,3.935483870967742,-21.053878787878787
1605005439324,-0.6875,-3.9375,-21.053878787878787
1605005439357,1.1515151515151516,4.0606060606060606,-21.053878787878787
1605005439388,-0.8387096774193549,-4.193548387096774,-21.053878787878787
1605005439421,0.9090909090909091,3.515151515151515,-21.053878787878787
1605005439454,-0.6666666666666666,-4.484848484848484,-21.053878787878787
1605005439490,0.6666666666666666,4.5,-21.053878787878787
1605005439517,-0.8148148148148148,-6.222222222222222,-21.053878787878787
1605005439579,0.3870967741935484,2.5806451612903225,-21.053878787878787
1605005439596,-1.5294117647058822,-9.764705882352942,-21.053878787878787
1605005439628,0.625,4.9375,-21.053878787878787
1605005439661,-1.0303030303030303,-5.2727272727272725,-21.053878787878787
1605005439692,1.2258064516129032,5.612903225806452,-21.053878787878787
1605005439725,-1.8181818181818181,-4.121212121212121,-21.053878787878787
1605005439756,2.193548387096774,4.193548387096774,-21.053878787878787
1605005439789,-2.787878787878788,-4.96969696969697,-21.053878787878787
1605005439820,2.774193548387097,5.419354838709677,-21.053878787878787
1605005439853,-2.727272727272727,-4.96969696969697,-21.053878787878787
1605005439886,2.727272727272727,5.2727272727272725,-21.053878787878787
1605005439917,-2.967741935483871,-5.225806451612903,-21.053878787878787
1605005439965,1.9583333333333333,3.5833333333333335,-21.053878787878787
1605005439997,-2.8125,-5.0625,-21.053878787878787
1605005440029,2.9375,5.5,-21.053878787878787
1605005440060,-2.7096774193548385,-5.354838709677419,-21.053878787878787
1605005440093,2.787878787878788,5.090909090909091,-21.053878787878787
1605005440124,-2.5806451612903225,-5.419354838709677,-21.053878787878787
1605005440157,2.787878787878788,4.909090909090909,-21.053878787878787
1605005440189,-2.5625,-5.5,-21.053878787878787
1605005440221,2.6875,4.25,-21.053878787878787
1605005440269,-1.6666666666666667,-2.5416666666666665,-21.053878787878787
1605005440288,4.421052631578948,6.7368421052631575,-21.053878787878787
1605005440319,-2.838709677419355,-4.645161290322581,-21.053878787878787
1605005440365,1.9130434782608696,2.9565217391304346,-21.053878787878787
1605005440397,-3.125,-4.625,10.279943750000003
1605005440429,2.8125,4.75,10.279943750000003
1605005440461,-3.125,-4.4375,10.279943750000003
1605005440493,3.0,4.5625,10.279943750000003
1605005440525,-3.4375,-4.125,10.279943750000003
1605005440556,3.2903225806451615,3.6129032258064515,10.279943750000003
1605005440589,-3.4545454545454546,-3.8181818181818183,10.279943750000003
1605005440621,3.5,4.375,10.279943750000003
1605005440672,-2.3137254901960786,-2.3529411764705883,10.279943750000003
1605005440694,5.181818181818182,5.818181818181818,10.279943750000003
1605005440719,-4.32,-4.8,10.279943750000003
1605005440765,2.4347826086956523,2.869565217391304,10.279943750000003
1605005440797,-3.25,-3.625,10.279943750000003
1605005440829,3.5625,3.875,10.279943750000003
1605005440860,-3.096774193548387,-3.870967741935484,10.279943750000003
1605005440892,3.5,3.6875,10.279943750000003
1605005440924,-3.0625,-4.125,10.279943750000003
1605005440957,3.515151515151515,2.6666666666666665,10.279943750000003
1605005440989,-3.6875,-2.875,10.279943750000003
1605005441020,4.580645161290323,2.064516129032258,10.279943750000003
1605005441053,-5.333333333333333,-0.30303030303030304,10.279943750000003
1605005441085,5.5,-0.8125,10.279943750000003
1605005441117,-5.8125,0.1875,10.279943750000003
1605005441166,3.7142857142857144,-0.16326530612244897,10.279943750000003
1605005441197,-6.709677419354839,0.6451612903225806,10.279943750000003
1605005441229,6.75,0.0,10.279943750000003
1605005441260,-7.870967741935484,0.12903225806451613,10.279943750000003
1605005441293,7.151515151515151,-0.6666666666666666,10.279943750000003
1605005441324,-7.806451612903226,0.7741935483870968,10.279943750000003
1605005441357,7.2727272727272725,-0.48484848484848486,10.279943750000003
1605005441388,-7.870967741935484,0.9032258064516129,10.279943750000003
1605005441422,7.235294117647059,-0.5882352941176471,10.279943750000003
1605005441453,-7.806451612903226,1.096774193548387,43.61926451612902
1605005441485,7.8125,-0.4375,43.61926451612902
1605005441532,-5.0638297872340425,0.46808510638297873,43.61926451612902
1605005441565,7.636363636363637,-0.48484848484848486,43.61926451612902
1605005441596,-7.612903225806452,0.5161290322580645,43.61926451612902
1605005441629,7.636363636363637,-0.6060606060606061,43.61926451612902
1605005441661,-7.625,-0.875,43.61926451612902
1605005441692,7.806451612903226,0.9032258064516129,43.61926451612902
1605005441725,-7.03030303030303,-0.8484848484848485,43.61926451612902
1605005441756,7.290322580645161,1.032258064516129,43.61926451612902
1605005441789,-7.212121212121212,-1.2121212121212122,43.61926451612902
1605005441820,7.741935483870968,0.7741935483870968,-55.524851612903205
1605005441854,-6.9411764705882355,-1.4705882352941178,42.947588235294106
1605005441886,6.75,1.375,42.947588235294106
1605005441933,-5.148936170212766,-0.5531914893617021,42.947588235294106
1605005441965,8.5,1.4375,42.947588235294106
1605005441996,-9.806451612903226,-0.967741935483871,42.947588235294106
1605005442034,7.684210526315789,0.05263157894736842,42.947588235294106
1605005442061,-11.11111111111111,0.2222222222222222,42.947588235294106
1605005442093,9.1875,0.0625,-53.95676874999999
1605005442124,-9.548387096774194,0.3225806451612903,47.61502580645159
1605005442157,8.969696969696969,0.24242424242424243,47.61502580645159
1605005442188,-9.35483870967742,0.06451612903225806,47.61502580645159
1605005442221,8.969696969696969,0.30303030303030304,47.61502580645159
1605005442254,-8.606060606060606,-0.12121212121212122,47.61502580645159
1605005442286,9.125,0.0625,47.61502580645159
1605005442332,-5.782608695652174,0.08695652173913043,47.61502580645159
1605005442365,8.303030303030303,-0.48484848484848486,47.61502580645159
1605005442397,-8.125,0.1875,47.61502580645159
1605005442429,8.0625,-1.3125,47.61502580645159
1605005442460,-8.0,1.096774193548387,47.61502580645159
1605005442493,7.393939393939394,-0.6666666666666666,47.61502580645159
1605005442524,-7.67741935483871,0.3225806451612903,47.61502580645159
1605005442556,7.125,-0.625,47.61502580645159
1605005442590,-7.176470588235294,0.23529411764705882,47.61502580645159
1605005442620,8.4,-0.8666666666666667,47.61502580645159
1605005442654,-8.411764705882353,1.5294117647058822,47.61502580645159
1605005442701,6.468085106382978,-0.46808510638297873,47.61502580645159
1605005442735,-9.882352941176471,-0.35294117647058826,47.61502580645159
1605005442765,11.0,0.4666666666666667,47.61502580645159
1605005442796,-10.838709677419354,-0.45161290322580644,47.61502580645159
1605005442829,10.121212121212121,0.7878787878787878,47.61502580645159
1605005442861,-10.4375,-0.375,47.61502580645159
1605005442893,10.4375,0.875,47.61502580645159
1605005442925,-10.375,-0.5625,47.61502580645159
1605005442957,10.5,0.9375,47.61502580645159
1605005442989,-10.25,-0.625,47.61502580645159
1605005443020,10.96774193548387,0.3870967741935484,47.61502580645159
1605005443053,-9.696969696969697,-0.24242424242424243,47.61502580645159
1605005443100,7.0212765957446805,0.2127659574468085,47.61502580645159
1605005443133,-9.878787878787879,-0.9090909090909091,47.61502580645159
1605005443165,10.375,-0.125,-55.54709999999998
1605005443196,-10.774193548387096,-0.06451612903225806,-55.54709999999998
1605005443229,10.242424242424242,0.36363636363636365,-55.54709999999998
1605005443261,-10.5625,-0.5,-55.54709999999998
1605005443293,10.5625,0.3125,-55.54709999999998
1605005443325,-10.8125,-0.8125,-55.54709999999998
1605005443356,11.096774193548388,1.1612903225806452,-55.54709999999998
1605005443389,-11.030303030303031,-0.8484848484848485,-55.54709999999998
1605005443421,11.125,0.5625,-55.54709999999998
1605005443453,-11.25,-0.75,-55.54709999999998
1605005443502,7.061224489795919,0.4897959183673469,-55.54709999999998
1605005443533,-11.290322580645162,-0.6451612903225806,-55.54709999999998
1605005443565,10.75,0.9375,-55.54709999999998
1605005443598,-10.484848484848484,-0.6666666666666666,35.85714545454543
1605005443641,8.046511627906977,0.8372093023255814,-35.00451162790696
1605005443671,-11.6,-1.0,-35.00451162790696
1605005443692,16.666666666666668,2.0,-35.00451162790696
1605005443724,-10.8125,-1.125,-35.00451162790696
1605005443756,10.875,1.5,-35.00451162790696
1605005443789,-10.242424242424242,-1.5757575757575757,36.84829090909089
1605005443822,10.787878787878787,1.696969696969697,-46.991690909090885
1605005443853,-11.161290322580646,-1.8064516129032258,50.04933548387094
1605005443901,7.375,0.9583333333333334,-32.33133333333331
1605005443933,-10.875,-2.625,48.43714374999997
1605005443965,11.0,2.75,-48.43935624999997
1605005443997,-10.9375,-2.625,48.497593749999965
1605005444029,11.125,2.875,-48.48351249999996
1605005444061,-11.1875,-3.5,48.45381874999996
1605005444094,10.969696969696969,3.515151515151515,-47.00420606060602
1605005444124,-12.266666666666667,-4.0,51.548086666666634
1605005444157,10.848484848484848,3.0303030303030303,-46.87000606060602
1605005444189,-11.25,-2.25,48.290674999999965
1605005444221,10.75,1.0,-48.169918749999965
1605005444254,-10.666666666666666,-0.8484848484848485,46.79566666666663
1605005444301,7.361702127659575,0.7659574468085106,-32.8896978723404
1605005444332,-11.35483870967742,-0.967741935483871,49.874677419354796
1605005444365,10.545454545454545,1.0303030303030303,-46.85727878787874
1605005444396,-11.35483870967742,-0.5806451612903226,49.853232258064466
1605005444429,10.545454545454545,0.9090909090909091,-46.84223636363631
1605005444460,-11.225806451612904,-0.6451612903225806,50.01294838709672
1605005444493,10.606060606060606,0.9090909090909091,-47.010599999999954
1605005444525,-10.75,-0.875,48.48882499999995
1605005444556,11.419354838709678,1.032258064516129,-50.06136129032253
1605005444590,-10.117647058823529,-0.9411764705882353,45.60507058823525
1605005444621,11.483870967741936,1.1612903225806452,-49.981019354838665
1605005444653,-10.875,-1.25,48.48618124999995
1605005444701,7.416666666666667,0.625,-32.39903749999997
1605005444732,-11.290322580645162,-1.2258064516129032,50.151277419354784
1605005444765,10.545454545454545,0.7878787878787878,-47.13435757575753
1605005444796,-11.225806451612904,-1.935483870967742,50.14938709677414
1605005444829,10.545454545454545,3.212121212121212,-47.08179393939388
1605005444861,-11.1875,-4.3125,48.49904999999995
1605005444894,10.666666666666666,3.9393939393939394,-47.04015151515147
1605005444925,-11.548387096774194,-4.387096774193548,50.0350967741935
1605005444957,10.875,4.0625,-48.425493749999944
1605005444989,-11.1875,-4.0625,48.44688124999995
1605005445020,11.35483870967742,4.32258064516129,-50.03391612903221
1605005445057,-9.621621621621621,-3.5135135135135136,41.911421621621585
1605005445100,8.279069767441861,3.1627906976744184,-36.04677209302322
1605005445133,-11.030303030303031,-3.696969696969697,46.99446060606057
1605005445164,11.67741935483871,4.451612903225806,-50.05034838709674
1605005445197,-11.030303030303031,-3.878787878787879,47.08711515151513
1605005445228,11.870967741935484,4.32258064516129,-50.125832258064484
1605005445261,-10.969696969696969,-3.696969696969697,47.144430303030276
1605005445295,10.941176470588236,3.823529411764706,-45.78948823529409
1605005445325,-12.133333333333333,-4.266666666666667,51.91232666666664
1605005445357,11.8125,4.0,-48.70891249999997
1605005445389,-11.5625,-4.1875,48.734024999999974
1605005445420,12.193548387096774,3.096774193548387,-50.38901935483868
1605005445453,-11.333333333333334,-2.8484848484848486,47.27447878787876
1605005445501,7.791666666666667,1.9583333333333333,-32.479241666666645
1605005445532,-12.064516129032258,-3.806451612903226,50.31714838709674
1605005445565,11.272727272727273,3.757575757575758,-47.30253333333331
1605005445597,-11.75,-4.0,48.61784999999997
1605005445629,11.4375,3.5625,-48.52231874999997
1605005445661,-11.5,-3.0,48.50955624999997
1605005445692,11.35483870967742,3.4838709677419355,-49.937838709677386
1605005445724,-11.25,-4.3125,48.25361249999997
1605005445756,10.9375,4.1875,-48.159412499999966
1605005445789,-10.787878787878787,-3.8181818181818183,46.67439393939391
1605005445821,11.0625,4.125,-48.10712499999997
1605005445854,-10.848484848484848,-3.696969696969697,46.68551515151512
1605005445902,7.416666666666667,2.9166666666666665,-32.12321666666664
1605005445933,-11.419354838709678,-4.258064516129032,49.73194193548384
1605005445966,10.727272727272727,4.303030303030303,-46.62634545454543
1605005445997,-11.161290322580646,-4.258064516129032,49.53927741935481
1605005446030,10.787878787878787,3.9393939393939394,-46.46351515151512
1605005446060,-11.333333333333334,-4.066666666666666,-46.46351515151512
1605005446092,11.0625,4.0,-16.888843749999968
1605005446124,-10.8125,-4.125,6.693818749999968
1605005446157,10.666666666666666,3.757575757575758,-6.435193939393908
1605005446188,-11.161290322580646,-4.516129032258065,6.716683870967708
1605005446221,10.606060606060606,3.8181818181818183,-6.335278787878756
1605005446253,-11.125,-4.625,6.622156249999966
1605005446300,7.404255319148936,3.0638297872340425,-4.476331914893593
1605005446336,-9.38888888888889,-3.2222222222222223,5.734005555555525
1605005446365,11.241379310344827,3.3793103448275863,5.734005555555525
1605005446396,-10.838709677419354,-2.7096774193548385,5.734005555555525
1605005446429,9.636363636363637,1.393939393939394,5.734005555555525
1605005446460,-10.32258064516129,-1.2903225806451613,5.734005555555525
1605005446493,9.515151515151516,1.1515151515151516,5.734005555555525
1605005446524,-10.451612903225806,-1.1612903225806452,5.734005555555525
1605005446557,9.696969696969697,1.3333333333333333,5.734005555555525
1605005446588,-10.32258064516129,-1.1612903225806452,5.734005555555525
1605005446621,9.636363636363637,1.4545454545454546,5.734005555555525
1605005446654,-9.636363636363637,-1.0909090909090908,5.734005555555525
1605005446701,6.808510638297872,0.9787234042553191,5.734005555555525
1605005446732,-10.258064516129032,-1.1612903225806452,5.734005555555525
1605005446764,10.1875,1.3125,5.734005555555525
1605005446796,-9.9375,-1.3125,5.734005555555525
1605005446828,10.4375,1.4375,5.734005555555525
1605005446861,-9.757575757575758,-1.5757575757575757,5.734005555555525
1605005446892,10.64516129032258,1.4193548387096775,5.734005555555525
1605005446924,-10.125,-2.1875,5.734005555555525
1605005446957,9.757575757575758,2.4242424242424243,5.734005555555525
1605005446989,-9.6875,-2.4375,5.734005555555525
1605005447021,9.125,1.3125,5.734005555555525
1605005447053,-8.875,-0.75,5.734005555555525
1605005447101,5.791666666666667,0.20833333333333334,5.734005555555525
1605005447132,-9.290322580645162,-0.3870967741935484,5.734005555555525
1605005447164,8.8125,-0.125,5.734005555555525
1605005447197,-8.666666666666666,1.393939393939394,5.734005555555525
1605005447228,8.709677419354838,-2.838709677419355,5.734005555555525
1605005447261,-8.242424242424242,3.0303030303030303,5.734005555555525
1605005447292,8.258064516129032,-3.2903225806451615,5.734005555555525
1605005447325,-7.818181818181818,3.393939393939394,5.734005555555525
1605005447357,7.9375,-3.125,5.734005555555525
1605005447389,-7.9375,3.625,5.734005555555525
1605005447421,7.875,-3.25,-18.423093749999964
1605005447453,-7.8125,3.5,-18.423093749999964
1605005447501,5.333333333333333,-2.0833333333333335,-18.423093749999964
1605005447533,-7.5,3.125,-18.423093749999964
1605005447564,8.064516129032258,-2.967741935483871,-18.423093749999964
1605005447596,-7.25,2.5625,-18.423093749999964
1605005447629,7.2727272727272725,-4.363636363636363,-18.423093749999964
1605005447661,-7.1875,6.0625,-18.423093749999964
1605005447692,7.548387096774194,-6.516129032258065,-18.423093749999964
1605005447725,-7.212121212121212,5.818181818181818,-18.423093749999964
1605005447758,7.151515151515151,-5.818181818181818,14.525460606060646
1605005447789,-7.741935483870968,5.483870967741935,-23.8247161290323
1605005447821,7.25,-6.0625,23.269893750000044
1605005447854,-6.848484848484849,5.575757575757576,-22.649557575757616
1605005447901,4.425531914893617,-3.574468085106383,-22.649557575757616
1605005447933,-6.6875,6.75,-22.649557575757616
1605005447965,6.3125,-8.1875,-22.649557575757616
1605005447997,-6.75,8.0625,-22.649557575757616
1605005448029,6.5,-7.875,-22.649557575757616
1605005448074,-4.666666666666667,5.688888888888889,-22.649557575757616
1605005448093,10.842105263157896,-12.947368421052632,-22.649557575757616
1605005448130,-5.621621621621622,6.918918918918919,-22.649557575757616
1605005448156,7.923076923076923,-9.307692307692308,-22.649557575757616
1605005448189,-6.181818181818182,7.757575757575758,-22.649557575757616
1605005448221,6.625,-7.5625,-22.649557575757616
1605005448269,-4.166666666666667,5.166666666666667,-22.649557575757616
1605005448301,6.6875,-7.5,-22.649557575757616
1605005448333,-6.1875,7.0,-22.649557575757616
1605005448365,6.5625,-8.875,-22.649557575757616
1605005448397,-6.1875,10.4375,-22.649557575757616
1605005448429,6.625,-10.4375,-22.649557575757616
1605005448461,-6.75,9.75,-22.649557575757616
1605005448493,6.4375,-9.75,-22.649557575757616
1605005448525,-6.4375,9.25,-22.649557575757616
1605005448556,7.096774193548387,-10.838709677419354,-22.649557575757616
1605005448589,-7.212121212121212,10.0,-22.649557575757616
1605005448622,6.363636363636363,-9.333333333333334,-22.649557575757616
1605005448669,-4.553191489361702,6.25531914893617,-22.649557575757616
1605005448700,6.451612903225806,-7.419354838709677,-22.649557575757616
1605005448733,-6.0,5.636363636363637,-22.649557575757616
1605005448765,5.5,-6.4375,-22.649557575757616
1605005448797,-5.625,7.375,-22.649557575757616
1605005448829,5.375,-6.9375,-22.649557575757616
1605005448860,-5.612903225806452,7.419354838709677,-22.649557575757616
1605005448893,5.333333333333333,-6.848484848484849,-22.649557575757616
1605005448925,-5.3125,7.4375,-22.649557575757616
1605005448957,5.5625,-6.75,-22.649557575757616
1605005448989,-5.1875,6.9375,-22.649557575757616
1605005449021,5.6875,-6.8125,-22.649557575757616
1605005449070,-3.4285714285714284,4.530612244897959,-22.649557575757616
1605005449101,5.870967741935484,-7.419354838709677,-22.649557575757616
1605005449132,-5.483870967741935,6.064516129032258,-22.649557575757616
1605005449164,5.4375,-5.125,-22.649557575757616
1605005449196,-5.4375,4.0,-22.649557575757616
1605005449228,5.875,-4.0,-22.649557575757616
1605005449261,-6.0606060606060606,3.757575757575758,-22.649557575757616
1605005449293,6.0,-4.0,-22.649557575757616
1605005449324,-6.258064516129032,3.2903225806451615,9.224038709677371
1605005449356,5.6875,-3.3125,9.224038709677371
1605005449389,-5.696969696969697,3.090909090909091,9.224038709677371
1605005449421,5.6875,-2.6875,9.224038709677371
1605005449469,-4.0,2.5833333333333335,9.224038709677371
1605005449501,5.25,-5.0625,9.224038709677371
1605005449533,-5.4375,5.5,9.224038709677371
1605005449565,5.375,-5.375,9.224038709677371
1605005449596,-5.548387096774194,5.935483870967742,9.224038709677371
1605005449629,5.212121212121212,-5.2727272727272725,9.224038709677371
1605005449661,-5.3125,5.75,9.224038709677371
1605005449693,5.5,-5.3125,9.224038709677371
1605005449725,-5.375,5.8125,9.224038709677371
1605005449757,5.8125,-6.0625,9.224038709677371
1605005449789,-5.375,6.4375,9.224038709677371
1605005449822,5.696969696969697,-7.393939393939394,9.224038709677371
1605005449874,-3.576923076923077,4.384615384615385,9.224038709677371
1605005449902,7.071428571428571,-7.357142857142857,9.224038709677371
1605005449933,-6.129032258064516,6.451612903225806,9.224038709677371
1605005449965,5.8125,-6.75,9.224038709677371
1605005449997,-5.9375,6.5625,9.224038709677371
1605005450029,5.75,-6.875,9.224038709677371
1605005450061,-5.8125,7.6875,9.224038709677371
1605005450093,5.25,-8.75,9.224038709677371
1605005450124,-5.870967741935484,8.709677419354838,9.224038709677371
1605005450157,5.636363636363637,-8.06060606060606,9.224038709677371
1605005450204,-4.382978723404255,5.659574468085107,9.224038709677371
1605005450228,8.416666666666666,-10.666666666666666,9.224038709677371
1605005450268,-5.1,6.6,9.224038709677371
1605005450300,6.3125,-7.8125,9.224038709677371
1605005450332,-6.3125,8.25,41.34492499999995
1605005450365,6.303030303030303,-7.757575757575758,-49.66408484848479
1605005450396,-6.838709677419355,8.580645161290322,52.88578709677413
1605005450428,7.125,-8.0,-51.28228124999994
1605005450460,-6.8125,8.125,51.26272499999994
1605005450493,6.96969696969697,-7.757575757575758,-49.72869090909085
1605005450525,-6.875,6.6875,51.36487499999994
1605005450557,7.0,-6.0625,-51.460062499999935
1605005450590,-6.7272727272727275,5.090909090909091,49.85267878787873
1605005450622,7.1875,-5.25,-51.366731249999944
1605005450676,-4.2592592592592595,2.962962962962963,30.534344444444407
1605005450702,8.846153846153847,-6.230769230769231,-63.69706923076915
1605005450733,-7.741935483870968,4.967741935483871,53.44220645161284
1605005450764,7.806451612903226,-5.354838709677419,-53.53609677419348
1605005450813,-5.224489795918367,4.244897959183674,33.94974693877547
1605005450838,9.68,-10.24,-66.3249999999999
1605005450861,-10.869565217391305,11.478260869565217,71.91757391304338
1605005450893,7.5625,-8.25,-51.67363124999993
1605005450925,-7.8125,8.375,51.73888749999993
1605005450956,7.935483870967742,-8.129032258064516,-53.485348387096714
1605005450989,-7.636363636363637,8.06060606060606,50.24387272727267
1605005451022,7.818181818181818,-7.818181818181818,-50.24626666666661
1605005451083,-4.163934426229508,4.360655737704918,27.220049180327834
1605005451103,13.0,-12.9,-83.0808799999999
1605005451133,-8.266666666666667,8.666666666666666,55.408826666666606
1605005451165,8.0625,-8.0625,-52.00377499999993
1605005451196,-7.935483870967742,8.258064516129032,53.75865161290316
1605005451229,7.575757575757576,-8.242424242424242,-50.58085454545448
1605005451260,-7.806451612903226,7.935483870967742,53.86459354838703
1605005451293,7.333333333333333,-7.212121212121212,-50.63441212121206
1605005451325,-7.5,7.375,52.24893749999993
1605005451357,7.625,-7.3125,-52.21954999999993
1605005451389,-7.5,7.5,52.11478749999993
1605005451421,7.25,-8.5,-52.18541249999993
1605005451469,-4.791666666666667,6.0,34.72486249999995
1605005451501,6.9375,-8.8125,-52.02513749999993
1605005451532,-7.354838709677419,8.064516129032258,53.62126451612896
1605005451565,6.7272727272727275,-7.696969696969697,-50.36650303030296
1605005451597,-7.0625,7.8125,51.92389999999993
1605005451628,7.161290322580645,-8.129032258064516,-53.58539999999992
1605005451660,-6.875,7.8125,51.88595624999992
1605005451692,6.8125,-7.4375,-51.92555624999992
1605005451724,-6.6875,7.8125,-51.92555624999992
1605005451757,6.484848484848484,-7.636363636363637,-21.85572121212114
