1605005714709,-0.0166015625,0.0146484375,0.18365166015625
1605005714742,0.010101010101010102,-0.06703397612488522,0.18365166015625
1605005714789,-0.002716161158895428,0.005432322317790856,0.18365166015625
1605005714821,-0.0068359375,0.005859375,0.15054052734375
1605005714853,-0.0341796875,-0.005859375,0.15054052734375
1605005714885,-0.0126953125,0.013671875,0.15054052734375
1605005714917,0.03515625,-0.005859375,0.15054052734375
1605005714949,-0.017578125,0.0068359375,0.15054052734375
1605005714981,-0.013671875,-0.00390625,0.15054052734375
1605005715013,-0.013671875,-0.001953125,0.15054052734375
1605005715044,-0.01664932362122789,-0.002081165452653486,0.15054052734375
1605005715077,-0.014692378328741965,0.0036730945821854912,0.15054052734375
1605005715109,-0.0166015625,0.001953125,0.15054052734375
1605005715142,-0.014692378328741965,0.010101010101010102,0.15054052734375
1605005715190,-0.006944444444444444,0.006076388888888889,0.15054052734375
1605005715221,-0.012486992715920915,0.015608740894901144,0.15054052734375
1605005715253,-0.0048828125,0.01171875,0.15054052734375
1605005715285,0.0,0.015625,0.15054052734375
1605005715317,0.0087890625,0.0126953125,0.15054052734375
1605005715349,0.013671875,0.0107421875,0.15054052734375
1605005715381,0.0185546875,0.0146484375,0.15054052734375
1605005715413,0.0205078125,-0.001953125,0.15054052734375
1605005715445,0.0146484375,-0.0048828125,0.15054052734375
1605005715477,0.021484375,-0.005859375,0.11902460937499999
1605005715509,0.0126953125,-0.0078125,0.11902460937499999
1605005715542,0.021120293847566574,-0.0018365472910927456,0.12460064279155188
1605005715590,0.002170138888888889,-0.013454861111111112,0.12460064279155188
1605005715622,-0.0048828125,-0.0205078125,0.12460064279155188
1605005715653,-0.015608740894901144,-0.004162330905306972,0.12460064279155188
1605005715685,-0.017578125,-0.009765625,0.12460064279155188
1605005715716,-0.02081165452653486,-0.014568158168574402,0.12460064279155188
1605005715749,-0.021120293847566574,-0.012855831037649219,0.12460064279155188
1605005715780,-0.026014568158168574,-0.005202913631633715,0.12460064279155188
1605005715813,-0.023875114784205693,0.0,0.12215188246097337
1605005715845,-0.025390625,0.0078125,0.12215188246097337
1605005715877,-0.0244140625,0.015625,0.12099433593749999
1605005715910,-0.021120293847566574,0.018365472910927456,0.12099433593749999
1605005715941,-0.018730489073881373,0.022892819979188347,0.12099433593749999
1605005715988,-0.005885015844273427,0.012675418741511997,0.12099433593749999
1605005716021,-0.0018365472910927456,0.018365472910927456,0.12099433593749999
1605005716052,0.006243496357960458,0.014568158168574402,0.12099433593749999
1605005716085,0.012855831037649219,0.015610651974288337,0.12099433593749999
1605005716117,0.017578125,0.0166015625,0.12099433593749999
1605005716149,0.0205078125,0.0029296875,0.12099433593749999
1605005716181,0.013671875,-0.00390625,0.12099433593749999
1605005716213,0.0234375,-0.0048828125,0.12099433593749999
1605005716244,0.027055150884495317,-0.007284079084287201,0.12099433593749999
1605005716277,0.017447199265381085,-0.010101010101010102,0.12099433593749999
1605005716309,0.0146484375,-0.0234375,0.1354875
1605005716357,0.0008680555555555555,-0.006510416666666667,0.1354875
1605005716389,-0.0029296875,-0.025390625,0.1354875
1605005716421,-0.0107421875,-0.0068359375,0.1354875
1605005716453,-0.013671875,-0.005859375,0.1354875
1605005716485,-0.0166015625,-0.01171875,0.1354875
1605005716517,-0.017578125,-0.0068359375,0.1354875
1605005716548,-0.02081165452653486,-0.001040582726326743,0.1354875
1605005716581,-0.01652892561983471,0.004591368227731864,0.1354875
1605005716612,-0.01768990634755463,0.007284079084287201,0.1354875
1605005716645,-0.012855831037649219,0.011019283746556474,0.1354875
1605005716676,-0.014568158168574402,0.013527575442247659,0.1354875
1605005716710,-0.004325259515570935,0.014705882352941176,0.1354875
1605005716758,0.0008680555555555555,0.008680555555555556,0.1354875
1605005716788,0.01,0.021111111111111112,0.1354875
1605005716821,0.011019283746556474,0.011019283746556474,0.1354875
1605005716853,0.0146484375,0.0078125,0.1354875
1605005716885,0.017578125,0.0029296875,0.1354875
1605005716921,0.013117283950617283,-0.005401234567901234,0.11374050925925924
1605005716949,0.021683673469387755,-0.008928571428571428,0.11374050925925924
1605005716980,0.01768990634755463,-0.005202913631633715,0.11374050925925924
1605005717013,0.014692378328741965,-0.008264462809917356,0.11374050925925924
1605005717045,0.009765625,-0.0166015625,0.11374050925925924
1605005717077,0.0048828125,-0.013671875,0.11374050925925924
1605005717110,-0.0018365472910927456,-0.02203856749311295,0.11374050925925924
1605005717157,-0.0018107741059302852,-0.004979628791308284,0.11374050925925924
1605005717189,-0.0048828125,-0.0107421875,0.16478105468749998
1605005717220,-0.012486992715920915,-0.007284079084287201,0.00231467221644121
1605005717253,-0.013774104683195593,-0.004591368227731864,0.0022405876951331477
1605005717285,-0.01171875,0.0048828125,0.0004833007812500012
1605005717316,-0.01664932362122789,0.005202913631633715,0.00173444328824141
1605005717349,-0.011019283746556474,0.011019283746556474,0.002008907254361806
1605005717380,-0.008324661810613945,0.01664932362122789,0.002305931321540071
1605005717414,-0.0025951557093425604,0.012975778546712802,0.0016954152249134989
1605005717445,0.001040582726326743,0.01768990634755463,0.0013695109261186028
1605005717477,0.0068359375,0.017578125,0.0007297851562500235
1605005717511,0.009515570934256055,0.012975778546712802,0.0006111591695501531
1605005717557,0.005198487712665407,0.0004725897920604915,-0.00019768431001889787
1605005717589,0.0146484375,0.0029296875,-0.0005060546875000071
1605005717621,0.013671875,-0.0107421875,-0.00042490234375000546
1605005717652,0.014568158168574402,-0.008324661810613945,0.00095598335067638
1605005717685,0.017447199265381085,-0.0009182736455463728,0.0006169880624426283
1605005717717,0.0107421875,-0.0087890625,0.00047324218750000036
1605005717749,0.0078125,0.0009765625,-0.000335937500000022
1605005717782,0.0018365472910927456,-0.01928374655647383,-0.00024297520661157164
1605005717813,-0.005202913631633715,-0.021852237252861603,0.001242663891779421
1605005717846,-0.008264462809917356,-0.014692378328741965,0.0009624426078971319
1605005717876,-0.011111111111111112,-0.016666666666666666,0.0010798888888888945
1605005717910,-0.009515570934256055,-0.006055363321799308,0.0005258650519031149
1605005717970,-0.0038888888888888888,0.0,0.0001845555555555557
1605005717995,-0.0224,0.0112,0.0013921600000000125
1605005718020,-0.0208,0.0208,0.0014057600000000094
1605005718053,-0.011019283746556474,0.013774104683195593,0.0014626262626262468
1605005718085,-0.0087890625,0.017578125,0.0027862304687500117
1605005718117,-0.0029296875,0.01953125,0.0022729492187499867
1605005718149,0.0029296875,0.0205078125,0.0013331054687500121
1605005718181,0.0068359375,0.015625,0.00025673828125000187
1605005718212,0.011446409989594173,0.014568158168574402,-0.0013458896982310297
1605005718245,0.010101010101010102,-0.0009182736455463728,-0.0009702479338842743
1605005718277,0.013671875,0.0009765625,-0.003297363281250021
1605005718310,0.014692378328741965,0.0036730945821854912,-0.002358218549127628
1605005718357,0.005432322317790856,-0.002716161158895428,-0.0007336351290176533
1605005718388,0.013527575442247659,-0.008324661810613945,-0.0003272632674297706
1605005718421,0.011937557392102846,-0.006427915518824609,0.001984664830119386
1605005718452,0.011446409989594173,-0.008324661810613945,-0.004476482830385034
1605005718486,0.007785467128027681,-0.01643598615916955,-0.0009128892733563913
1605005718517,-0.003121748178980229,-0.026014568158168574,-0.002835691987513005
1605005718548,-0.004162330905306972,-0.007284079084287201,-0.0011092611862643107
1605005718581,-0.004591368227731864,-0.0036730945821854912,-0.0019041322314049577
1605005718613,-0.01171875,-0.013671875,-0.00048007812500000524
1605005718645,-0.015625,-0.0126953125,0.0006475585937500139
1605005718677,-0.01953125,-0.0087890625,0.0006914062499999984
1605005718710,-0.014692378328741965,-0.0018365472910927456,0.0006341597796143152
1605005718757,-0.008148483476686284,0.0022634676324128564,0.0002370755998189185
1605005718789,-0.01953125,0.0107421875,0.001260058593750002
1605005718821,-0.013671875,0.017578125,0.002065039062499996
1605005718853,-0.0107421875,0.01953125,0.0014342773437500123
1605005718886,-0.004591368227731864,0.020202020202020204,0.0008723599632690437
1605005718917,0.004162330905306972,0.019771071800208116,-0.0007756503642039432
1605005718949,0.0078125,0.0146484375,-0.0014672851562499978
1605005718981,0.0087890625,0.0029296875,-0.0017214843749999986
1605005719012,0.015608740894901144,0.007284079084287201,-0.0015016649323621389
1605005719045,0.015610651974288337,0.004591368227731864,-0.0014863177226813466
1605005719076,0.013527575442247659,-0.009365244536940686,-0.0004086368366285023
1605005719125,0.007080383173677634,-0.004164931278633903,0.000626405664306535
1605005719161,0.010802469135802469,-0.007716049382716049,-0.00045609567901235454
1605005719189,0.011479591836734694,-0.021683673469387755,-0.0014667091836734723
1605005719225,0.013117283950617283,-0.010030864197530864,-0.0035959104938271436
1605005719253,0.0012755102040816326,-0.017857142857142856,-0.0020427295918367546
1605005719284,-0.007284079084287201,-0.01768990634755463,0.0018140478668054161
1605005719317,-0.008264462809917356,-0.015610651974288337,0.00027667584940312
1605005719348,-0.014568158168574402,-0.013527575442247659,0.0012141519250780384
1605005719381,-0.015610651974288337,-0.011019283746556474,0.0012278236914600742
1605005719413,-0.0166015625,-0.0078125,-5.664062500021494e-06
1605005719445,-0.0185546875,0.0,-0.0006433593749999855
1605005719477,-0.0185546875,0.0048828125,-0.0006326171875000175
1605005719509,-0.0205078125,0.0107421875,-0.0008946289062500001
1605005719557,-0.006076388888888889,0.006076388888888889,-0.00017065972222221306
1605005719588,-0.011446409989594173,0.022892819979188347,0.0006317377731529685
1605005719621,-0.004591368227731864,0.020202020202020204,5.913682277316603e-05
1605005719652,0.003121748178980229,0.027055150884495317,8.095733610824634e-05
1605005719685,0.008264462809917356,0.011019283746556474,-0.0013456382001836701
1605005719717,0.009765625,0.0068359375,-0.0013548828124999857
1605005719749,0.0126953125,0.0087890625,-0.0021262695312500024
1605005719780,0.015608740894901144,0.006243496357960458,-0.0007110301768990662
1605005719813,0.01652892561983471,0.0,-0.001251239669421501
1605005719845,0.0205078125,-0.013671875,0.0032441406250000027
1605005719877,0.0341796875,-0.0205078125,0.0021685546875000183
1605005719925,-0.006510416666666667,0.01171875,0.0021685546875000183
1605005719957,0.0322265625,-0.0576171875,0.0021685546875000183
1605005719989,-0.0126953125,-0.0146484375,0.0021685546875000183
1605005720021,0.001953125,-0.00390625,0.0021685546875000183
1605005720052,-0.004162330905306972,0.001040582726326743,0.0021685546875000183
1605005720084,-0.0068359375,-0.009765625,0.0021685546875000183
1605005720117,-0.013774104683195593,-0.014692378328741965,0.0021685546875000183
1605005720149,-0.015625,-0.0107421875,0.0021685546875000183
1605005720180,-0.01664932362122789,-0.005202913631633715,0.0021685546875000183
1605005720213,-0.015610651974288337,0.0018365472910927456,0.0021685546875000183
1605005720246,-0.014692378328741965,0.006427915518824609,0.0021685546875000183
1605005720277,-0.015608740894901144,0.013527575442247659,0.0021685546875000183
1605005720325,-0.006076388888888889,0.006510416666666667,0.0021685546875000183
1605005720357,-0.0029296875,0.0224609375,0.0021685546875000183
1605005720388,-0.003121748178980229,0.018730489073881373,0.0021685546875000183
1605005720421,0.009182736455463728,0.011937557392102846,0.0021685546875000183
1605005720453,0.0107421875,0.0029296875,0.0021685546875000183
1605005720485,0.0126953125,0.005859375,0.0021685546875000183
1605005720516,0.01768990634755463,0.013527575442247659,0.0021685546875000183
1605005720548,0.0185546875,0.0068359375,0.0021685546875000183
1605005720581,0.017447199265381085,0.0027548209366391185,0.0021685546875000183
1605005720613,0.0166015625,-0.00390625,0.0021685546875000183
1605005720645,0.0146484375,-0.0166015625,0.14819013671874998
1605005720693,0.005642361111111111,-0.01171875,0.0004435763888888975
1605005720725,0.0068359375,-0.021484375,0.0004435763888888975
1605005720756,-0.001040582726326743,-0.014568158168574402,0.0004435763888888975
1605005720789,-0.0027548209366391185,-0.011937557392102846,0.0004435763888888975
1605005720820,-0.011446409989594173,-0.006243496357960458,0.0004435763888888975
1605005720853,-0.011937557392102846,0.0,0.0004435763888888975
1605005720885,-0.00390625,0.01171875,0.0004435763888888975
1605005720917,-0.0126953125,0.017578125,0.0004435763888888975
1605005720950,-0.011937557392102846,0.021120293847566574,0.0004435763888888975
1605005720981,-0.06555671175858481,0.06867845993756504,0.0004435763888888975
1605005721012,0.03537981269510926,-0.023933402705515087,0.0004435763888888975
1605005721045,-0.02203856749311295,0.013774104683195593,0.0004435763888888975
1605005721079,-0.01903114186851211,0.007785467128027681,0.14979982698961938
1605005721126,-0.009053870529651425,0.0018107741059302852,0.00014495246717971926
1605005721157,-0.06451612903225806,0.023933402705515087,0.012326118626430784
1605005721189,-0.01953125,-0.01171875,0.012326118626430784
1605005721221,0.01953125,-0.0224609375,0.012326118626430784
1605005721253,-0.009765625,0.00390625,0.012326118626430784
1605005721284,-0.006243496357960458,0.003121748178980229,0.012326118626430784
1605005721317,0.0,-0.017447199265381085,0.012326118626430784
1605005721349,0.005859375,-0.02734375,0.012326118626430784
1605005721381,0.0126953125,-0.02734375,0.012326118626430784
1605005721414,0.018365472910927456,-0.02203856749311295,0.012326118626430784
1605005721445,0.026014568158168574,-0.02081165452653486,0.012326118626430784
1605005721495,0.012,-0.0084,0.012326118626430784
1605005721525,0.03222222222222222,-0.017777777777777778,0.012326118626430784
1605005721556,0.029136316337148804,-0.01040582726326743,0.012326118626430784
1605005721589,0.023875114784205693,0.0009182736455463728,0.012326118626430784
1605005721621,0.0224609375,0.009765625,0.012326118626430784
1605005721652,0.018730489073881373,0.01664932362122789,0.012326118626430784
1605005721685,0.011019283746556474,0.017447199265381085,0.012326118626430784
1605005721716,0.003121748178980229,0.014568158168574402,0.012326118626430784
1605005721749,-0.0009182736455463728,-0.006427915518824609,0.012326118626430784
1605005721780,-0.007284079084287201,0.015608740894901144,0.012326118626430784
1605005721813,-0.009182736455463728,0.0027548209366391185,0.012326118626430784
1605005721844,-0.01040582726326743,-0.001040582726326743,0.012326118626430784
1605005721893,-0.0020824656393169513,0.0008329862557267805,0.012326118626430784
1605005721925,-0.00390625,-0.0029296875,0.012326118626430784
1605005721957,-0.0068359375,-0.0234375,0.012326118626430784
1605005721988,-0.01040582726326743,-0.01768990634755463,0.012326118626430784
1605005722021,-0.013774104683195593,-0.014692378328741965,0.012326118626430784
1605005722053,-0.0166015625,-0.009765625,0.012326118626430784
1605005722097,-0.010330578512396695,0.0,0.012326118626430784
1605005722117,-0.05,0.0175,0.012326118626430784
1605005722149,-0.0185546875,0.013671875,0.012326118626430784
1605005722181,-0.0146484375,0.0205078125,0.012326118626430784
1605005722213,-0.0146484375,0.021484375,0.012326118626430784
1605005722245,0.0029296875,0.0205078125,0.012326118626430784
1605005722293,0.001736111111111111,0.008680555555555556,0.012326118626430784
1605005722326,0.010101010101010102,0.017447199265381085,0.012326118626430784
1605005722357,0.015608740894901144,0.013527575442247659,0.012326118626430784
1605005722390,0.017447199265381085,0.011937557392102846,0.012326118626430784
1605005722421,0.021852237252861603,0.01768990634755463,0.012326118626430784
1605005722452,0.021852237252861603,-0.004162330905306972,0.012326118626430784
1605005722484,0.021484375,0.0009765625,0.012326118626430784
1605005722517,0.015610651974288337,-0.015610651974288337,0.012326118626430784
1605005722548,0.03225806451612903,-0.003121748178980229,0.012326118626430784
1605005722581,0.018365472910927456,-0.011019283746556474,0.12588677685950414
1605005722613,0.021484375,-0.0009765625,0.12588677685950414
1605005722645,0.0087890625,-0.0166015625,0.12588677685950414
1605005722694,0.0,-0.008746355685131196,0.12588677685950414
1605005722724,-0.011111111111111112,-0.02666666666666667,0.12588677685950414
1605005722757,-0.006427915518824609,-0.014692378328741965,0.12588677685950414
1605005722789,-0.013671875,-0.015625,0.12588677685950414
1605005722821,-0.0146484375,-0.009765625,0.12588677685950414
1605005722853,-0.0166015625,-0.00390625,0.12588677685950414
1605005722884,-0.01664932362122789,0.0,0.12588677685950414
1605005722917,-0.011019283746556474,0.0027548209366391185,0.12588677685950414
1605005722948,-0.006243496357960458,0.003121748178980229,0.12588677685950414
1605005722980,-0.00390625,0.0029296875,0.12588677685950414
1605005723013,0.0009182736455463728,0.009182736455463728,0.12588677685950414
1605005723046,0.0027548209366391185,0.015610651974288337,0.12588677685950414
1605005723092,0.0033081285444234404,0.010869565217391304,0.12588677685950414
1605005723125,0.0018365472910927456,0.018365472910927456,0.12588677685950414
1605005723156,0.004162330905306972,0.02081165452653486,0.12588677685950414
1605005723189,-0.0009182736455463728,0.004591368227731864,0.12588677685950414
1605005723221,-0.0087890625,0.0224609375,0.12588677685950414
1605005723253,-0.015625,0.0166015625,0.12588677685950414
1605005723285,-0.017578125,0.0126953125,0.12588677685950414
1605005723316,-0.022892819979188347,0.002081165452653486,0.12588677685950414
1605005723348,-0.0224609375,0.0,0.12588677685950414
1605005723381,-0.015610651974288337,-0.006427915518824609,0.12588677685950414
1605005723413,-0.015625,-0.00390625,0.12588677685950414
1605005723446,-0.013774104683195593,0.006427915518824609,0.12588677685950414
1605005723498,-0.004807692307692308,-0.005547337278106509,0.12588677685950414
1605005723524,-0.0073964497041420114,-0.03994082840236687,0.12588677685950414
1605005723557,0.0027548209366391185,-0.02295684113865932,0.12588677685950414
1605005723588,0.008324661810613945,-0.02497398543184183,0.12588677685950414
1605005723621,0.009182736455463728,-0.014692378328741965,0.12588677685950414
1605005723653,0.0126953125,-0.01171875,0.12588677685950414
1605005723686,0.017447199265381085,-0.012855831037649219,0.12588677685950414
1605005723717,0.023933402705515087,-0.019771071800208116,0.12588677685950414
1605005723749,0.0224609375,-0.009765625,0.12588677685950414
1605005723781,0.021484375,-0.0029296875,0.12588677685950414
1605005723813,0.0205078125,0.005859375,0.12588677685950414
1605005723846,0.01652892561983471,0.012855831037649219,0.12588677685950414
1605005723893,0.007243096423721141,0.008601177003168854,0.12588677685950414
1605005723926,0.011019283746556474,0.021120293847566574,0.12588677685950414
1605005723956,0.0033333333333333335,0.025555555555555557,0.12588677685950414
1605005723990,-0.0017301038062283738,0.019896193771626297,0.12588677685950414
1605005724020,0.0022222222222222222,0.0022222222222222222,0.12588677685950414
1605005724053,-0.010101010101010102,0.020202020202020204,0.12588677685950414
1605005724084,-0.01768990634755463,0.014568158168574402,0.12588677685950414
1605005724116,-0.025390625,0.01171875,0.12588677685950414
1605005724149,-0.020202020202020204,0.0009182736455463728,0.12588677685950414
1605005724181,-0.01953125,0.013671875,0.12588677685950414
1605005724217,-0.013117283950617283,-0.006944444444444444,0.12588677685950414
1605005724246,-0.013079667063020214,-0.005945303210463734,0.12588677685950414
1605005724297,-0.005382545174932718,-0.009611687812379853,0.12588677685950414
1605005724325,-0.003826530612244898,-0.03443877551020408,0.12588677685950414
1605005724357,0.0029296875,-0.02734375,0.12588677685950414
1605005724389,0.0078125,-0.0224609375,0.14734697265625002
1605005724420,0.011446409989594173,-0.01768990634755463,-0.0013000000000000054
1605005724453,0.011937557392102846,-0.013774104683195593,-0.0010989898989898954
1605005724484,0.01664932362122789,-0.013527575442247659,-0.0010686784599375808
1605005724516,0.015625,-0.005859375,-0.0009468749999999859
1605005724549,0.015610651974288337,0.0009182736455463728,-0.000697337006427915
1605005724581,0.015625,0.0078125,-0.0005461914062500073
1605005724613,0.0146484375,0.0146484375,-0.00065185546874999
1605005724646,0.012855831037649219,0.01928374655647383,-0.00065185546874999
1605005724693,0.004979628791308284,0.01041195110909914,-0.00065185546874999
1605005724724,0.003121748178980229,0.01768990634755463,-0.00065185546874999
1605005724756,-0.001953125,0.017578125,-0.00065185546874999
1605005724789,-0.0018365472910927456,0.014692378328741965,-0.00065185546874999
1605005724820,-0.011446409989594173,0.009365244536940686,-0.00065185546874999
1605005724853,-0.013774104683195593,0.010101010101010102,0.16810146923783287
1605005724885,-0.0166015625,0.0029296875,0.0036070312499999757
1605005724917,-0.025390625,0.00390625,0.003613476562500023
1605005724948,-0.006243496357960458,0.004162330905306972,-0.0030910509885536063
1605005724982,-0.01124567474048443,0.0,-0.0009277681660899576
1605005725013,-0.012486992715920915,-0.023933402705515087,-0.0012696149843912613
1605005725046,-0.0018365472910927456,-0.024793388429752067,-0.00301753902662994
1605005725092,0.002835538752362949,-0.013705103969754254,-0.001397353497164455
1605005725125,0.011019283746556474,-0.025711662075298437,-0.0015216712580349073
1605005725157,0.013671875,-0.0224609375,-0.0017796874999999879
1605005725189,0.015625,-0.0146484375,-0.0007310546875000101
1605005725221,0.0166015625,-0.0078125,7.812499999981792e-07
1605005725252,0.015608740894901144,0.0,0.00019583766909468764
1605005725284,0.013671875,0.009765625,-8.339843749999298e-05
1605005725316,0.01171875,0.0146484375,0.0002488281249999891
1605005725349,0.009182736455463728,0.01928374655647383,0.000778236914600574
1605005725381,0.0087890625,0.0205078125,0.0013495117187499739
1605005725413,0.001953125,0.0185546875,0.0025050781250000043
1605005725447,-0.0017301038062283738,0.015570934256055362,0.0021732698961937805
1605005725493,-0.004253308128544423,0.0023629489603024575,0.002820226843100191
1605005725525,-0.0068359375,0.0166015625,0.0023979492187500007
1605005725557,-0.0107421875,0.0078125,0.0025440429687499932
1605005725588,-0.02497398543184183,0.015608740894901144,0.001965972944849107
1605005725621,-0.015610651974288337,0.0009182736455463728,0.0013612488521579547
1605005725653,-0.01171875,0.009765625,0.0006103515625
1605005725685,-0.0126953125,-0.005859375,-0.0010200195312499993
1605005725716,-0.012486992715920915,-0.019771071800208116,-0.0015402705515088413
1605005725749,-0.006427915518824609,-0.021120293847566574,-0.0026911845730027565
1605005725781,-0.001953125,-0.025390625,-0.003699023437500004
1605005725814,0.004591368227731864,-0.02295684113865932,-0.0033427915518824576
1605005725845,0.01040582726326743,-0.02497398543184183,-0.0020904266389178056
1605005725894,0.0058309037900874635,-0.008746355685131196,-0.0008113702623906632
1605005725924,0.01888888888888889,-0.017777777777777778,-0.0018774444444444624
1605005725957,0.017447199265381085,-0.009182736455463728,-0.0010326905417814387
1605005725989,0.0185546875,-0.00390625,-0.000862792968749998
1605005726022,0.014692378328741965,0.0073461891643709825,-0.0018297520661157119
1605005726053,0.015608740894901144,0.014568158168574402,-0.0012182101977107293
1605005726086,0.011019283746556474,0.020202020202020204,0.00047640036730945713
1605005726116,0.011111111111111112,0.02666666666666667,0.0009096666666666743
1605005726148,0.001953125,0.0263671875,0.0038074218749999944
1605005726181,-0.0027548209366391185,0.023875114784205693,0.0026796143250688792
1605005726214,-0.006427915518824609,0.014692378328741965,0.005721395775941239
1605005726245,-0.008324661810613945,0.006243496357960458,0.007295109261186246
1605005726293,-0.005642361111111111,0.005642361111111111,0.002768098958333335
1605005726325,-0.0185546875,0.0126953125,0.00025673828125000187
1605005726356,-0.026014568158168574,0.014568158168574402,0.0027211238293444423
1605005726389,-0.01928374655647383,0.0027548209366391185,0.004511937557392102
1605005726440,-0.006151480199923107,0.0,-0.00038339100346020463
1605005726461,-0.03854875283446712,-0.0045351473922902496,0.0009780045351473767
1605005726485,-0.024305555555555556,0.005208333333333333,-0.0013939236111111006
1605005726516,-0.015608740894901144,-0.002081165452653486,-0.0007785639958376956
1605005726550,-0.01384083044982699,-0.006055363321799308,-0.0010876297577854556
1605005726581,-0.013527575442247659,-0.018730489073881373,-0.0027613943808532933
1605005726613,-0.009765625,-0.0224609375,-0.002283203124999994
1605005726662,-0.0020824656393169513,-0.010412328196584756,-0.0017459391920033231
1605005726695,0.0009182736455463728,-0.024793388429752067,-0.0039213957759412525
1605005726726,0.005202913631633715,-0.018730489073881373,-0.005520395421435985
1605005726758,0.009765625,-0.0087890625,-0.0034282226562500073
1605005726789,0.026014568158168574,-0.014568158168574402,-0.004225910509885546
1605005726822,0.015610651974288337,-0.017447199265381085,-0.005813314967860403
1605005726853,0.02497398543184183,-0.04058272632674298,-0.004625286160249759
1605005726885,0.017578125,-0.005859375,-0.0035227539062499813
1605005726916,0.021852237252861603,-0.001040582726326743,-0.00310291363163374
1605005726949,0.01652892561983471,0.0073461891643709825,-0.0032459136822773093
1605005726982,0.015610651974288337,0.012855831037649219,-0.0032459136822773093
1605005727013,0.014568158168574402,0.02081165452653486,-0.0032459136822773093
1605005727061,0.004340277777777778,0.009548611111111112,-0.0032459136822773093
1605005727093,0.00390625,0.017578125,-0.0032459136822773093
1605005727125,-0.0029296875,0.0166015625,-0.0032459136822773093
1605005727157,0.0009765625,0.0166015625,-0.0032459136822773093
1605005727189,-0.001953125,0.013671875,-0.0032459136822773093
1605005727221,-0.017578125,0.0224609375,-0.0032459136822773093
1605005727252,-0.019771071800208116,0.01664932362122789,-0.0032459136822773093
1605005727285,-0.01652892561983471,0.011019283746556474,-0.0032459136822773093
1605005727317,-0.0234375,0.005859375,0.18508759765625
1605005727349,-0.0185546875,0.00390625,-0.004772265624999994
1605005727380,-0.031217481789802288,-0.002081165452653486,0.007416649323621222
1605005727415,-0.006530612244897959,-0.004897959183673469,0.001524326530612245
1605005727461,-0.008506616257088847,-0.004725897920604915,-9.120982986761339e-06
1605005727493,-0.0146484375,-0.015625,0.0036701171874999883
1605005727525,0.0,0.0,-0.001216308593749993
1605005727557,-0.0068359375,-0.0078125,-0.0006971679687499954
1605005727589,-0.00390625,-0.0078125,-0.0005963867187500083
1605005727621,-0.0029296875,-0.01953125,-0.0011487304687499977
1605005727653,0.0,-0.0185546875,-0.002342089843750006
1605005727684,0.001040582726326743,-0.018730489073881373,-0.0037109261186264405
1605005727716,0.00390625,-0.015625,-0.0034986328124999855
1605005727749,0.004591368227731864,-0.011937557392102846,-0.003721028466483011
1605005727781,0.0068359375,-0.0107421875,-0.00418330078125001
1605005727813,0.0087890625,-0.0087890625,-0.004396972656249998
1605005727862,0.003748438150770512,-0.001665972511453561,-0.0016247813411078655
1605005727893,0.01040582726326743,-0.005202913631633715,-0.003610926118626433
1605005727925,0.009765625,0.0078125,-0.0030128906250000143
1605005727957,0.01171875,-0.001953125,-0.003220800781250005
1605005727989,0.01171875,0.0,-0.0033611328125000006
1605005728021,0.0107421875,-0.0087890625,-0.0021247070312499783
1605005728054,0.010101010101010102,-0.008264462809917356,-0.001691368227731873
1605005728085,0.007284079084287201,0.0,-0.0011329864724245495
1605005728116,0.005202913631633715,0.005202913631633715,-0.0014722164412070903
1605005728149,0.0036730945821854912,0.006427915518824609,-0.0014722164412070903
1605005728181,0.001953125,0.0078125,-0.0014722164412070903
1605005728213,0.001953125,0.01171875,-0.0014722164412070903
1605005728262,0.00041649312786339027,0.0058309037900874635,-0.0014722164412070903
1605005728293,0.0,0.01768990634755463,-0.0014722164412070903
1605005728325,-0.001953125,0.0185546875,-0.0014722164412070903
1605005728371,-0.0004725897920604915,0.011342155009451797,-0.0014722164412070903
1605005728396,-0.008,0.04,-0.0014722164412070903
1605005728420,-0.010416666666666666,0.046875,-0.0014722164412070903
1605005728452,-0.00390625,0.0146484375,-0.0014722164412070903
1605005728485,0.0018365472910927456,0.0073461891643709825,-0.0014722164412070903
1605005728517,0.0,0.01171875,-0.0014722164412070903
1605005728550,0.006427915518824609,0.010101010101010102,-0.0014722164412070903
1605005728581,0.019771071800208116,0.008324661810613945,0.13227814776274713
1605005728614,0.01652892561983471,0.0073461891643709825,0.13227814776274713
1605005728662,0.006944444444444444,0.0030381944444444445,0.13227814776274713
1605005728693,0.015608740894901144,-0.009365244536940686,0.13227814776274713
1605005728726,0.013774104683195593,-0.005509641873278237,0.13227814776274713
1605005728756,0.0077777777777777776,-0.10888888888888888,0.13227814776274713
1605005728789,-0.0027548209366391185,-0.008264462809917356,0.13227814776274713
1605005728820,0.013527575442247659,-0.007284079084287201,0.13227814776274713
1605005728853,-0.0027548209366391185,-0.025711662075298437,0.13227814776274713
1605005728885,0.013671875,-0.0087890625,0.13227814776274713
1605005728916,-0.008324661810613945,-0.001040582726326743,0.13227814776274713
1605005728949,-0.011937557392102846,-0.010101010101010102,0.13227814776274713
1605005728981,-0.015625,-0.005859375,0.13227814776274713
1605005729013,-0.015625,-0.0048828125,0.13227814776274713
1605005729061,-0.008246527777777778,-0.001736111111111111,0.13227814776274713
1605005729092,-0.02081165452653486,0.004162330905306972,0.13227814776274713
1605005729125,-0.020202020202020204,0.010101010101010102,0.13227814776274713
1605005729157,-0.01953125,0.021484375,0.13227814776274713
1605005729189,-0.017578125,0.0302734375,0.13227814776274713
1605005729221,-0.01171875,0.0302734375,0.13227814776274713
1605005729253,-0.0107421875,0.03125,0.13227814776274713
1605005729284,-0.004162330905306972,0.004162330905306972,0.13227814776274713
1605005729317,-0.005509641873278237,0.014692378328741965,0.13227814776274713
1605005729349,-0.0087890625,0.0166015625,0.13227814776274713
1605005729382,-0.06795224977043159,0.04224058769513315,0.13227814776274713
1605005729414,-0.013671875,0.0009765625,0.13227814776274713
1605005729463,0.018325697625989172,-0.0008329862557267805,0.13227814776274713
1605005729495,-0.0546875,-0.00390625,0.17086054687500002
1605005729530,-0.008979591836734694,-0.009795918367346938,0.010775265306122455
1605005729556,-0.013313609467455622,-0.03106508875739645,0.010775265306122455
1605005729590,0.02162629757785467,-0.0025951557093425604,0.010775265306122455
1605005729621,0.008324661810613945,-0.003121748178980229,0.010775265306122455
1605005729653,0.0087890625,-0.0107421875,0.010775265306122455
1605005729684,0.01040582726326743,-0.036420395421436005,0.010775265306122455
1605005729717,0.015610651974288337,-0.025711662075298437,0.010775265306122455
1605005729748,0.022892819979188347,-0.015608740894901144,0.010775265306122455
1605005729781,0.024793388429752067,-0.0073461891643709825,0.010775265306122455
1605005729814,0.02938475665748393,-0.03581267217630854,0.010775265306122455
1605005729862,0.012152777777777778,-0.009548611111111112,0.010775265306122455
1605005729894,0.0263671875,-0.00390625,0.010775265306122455
1605005729926,0.0224609375,0.0029296875,0.010775265306122455
1605005729958,0.0205078125,0.0107421875,0.010775265306122455
1605005729989,0.015608740894901144,0.01768990634755463,0.010775265306122455
1605005730021,0.0068359375,0.0068359375,0.010775265306122455
1605005730054,-0.0009182736455463728,0.0018365472910927456,0.010775265306122455
1605005730084,-0.0033333333333333335,0.03777777777777778,0.010775265306122455
1605005730117,-0.0018365472910927456,0.011019283746556474,0.010775265306122455
1605005730148,-0.008324661810613945,0.015608740894901144,0.010775265306122455
1605005730181,-0.012855831037649219,0.014692378328741965,0.010775265306122455
1605005730230,-0.011245314452311536,0.003331945022907122,0.010775265306122455
1605005730262,-0.0185546875,0.0029296875,0.010775265306122455
1605005730293,-0.015608740894901144,-0.007284079084287201,0.010775265306122455
1605005730325,-0.015625,0.0166015625,0.010775265306122455
1605005730358,-0.0073461891643709825,-0.006427915518824609,0.010775265306122455
1605005730389,-0.01040582726326743,-0.021852237252861603,0.010775265306122455
1605005730420,-0.003121748178980229,-0.026014568158168574,0.010775265306122455
1605005730453,0.0027548209366391185,-0.02295684113865932,0.010775265306122455
1605005730485,0.005859375,-0.0244140625,0.010775265306122455
1605005730517,0.0078125,-0.0234375,0.010775265306122455
1605005730549,0.009765625,-0.0205078125,0.010775265306122455
1605005730581,0.0126953125,-0.0146484375,0.010775265306122455
1605005730630,0.006663890045814244,-0.004164931278633903,0.010775265306122455
1605005730662,0.0166015625,-0.0048828125,0.010775265306122455
1605005730695,0.014692378328741965,0.0027548209366391185,0.010775265306122455
1605005730725,0.015555555555555555,0.011111111111111112,0.010775265306122455
1605005730757,0.01171875,0.0166015625,0.010775265306122455
1605005730789,0.0087890625,0.021484375,0.010775265306122455
1605005730821,0.0048828125,0.021484375,0.010775265306122455
1605005730857,0.0,0.004629629629629629,0.010775265306122455
1605005730884,-0.00823045267489712,0.027434842249657063,0.010775265306122455
1605005730918,-0.0034602076124567475,0.023356401384083045,0.010775265306122455
1605005730950,-0.01953125,0.01953125,0.010775265306122455
1605005730982,-0.017578125,0.0087890625,0.010775265306122455
1605005731044,-0.004942767950052029,0.00026014568158168577,0.010775265306122455
1605005731061,-0.06920415224913495,0.006920415224913495,0.010775265306122455
1605005731092,-0.013527575442247659,0.007284079084287201,0.010775265306122455
1605005731125,-0.012855831037649219,-0.0027548209366391185,0.010775265306122455
1605005731156,-0.006243496357960458,-0.01040582726326743,0.010775265306122455
1605005731188,-0.005859375,-0.0234375,0.010775265306122455
1605005731221,0.0,-0.02295684113865932,0.010775265306122455
1605005731252,0.005202913631633715,-0.026014568158168574,0.17506795005202913
1605005731285,0.008264462809917356,-0.021120293847566574,-0.00030220385674929533
1605005731317,0.01171875,-0.01953125,-0.0012458007812500005
1605005731350,0.015610651974288337,-0.01652892561983471,-0.0008610651974288399
1605005731397,0.008148483476686284,-0.006337709370755998,-0.0008076052512449034
1605005731429,0.01953125,-0.0078125,-0.0008455078125000071
1605005731461,0.017578125,-0.00390625,-0.0008455078125000071
1605005731492,0.01664932362122789,0.004162330905306972,-0.0008455078125000071
1605005731525,0.012855831037649219,0.008264462809917356,-0.0008455078125000071
1605005731557,0.0107421875,0.0146484375,-0.0008455078125000071
1605005731589,0.0078125,0.0185546875,-0.0008455078125000071
1605005731620,0.002081165452653486,0.02081165452653486,-0.0008455078125000071
1605005731653,-0.0018365472910927456,0.014692378328741965,0.1477196510560147
1605005731685,-0.0029296875,0.009765625,0.005020703124999998
1605005731717,-0.005859375,0.0263671875,0.004636230468750002
1605005731748,-0.007284079084287201,0.019771071800208116,0.0036904266389178033
1605005731782,-0.006055363321799308,0.004325259515570935,0.0028283737024221425
1605005731830,-0.0030381944444444445,0.003472222222222222,0.0012440972222222217
1605005731862,-0.0078125,0.013671875,0.002593066406250011
1605005731895,-0.0073461891643709825,0.004591368227731864,0.0014431588613406697
1605005731924,-0.015457788347205707,0.008323424494649227,0.0026555291319857142
1605005731957,-0.010101010101010102,0.004591368227731864,0.0015498622589531772
1605005731989,-0.01171875,0.0048828125,0.0014296874999999987
1605005732021,-0.013671875,0.001953125,0.003112402343750015
1605005732053,-0.01171875,0.0,0.0010427734374999775
1605005732085,-0.013671875,-0.0029296875,0.0008863281250000021
1605005732117,-0.0078125,0.005859375,-0.0021446289062500012
1605005732149,-0.0068359375,0.00390625,-0.0011806640624999754
1605005732197,-0.004340277777777778,-0.005208333333333333,1.2543402777774758e-05
1605005732230,-0.006427915518824609,-0.005509641873278237,-0.0023322314049586904
1605005732261,-0.005202913631633715,-0.004162330905306972,-0.003089073881373549
1605005732293,-0.00390625,-0.013671875,-0.002881250000000002
1605005732324,-0.004162330905306972,-0.01664932362122789,-0.002048595213319472
1605005732356,0.0,-0.0146484375,-0.002263281249999999
1605005732389,0.0018365472910927456,-0.014692378328741965,-0.0027020202020201977
1605005732420,0.006243496357960458,-0.01664932362122789,-0.0029330905306971977
1605005732453,0.006427915518824609,-0.01652892561983471,-0.0024134067952249704
1605005732485,0.0087890625,-0.0166015625,-0.0022848632812499936
1605005732516,0.011446409989594173,-0.015608740894901144,-0.0020160249739854578
1605005732549,0.011019283746556474,-0.011937557392102846,-0.0018157943067033872
1605005732596,0.005885015844273427,-0.005432322317790856,-0.0007853779990946177
1605005732629,0.011937557392102846,-0.009182736455463728,-0.0014587695133149545
1605005732661,0.0126953125,-0.005859375,-0.0009944335937500104
1605005732693,0.0126953125,-0.0048828125,-0.0006778320312499919
1605005732724,0.013527575442247659,-0.001040582726326743,-0.0012264308012486875
1605005732757,0.011019283746556474,0.0009182736455463728,-0.0008776859504132329
1605005732788,0.011446409989594173,0.006243496357960458,-0.0006284079084287306
1605005732820,0.0087890625,0.0087890625,-0.0002676757812499764
1605005732852,0.0068359375,0.0107421875,0.0008906249999999782
1605005732885,0.005509641873278237,0.011937557392102846,0.00025463728191000624
1605005732917,0.005859375,0.015625,0.0012808593749999986
1605005732950,0.0018365472910927456,0.010101010101010102,0.002047474747474755
1605005732997,-0.0018107741059302852,0.0009053870529651426,0.0016328655500226343
1605005733029,-0.00390625,0.0185546875,0.006437402343750009
1605005733060,0.002081165452653486,0.014568158168574402,0.0019348595213319394
1605005733093,0.0027548209366391185,0.013774104683195593,0.0030690541781450793
1605005733125,-0.0087890625,0.01953125,0.00043818359375000226
1605005733156,-0.013527575442247659,0.015608740894901144,0.004304578563995858
1605005733189,-0.009182736455463728,0.013774104683195593,0.0022741046831955807
1605005733220,-0.02497398543184183,0.01040582726326743,0.0026197710718002245
1605005733253,-0.013774104683195593,0.005509641873278237,0.0013312213039485571
1605005733285,-0.0126953125,-0.0009765625,0.00030654296875001763
1605005733317,-0.013671875,0.005859375,0.0010082031249999956
1605005733349,-0.0107421875,0.005859375,2.1582031249994804e-05
1605005733398,-0.004581424406497293,0.0012494793835901709,-5.76842982090768e-05
1605005733430,-0.013671875,-0.005859375,-0.0005564453125000146
1605005733461,-0.011446409989594173,-0.005202913631633715,-0.0016882414151925067
1605005733493,-0.0087890625,-0.0146484375,-0.0018295898437500069
1605005733525,-0.005859375,-0.0166015625,-0.0030952148437499993
1605005733561,-0.0023148148148148147,-0.014660493827160493,-0.003788503086419748
1605005733588,0.0027434842249657062,-0.02880658436213992,-0.007361454046639235
1605005733620,0.005859375,-0.01953125,-0.0055875976562499985
1605005733653,0.0073461891643709825,-0.01928374655647383,-0.004205693296602373
1605005733685,0.0107421875,-0.0185546875,-0.004299121093749997
1605005733717,0.0146484375,-0.0166015625,-0.004321289062500011
1605005733750,0.014692378328741965,-0.011937557392102846,-0.003130211202938488
1605005733796,0.008506616257088847,-0.004253308128544423,-0.0014724007561436677
1605005733829,0.015610651974288337,-0.005509641873278237,-0.0029864095500459023
1605005733861,0.0166015625,-0.001953125,-0.0029864095500459023
1605005733893,0.0146484375,0.0048828125,-0.0029864095500459023
1605005733925,0.013671875,0.0087890625,-0.0029864095500459023
1605005733958,0.009182736455463728,0.011937557392102846,-0.0029864095500459023
1605005733988,0.0077777777777777776,0.01888888888888889,-0.0029864095500459023
1605005734021,0.0,0.01652892561983471,-0.0029864095500459023
1605005734053,0.0009765625,0.015625,-0.0029864095500459023
1605005734084,-0.006243496357960458,0.01040582726326743,-0.0029864095500459023
1605005734117,-0.008264462809917356,0.028466483011937556,-0.0029864095500459023
1605005734149,-0.0107421875,0.0048828125,-0.0029864095500459023
1605005734197,-0.005642361111111111,0.006944444444444444,-0.0029864095500459023
1605005734229,-0.015625,0.0068359375,-0.0029864095500459023
1605005734260,-0.019771071800208116,0.006243496357960458,-0.0029864095500459023
1605005734293,-0.01652892561983471,0.0036730945821854912,-0.0029864095500459023
1605005734324,-0.01664932362122789,0.003121748178980229,-0.0029864095500459023
1605005734357,-0.01652892561983471,0.017447199265381085,-0.0029864095500459023
1605005734389,-0.015625,0.0029296875,-0.0029864095500459023
1605005734421,-0.01171875,-0.0068359375,-0.0029864095500459023
1605005734452,-0.012486992715920915,-0.01040582726326743,-0.0029864095500459023
1605005734485,-0.0018365472910927456,-0.02203856749311295,-0.0029864095500459023
1605005734517,0.0068359375,-0.0244140625,-0.0029864095500459023
1605005734550,0.0073461891643709825,-0.028466483011937556,-0.0029864095500459023
1605005734597,0.005432322317790856,-0.014938886373924853,-0.0029864095500459023
1605005734629,0.0146484375,-0.0322265625,-0.0029864095500459023
1605005734660,0.01664932362122789,-0.03225806451612903,-0.0029864095500459023
1605005734693,0.014692378328741965,-0.021120293847566574,-0.0029864095500459023
1605005734724,0.030176899063475548,-0.037460978147762745,-0.0029864095500459023
1605005734757,0.012855831037649219,-0.030303030303030304,-0.0029864095500459023
