1604988152004,-0.7096774193548387,0.3225806451612903,0.0
1604988152037,0.6060606060606061,-0.18181818181818182,0.0
1604988152068,-1.096774193548387,0.06451612903225806,0.0
1604988152100,1.1875,-0.0625,0.0
1604988152133,-0.9090909090909091,0.0,0.0
1604988152164,1.096774193548387,-0.12903225806451613,0.0
1604988152196,-1.0,0.0625,-1.6564562500000015
1604988152228,1.0,-0.125,-8.255799999999997
1604988152261,-0.7272727272727273,0.12121212121212122,7.9522727272727245
1604988152297,0.6111111111111112,-0.1111111111111111,-7.319099999999996
1604988152341,-0.4090909090909091,0.09090909090909091,5.948181818181815
1604988152373,0.625,-0.125,-8.214899999999997
1604988152404,-0.6451612903225806,0.12903225806451613,8.442438709677416
1604988152437,0.6666666666666666,-0.18181818181818182,-7.9944727272727265
1604988152468,-0.7096774193548387,0.3225806451612903,8.515716129032258
1604988152500,0.75,-0.375,-8.257762499999998
1604988152532,-0.8125,0.375,8.253337499999997
1604988152564,0.9375,-0.25,-8.249931249999996
1604988152597,-0.9090909090909091,0.12121212121212122,7.964981818181813
1604988152628,1.032258064516129,-0.06451612903225806,-8.44287096774193
1604988152661,-0.9696969696969697,0.06060606060606061,7.954842424242418
1604988152694,0.9090909090909091,-0.06060606060606061,-7.968115151515147
1604988152740,-0.6521739130434783,0.0,5.735891304347825
1604988152773,0.9696969696969697,0.18181818181818182,-8.009357575757576
1604988152805,-1.0,-0.25,8.216050000000001
1604988152837,1.0,0.25,-8.2095
1604988152868,-1.032258064516129,-0.25806451612903225,8.492083870967743
1604988152900,1.0,0.375,-8.251337500000004
1604988152932,-1.0,-0.4375,8.269168750000006
1604988152964,1.0,0.4375,-8.254256250000006
1604988152997,-1.0303030303030303,-0.48484848484848486,8.003096969696974
1604988153030,1.0909090909090908,0.5454545454545454,-8.015290909090911
1604988153061,-1.1612903225806452,-0.6451612903225806,8.553890322580648
1604988153093,1.125,0.5625,-8.320931250000005
1604988153141,-0.7083333333333334,-0.375,5.565783333333337
1604988153172,1.032258064516129,0.6451612903225806,-8.663754838709682
1604988153205,-0.9696969696969697,-0.5454545454545454,8.137739393939398
1604988153237,1.0625,0.6875,-8.382762500000005
1604988153269,-1.0625,-0.4375,8.368918750000008
1604988153300,1.096774193548387,0.5806451612903226,-8.626929032258076
1604988153333,-1.0303030303030303,-0.36363636363636365,8.133551515151527
1604988153364,1.096774193548387,0.45161290322580644,-8.657445161290337
1604988153396,-1.0,-0.3125,8.424337500000014
1604988153429,0.9090909090909091,0.36363636363636365,-8.147569696969711
1604988153462,-0.9090909090909091,-0.48484848484848486,8.111121212121224
1604988153508,0.6521739130434783,0.30434782608695654,-5.799621739130443
1604988153540,-0.9375,-0.5,8.34798125000001
1604988153572,1.0,0.5,-8.39798125000001
1604988153605,-1.0303030303030303,-0.48484848484848486,8.166466666666677
1604988153636,1.1612903225806452,0.45161290322580644,-8.732290322580658
1604988153669,-1.1515151515151516,-0.7878787878787878,8.216515151515164
1604988153700,1.2258064516129032,0.7096774193548387,-8.818664516129045
1604988153732,-1.125,-0.4375,8.593881250000011
1604988153765,1.0303030303030303,0.48484848484848486,-8.33850303030304
1604988153797,-1.0625,-1.1875,8.594175000000009
1604988153829,1.1875,1.75,-8.595825000000008
1604988153861,-1.375,-2.4375,8.609268750000009
1604988153909,0.9583333333333334,1.875,-5.74527083333334
1604988153940,-1.4838709677419355,-2.774193548387097,8.92105806451614
1604988153973,1.4545454545454546,2.5454545454545454,-8.356600000000011
1604988154005,-1.625,-3.1875,8.663731250000012
1604988154036,1.7419354838709677,3.161290322580645,-9.009567741935495
1604988154068,-1.6875,-2.8125,8.693431250000009
1604988154101,1.4545454545454546,2.6666666666666665,-8.425509090909097
1604988154132,-1.4838709677419355,-3.096774193548387,8.945096774193551
1604988154164,1.5,3.25,-8.690718750000002
1604988154196,-1.5625,-3.75,8.716537500000003
1604988154228,1.5,3.8125,-8.717362500000005
1604988154262,-1.3529411764705883,-3.8823529411764706,8.189864705882359
1604988154308,1.0,2.8260869565217392,-6.068760869565223
1604988154341,-1.393939393939394,-3.4545454545454546,8.483260606060613
1604988154373,1.4375,3.125,-8.756593750000008
1604988154404,-1.5483870967741935,-3.161290322580645,9.042122580645168
1604988154436,1.5625,3.125,-8.764393750000005
1604988154468,-1.625,-3.1875,8.772381250000004
1604988154500,1.625,3.3125,-8.749068750000003
1604988154532,-1.5625,-3.3125,8.739756250000003
1604988154565,1.4545454545454546,3.3333333333333335,-8.477393939393941
1604988154597,-1.4375,-3.375,8.74408125
1604988154629,1.375,3.4375,-8.736849999999999
1604988154662,-1.2727272727272727,-3.3333333333333335,8.463181818181816
1604988154708,0.8695652173913043,2.4782608695652173,-6.068908695652172
1604988154740,-1.1875,-3.5625,8.729637499999995
1604988154773,1.1515151515151516,3.5757575757575757,-8.474399999999994
1604988154804,-1.2258064516129032,-3.7419354838709675,9.065161290322575
1604988154836,1.25,3.75,-8.791543749999995
1604988154868,-1.3125,-3.625,8.794387499999997
1604988154900,1.375,3.6875,-8.80006875
1604988154933,-1.393939393939394,-3.515151515151515,8.536527272727273
1604988154964,1.5483870967741935,3.870967741935484,-9.081006451612902
1604988154997,-1.4545454545454546,-3.6363636363636362,8.536181818181817
1604988155029,1.5,3.8125,-8.808712499999999
1604988155061,-1.5,-3.6875,8.829587499999999
1604988155109,1.0,2.5416666666666665,-5.885116666666666
1604988155140,-1.6129032258064515,-3.806451612903226,9.114851612903227
1604988155172,1.625,3.75,-8.787062500000001
1604988155205,-1.5757575757575757,-3.515151515151515,8.508115151515153
1604988155236,1.6774193548387097,3.7419354838709675,-9.041787096774195
1604988155268,-1.625,-3.5625,8.7253875
1604988155300,1.625,3.625,-8.690693749999998
1604988155332,-1.5625,-3.6875,8.700087499999995
1604988155364,1.375,3.375,-8.740087499999992
1604988155396,-1.1875,-3.125,8.74099999999999
1604988155430,1.1764705882352942,3.0,-8.245352941176462
1604988155461,-1.2258064516129032,-3.2903225806451615,9.046367741935473
1604988155509,0.7083333333333334,1.75,-5.853124999999992
1604988155540,-0.9032258064516129,-2.7096774193548385,9.025916129032245
1604988155573,0.6666666666666666,2.5454545454545454,-8.4723212121212
1604988155605,-0.6875,-2.5625,8.769449999999987
1604988155637,0.875,2.4375,-8.816181249999987
1604988155668,-1.1612903225806452,-2.6451612903225805,9.14438709677418
1604988155700,1.1875,2.5,-8.863018749999988
1604988155732,-1.25,-2.375,8.869218749999987
1604988155764,1.25,2.0625,-8.845949999999986
1604988155796,-1.125,-2.125,8.846893749999984
1604988155829,0.9696969696969697,2.0,-8.62407272727271
1604988155861,-1.0,-2.0,8.912149999999983
1604988155909,0.7083333333333334,1.1666666666666667,-5.9598124999999875
1604988155940,-1.2903225806451613,-1.8709677419354838,9.239451612903204
1604988155973,1.2727272727272727,2.121212121212121,-8.703751515151493
1604988156005,-1.1875,-2.9375,8.94051874999998
1604988156036,1.1612903225806452,3.6774193548387095,-9.178974193548367
1604988156069,-1.0303030303030303,-3.515151515151515,8.624939393939377
1604988156100,0.9032258064516129,2.967741935483871,-9.204458064516112
1604988156133,-0.7272727272727273,-2.303030303030303,8.656624242424227
1604988156164,0.7741935483870968,2.193548387096774,-9.23378709677418
1604988156196,-0.75,-2.0,8.964581249999988
1604988156229,0.6666666666666666,1.878787878787879,-8.705981818181808
1604988156262,-0.6060606060606061,-1.8181818181818181,8.695624242424232
1604988156309,0.425531914893617,1.2765957446808511,-6.087748936170206
1604988156340,-0.7096774193548387,-1.8709677419354838,9.220987096774184
1604988156373,0.7272727272727273,1.8181818181818181,-8.670363636363627
1604988156404,-0.8387096774193549,-1.935483870967742,9.246464516129022
1604988156436,0.875,1.875,-8.971612499999988
1604988156469,-0.9090909090909091,-1.696969696969697,8.719303030303017
1604988156500,1.032258064516129,1.8064516129032258,-9.297735483870953
1604988156532,-1.0625,-1.8125,9.014618749999988
1604988156564,1.125,1.9375,-9.03671874999999
1604988156596,-1.125,-1.9375,9.031518749999991
1604988156629,1.0909090909090908,1.878787878787879,-8.757812121212114
1604988156661,-1.125,-1.875,9.030743749999992
1604988156708,0.7659574468085106,1.2765957446808511,-6.140446808510633
1604988156741,-1.1515151515151516,-1.696969696969697,8.754303030303024
1604988156772,1.2903225806451613,1.8064516129032258,-9.29430967741935
1604988156820,-0.875,-1.125,5.991079166666663
1604988156845,1.76,2.24,-11.479711999999992
1604988156868,-2.0,-2.260869565217391,12.477713043478252
1604988156900,1.4375,1.625,-8.971362499999994
1604988156932,-1.375,-1.5,8.989799999999995
1604988156965,1.3333333333333333,1.5151515151515151,-8.714684848484845
1604988156996,-1.4838709677419355,-1.4838709677419355,9.276141935483869
1604988157029,1.393939393939394,1.4545454545454546,-8.695436363636363
1604988157076,-0.9787234042553191,-0.8936170212765957,6.131595744680851
1604988157110,1.3529411764705883,1.2352941176470589,-8.483229411764707
1604988157141,-1.4193548387096775,-1.2258064516129032,9.328103225806453
1604988157173,1.3125,1.1875,-9.05490625
1604988157204,-1.2258064516129032,-1.1612903225806452,9.380664516129032
1604988157236,1.125,1.125,-9.107931249999998
1604988157269,-1.0303030303030303,-1.0909090909090908,8.81474545454545
1604988157301,1.0625,1.125,-9.094874999999995
1604988157332,-1.096774193548387,-1.2903225806451613,9.361322580645156
1604988157364,1.0625,0.9375,-9.073187499999996
1604988157397,-0.9090909090909091,-0.48484848484848486,8.790660606060602
1604988157442,0.6222222222222222,0.17777777777777778,-6.446364444444441
1604988157477,-0.7428571428571429,-0.8,8.278765714285711
1604988157508,0.7741935483870968,1.5483870967741935,-9.361090322580644
1604988157540,-0.75,-1.5,9.11185
1604988157572,0.8125,1.1875,-9.16369375
1604988157605,-0.9090909090909091,-1.2727272727272727,8.921187878787878
1604988157636,1.032258064516129,1.6129032258064515,-9.516799999999998
1604988157687,-0.6274509803921569,-1.0980392156862746,5.782113725490197
1604988157721,0.8235294117647058,1.588235294117647,-8.67073529411765
1604988157736,-1.4666666666666666,-3.3333333333333335,19.62890666666668
1604988157764,0.5714285714285714,1.2857142857142858,-10.471135714285722
1604988157796,-0.5625,-0.9375,9.182450000000008
1604988157830,0.5882352941176471,0.6470588235294118,-8.641917647058833
1604988157877,-0.425531914893617,-0.3404255319148936,6.207995744680857
1604988157923,0.43478260869565216,0.13043478260869565,-6.307039130434788
1604988157941,-1.2222222222222223,-0.1111111111111111,15.977677777777789
1604988157972,0.8387096774193549,-0.3225806451612903,-9.281509677419361
1604988158004,-1.0,0.3125,9.031900000000007
1604988158036,1.0625,0.0625,-9.095762500000008
1604988158068,-1.125,-0.5625,9.120681250000008
1604988158100,1.1875,1.0625,-9.143618750000007
1604988158132,-1.1875,-1.5625,9.164275000000007
1604988158165,1.1515151515151516,1.3333333333333333,-8.922030303030311
1604988158197,-1.25,-1.375,9.232168750000008
1604988158229,1.3125,1.625,-9.248681250000008
1604988158278,-0.8163265306122449,-1.1020408163265305,6.051510204081637
1604988158308,1.2,1.6666666666666667,-9.886126666666675
1604988158341,-0.9696969696969697,-1.5151515151515151,8.993078787878794
1604988158372,0.967741935483871,1.6129032258064515,-9.558012903225812
1604988158404,-0.9375,-1.5,9.235881250000004
1604988158437,0.9090909090909091,1.5151515151515151,-8.931654545454547
1604988158469,-0.9375,-1.5,9.20730625
1604988158500,0.967741935483871,1.6129032258064515,-9.505954838709677
1604988158532,-0.9375,-1.5625,9.2200875
1604988158564,1.0,1.6875,-9.23315
1604988158597,-1.0303030303030303,-1.6363636363636365,8.963848484848485
1604988158630,1.0303030303030303,1.696969696969697,-8.959721212121213
1604988158678,-0.6666666666666666,-1.125,6.149479166666668
1604988158710,0.9375,1.625,-9.210000000000003
1604988158741,-0.9032258064516129,-1.5483870967741935,9.498980645161293
1604988158772,0.8387096774193549,1.4838709677419355,-9.4891935483871
1604988158804,-0.75,-1.3125,9.2014875
1604988158836,0.6875,1.375,-9.200687499999999
1604988158868,-0.625,-1.3125,9.2168625
1604988158900,0.625,1.4375,-9.210225000000001
1604988158932,-0.6875,-1.375,9.218118750000002
1604988158964,0.75,1.5625,-9.213618750000002
1604988158996,-0.75,-1.5625,9.226606250000001
1604988159029,0.6666666666666666,1.6363636363636365,-8.959715151515153
1604988159077,-0.4166666666666667,-1.0416666666666667,6.188812500000001
1604988159109,0.625,1.625,-9.292606250000002
1604988159141,-0.6875,-1.5625,9.308906250000003
1604988159172,0.7741935483870968,1.7419354838709677,-9.63012903225807
1604988159204,-0.8125,-1.75,9.347137500000006
1604988159236,0.875,1.8125,-9.329906250000006
1604988159269,-0.8484848484848485,-1.8181818181818181,9.010642424242432
1604988159300,0.967741935483871,2.0,-9.597948387096784
1604988159332,-0.9375,-2.0,9.29670000000001
1604988159365,0.9090909090909091,1.9393939393939394,-9.03401212121213
1604988159397,-0.875,-2.0,9.34806250000001
1604988159429,0.8125,2.0,-9.370675000000011
1604988159478,-0.4897959183673469,-1.3061224489795917,6.119677551020416
1604988159509,0.7096774193548387,2.0,-9.672909677419367
1604988159541,-0.625,-1.9375,9.359506250000013
1604988159573,0.5625,1.9375,-9.365187500000012
1604988159604,-0.7096774193548387,-2.5806451612903225,9.674529032258075
1604988159636,0.875,2.8125,-9.406912500000008
1604988159668,-0.875,-3.0,9.438168750000006
1604988159700,0.8125,2.75,-9.446856250000007
1604988159733,-0.7878787878787878,-2.242424242424242,9.169351515151522
1604988159765,0.8125,2.375,-9.441175000000005
1604988159798,-0.7878787878787878,-2.727272727272727,9.129600000000003
1604988159832,0.7647058823529411,3.0588235294117645,-8.80739411764706
1604988159876,-0.5909090909090909,-2.6363636363636362,6.7986818181818185
1604988159908,0.6875,3.625,-9.36351875
1604988159940,-0.5625,-3.5625,9.312968750000003
1604988159972,0.5,3.3125,-9.238206250000005
1604988160005,-0.48484848484848486,-3.090909090909091,8.919818181818187
1604988160037,0.4375,3.3125,-9.180950000000005
1604988160068,-0.3225806451612903,-3.6774193548387095,9.452206451612906
1604988160100,0.1875,3.375,-9.104656250000001
1604988160132,-0.125,-3.3125,9.034618750000002
1604988160165,0.06060606060606061,3.0303030303030303,-8.753581818181821
1604988160197,0.0,-3.125,8.996031250000005
1604988160230,-0.06060606060606061,3.3333333333333335,-8.769478787878793
1604988160277,0.0425531914893617,-2.765957446808511,6.170706382978725
1604988160308,-0.1935483870967742,4.709677419354839,-9.33733548387097
1604988160341,0.42424242424242425,-5.212121212121212,8.739430303030304
1604988160372,-0.7096774193548387,6.387096774193548,-9.29766451612903
1604988160405,0.7878787878787878,-6.545454545454546,8.73393939393939
1604988160437,-0.8125,6.875,-9.005418749999999
1604988160468,0.8387096774193549,-7.354838709677419,9.301309677419354
1604988160500,-0.8125,7.1875,-9.0315625
1604988160532,0.8125,-7.25,9.036556249999999
1604988160565,-0.7878787878787878,7.151515151515151,-8.773872727272725
1604988160598,0.8484848484848485,-7.212121212121212,8.796987878787874
1604988160644,-0.6521739130434783,5.260869565217392,-6.2939217391304325
1604988160677,0.9696969696969697,-7.2727272727272725,8.764951515151512
1604988160708,-1.096774193548387,7.741935483870968,-9.32429032258064
1604988160741,1.0303030303030303,-7.212121212121212,8.765660606060603
1604988160772,-1.096774193548387,7.741935483870968,-9.318974193548383
1604988160804,1.0625,-7.4375,9.020724999999995
1604988160836,-1.0,7.4375,-9.025349999999994
1604988160868,1.0,-7.375,9.009974999999994
1604988160905,-0.918918918918919,6.378378378378378,-7.7945405405405355
1604988160932,1.3333333333333333,-8.666666666666666,10.707792592592584
1604988160965,-1.1515151515151516,7.090909090909091,-8.776539393939387
1604988160997,1.1875,-7.25,9.052356249999994
1604988161046,-0.7346938775510204,4.775510204081633,-5.893828571428567
1604988161077,1.096774193548387,-7.483870967741935,9.319490322580636
1604988161109,-1.0,7.3125,-9.022668749999992
1604988161141,1.0,-7.25,9.018343749999994
1604988161172,-1.032258064516129,7.548387096774194,-9.318077419354834
1604988161204,1.0,-7.3125,9.047318749999997
1604988161236,-1.0,7.4375,-9.037506249999998
1604988161269,0.9696969696969697,-7.151515151515151,8.782387878787878
1604988161300,-1.096774193548387,7.612903225806452,-9.356238709677418
1604988161333,1.0909090909090908,-7.03030303030303,8.791199999999998
1604988161365,-1.125,7.3125,-9.054012499999997
1604988161397,1.0625,-7.1875,9.042487499999996
1604988161445,-0.6666666666666666,4.791666666666667,-5.994624999999998
1604988161477,1.0,-7.0625,8.961124999999997
1604988161509,-1.0,7.0625,-8.948206249999997
1604988161541,1.0625,-6.9375,8.965874999999997
1604988161572,-1.096774193548387,7.161290322580645,-9.268948387096772
1604988161605,1.0303030303030303,-6.666666666666667,8.708945454545454
1604988161636,-1.096774193548387,7.096774193548387,-9.27509677419355
1604988161669,1.0303030303030303,-6.787878787878788,8.701315151515152
1604988161700,-1.096774193548387,7.290322580645161,-9.251767741935483
1604988161733,1.0303030303030303,-6.848484848484849,8.698660606060605
1604988161765,-1.125,6.6875,-8.974425
1604988161797,1.125,-6.5625,8.969899999999999
1604988161845,-0.6666666666666666,4.458333333333333,-6.014174999999998
1604988161876,1.032258064516129,-7.741935483870968,9.322864516129027
1604988161908,-1.0625,8.0,-9.069737499999993
1604988161958,0.72,-5.04,5.821751999999996
1604988161980,-1.7272727272727273,11.181818181818182,-13.233318181818174
1604988162004,1.6666666666666667,-9.916666666666666,12.11886666666666
1604988162036,-1.375,6.9375,-9.058387499999995
1604988162068,1.5,-6.5625,9.033949999999994
1604988162100,-1.625,6.375,-8.999612499999992
1604988162133,1.696969696969697,-6.0606060606060606,8.677884848484842
1604988162165,-1.75,6.0,-8.916337499999994
1604988162197,1.4375,-6.0,8.961681249999993
1604988162244,-0.8085106382978723,4.170212765957447,-6.137948936170207
1604988162276,1.25,-6.3125,9.031374999999993
1604988162308,-1.4375,6.25,-9.004949999999996
1604988162340,1.5625,-6.4375,8.974324999999995
1604988162373,-1.5757575757575757,6.484848484848484,-8.749442424242417
1604988162405,1.5,-7.125,9.084268749999993
1604988162436,-1.3548387096774193,7.548387096774194,-9.43576129032257
1604988162468,1.3125,-7.5,9.14983124999999
1604988162500,-1.4375,7.375,-9.13373124999999
1604988162532,1.5,-6.875,9.03566249999999
1604988162565,-1.5757575757575757,5.878787878787879,-8.657048484848474
1604988162597,1.75,-5.5625,8.866712499999986
1604988162645,-1.2083333333333333,3.625,-5.91282499999999
1604988162677,1.8125,-5.0625,8.865687499999986
1604988162708,-1.935483870967742,4.451612903225806,-9.154341935483858
1604988162740,2.0625,-3.875,8.85758124999999
1604988162772,-2.25,3.4375,-8.847331249999993
1604988162804,2.375,-3.375,8.815981249999995
1604988162837,-2.3636363636363638,3.212121212121212,-8.51785454545454
1604988162869,2.4375,-3.3125,8.771237499999994
1604988162900,-2.4516129032258065,3.4838709677419355,-9.059122580645157
1604988162933,2.242424242424242,-3.212121212121212,8.50553939393939
1604988162965,-2.25,3.3125,-8.769637499999996
1604988162997,2.25,-3.3125,8.771824999999996
1604988163045,-1.5,2.25,-5.84180833333333
1604988163086,1.7560975609756098,-2.5853658536585367,6.828268292682925
1604988163111,-2.88,4.24,-11.131839999999997
1604988163140,2.4827586206896552,-3.586206896551724,9.578475862068963
1604988163172,-2.25,3.25,-8.673418749999998
1604988163205,2.1818181818181817,-3.090909090909091,8.41521818181818
1604988163236,-2.2580645161290325,3.2903225806451615,-8.954387096774193
1604988163268,2.125,-3.1875,8.676037499999998
1604988163300,-2.125,3.25,-8.672249999999998
1604988163332,2.0625,-3.1875,8.66203125
1604988163365,-1.9393939393939394,3.0303030303030303,-8.383854545454547
1604988163397,2.0,-3.0625,8.643118750000001
1604988163445,-1.3333333333333333,2.0833333333333335,-5.7592083333333335
1604988163477,1.9375,-3.0625,8.652993749999998
1604988163509,-1.875,3.1875,-8.671624999999997
1604988163540,1.935483870967742,-3.2903225806451615,8.964483870967738
1604988163573,-1.8181818181818181,3.1515151515151514,-8.41924242424242
1604988163605,1.875,-3.25,8.656831249999994
1604988163636,-1.935483870967742,3.4838709677419355,-8.892845161290316
1604988163669,1.8181818181818181,-3.212121212121212,8.329133333333324
1604988163702,-1.8181818181818181,3.272727272727273,-8.297884848484838
1604988163733,1.935483870967742,-3.2903225806451615,8.832961290322567
1604988163765,-1.875,3.25,-8.549368749999987
1604988163797,1.875,-3.25,8.562268749999987
1604988163844,-1.2765957446808511,2.297872340425532,-5.837531914893608
1604988163876,1.875,-3.3125,8.590749999999987
1604988163908,-1.875,3.3125,-8.593018749999988
1604988163941,1.878787878787879,-3.212121212121212,8.35163030303029
1604988163972,-2.064516129032258,3.4193548387096775,-8.898638709677405
1604988164004,2.0625,-3.375,8.590268749999986
1604988164036,-2.125,3.375,-8.536693749999985
1604988164068,2.125,-3.4375,8.506006249999984
1604988164100,-2.1875,3.375,-8.517706249999984
1604988164132,2.25,-3.375,8.539681249999983
1604988164166,-2.176470588235294,3.176470588235294,-8.037258823529395
1604988164212,1.6521739130434783,-2.391304347826087,5.920143478260855
1604988164245,-2.4242424242424243,2.909090909090909,-8.236472727272707
1604988164276,2.774193548387097,-2.903225806451613,8.726838709677398
1604988164308,-2.75,2.1875,-8.47542499999998
1604988164340,2.75,-1.75,8.440824999999979
1604988164373,-2.5454545454545454,1.6363636363636365,-8.171096969696947
1604988164404,2.774193548387097,-2.0,8.672116129032235
1604988164437,-2.727272727272727,1.3333333333333333,-8.217351515151492
1604988164468,3.032258064516129,-1.7419354838709677,8.655606451612877
1604988164500,-2.9375,1.3125,-8.429887499999973
1604988164532,2.875,-1.5625,8.42179999999997
1604988164565,-2.727272727272727,1.393939393939394,-8.190357575757547
1604988164613,1.8333333333333333,-1.0416666666666667,5.596887499999981
1604988164644,-2.774193548387097,2.6451612903225805,-8.658761290322552
1604988164676,2.875,-2.625,8.319393749999973
