1604988151973,443,17,128.6772
1604988152004,432,22,12.0417
1604988152037,420,29,12.0939
1604988152068,401,34,24.0425
1604988152100,384,39,14.141
1604988152133,371,43,14.2594
1604988152164,360,45,14.441
1604988152196,350,46,177.7393
1604988152228,340,46,182.4415
1604988152261,334,46,186.2634
1604988152297,327,46,189.554
1604988152341,322,46,191.9608
1604988152373,318,46,193.7892
1604988152404,314,46,195.037
1604988152437,311,45,195.2338
1604988152468,308,46,195.5154
1604988152500,306,46,195.6664
1604988152532,303,46,195.7466
1604988152564,302,48,195.8813
1604988152597,301,48,195.4393
1604988152628,301,49,195.555
1604988152661,301,50,196.0611
1604988152694,300,51,196.3482
1604988152740,299,51,197.0869
1604988152773,299,54,197.5967
1604988152805,299,56,197.4089
1604988152837,299,58,197.3259
1604988152868,299,60,197.5182
1604988152900,299,64,197.3164
1604988152932,299,67,197.3999
1604988152964,299,70,197.722
1604988152997,298,72,198.0271
1604988153030,298,75,198.131
1604988153061,298,77,198.5679
1604988153093,298,78,198.4552
1604988153141,299,79,198.7864
1604988153172,299,81,198.4082
1604988153205,299,84,198.0145
1604988153237,300,89,197.7693
1604988153269,301,98,197.3026
1604988153300,302,109,197.0212
1604988153333,303,123,197.226
1604988153364,304,138,197.444
1604988153396,306,155,198.261
1604988153429,307,173,199.4325
1604988153462,308,189,200.0026
1604988153508,309,204,201.0149
1604988153540,310,218,202.2036
1604988153572,312,232,202.5923
1604988153605,313,246,203.36
1604988153636,315,259,203.5239
1604988153669,316,266,203.9098
1604988153700,317,271,203.1789
1604988153732,319,280,203.2608
1604988153765,320,290,203.2595
1604988153797,321,289,203.1797
1604988153829,324,297,203.0735
1604988153861,324,294,203.1824
1604988153909,325,297,203.1531
1604988153940,326,302,203.5137
1604988153973,328,306,204.2668
1604988154005,328,301,205.7557
1604988154036,329,294,206.216
1604988154068,330,291,206.1229
1604988154101,328,287,206.1038
1604988154132,327,279,205.7128
1604988154164,327,275,204.9193
1604988154196,326,263,204.5389
1604988154228,324,252,204.1453
1604988154262,323,236,203.5016
1604988154308,322,219,202.5041
1604988154341,321,210,201.8989
1604988154373,320,194,201.162
1604988154404,318,179,200.4725
1604988154436,317,165,199.7056
1604988154468,315,150,199.0665
1604988154500,313,137,198.8004
1604988154532,312,124,198.3853
1604988154565,310,113,197.9293
1604988154597,309,103,197.5016
1604988154629,307,94,197.1896
1604988154662,306,85,196.7305
1604988154708,304,78,196.329
1604988154740,303,71,196.0168
1604988154773,302,66,195.5512
1604988154804,301,62,195.768
1604988154836,301,60,195.8301
1604988154868,300,60,195.9377
1604988154900,300,61,195.9544
1604988154933,299,63,196.0227
1604988154964,299,67,196.1881
1604988154997,299,71,196.4449
1604988155029,299,76,196.6093
1604988155061,299,83,197.1077
1604988155109,299,92,197.6367
1604988155140,298,103,198.2031
1604988155172,298,115,199.4567
1604988155205,298,129,200.5012
1604988155236,298,143,201.7819
1604988155268,298,158,202.5211
1604988155300,298,174,203.8154
1604988155332,299,189,205.26
1604988155364,297,199,206.0646
1604988155396,298,213,206.8838
1604988155430,300,228,207.388
1604988155461,303,243,207.9399
1604988155509,304,249,208.2355
1604988155540,308,255,207.9578
1604988155573,309,261,207.7885
1604988155605,310,268,208.1371
1604988155637,314,273,207.738
1604988155668,314,276,208.018
1604988155700,315,278,208.2277
1604988155732,315,282,208.5366
1604988155764,315,281,209.2178
1604988155796,317,279,209.9141
1604988155829,317,276,209.8635
1604988155861,317,274,210.1101
1604988155909,318,268,209.9156
1604988155940,316,261,209.8971
1604988155973,315,260,209.4782
1604988156005,316,247,208.4957
1604988156036,316,244,208.2874
1604988156069,317,240,208.1165
1604988156100,315,224,207.588
1604988156133,315,216,207.2247
1604988156164,315,204,206.572
1604988156196,315,194,206.2289
1604988156229,314,183,205.6704
1604988156262,314,173,204.941
1604988156309,314,163,204.6273
1604988156340,313,154,204.1768
1604988156373,313,146,203.5906
1604988156404,312,138,203.2636
1604988156436,312,130,202.711
1604988156469,311,124,202.4811
1604988156500,311,118,202.0048
1604988156532,310,111,201.6475
1604988156564,310,106,200.9366
1604988156596,310,101,200.1425
1604988156629,310,96,199.3488
1604988156661,310,92,198.5431
1604988156708,310,88,197.9288
1604988156741,309,86,197.46
1604988156772,309,84,197.3754
1604988156820,308,83,197.0149
1604988156845,308,83,196.9439
1604988156868,307,85,196.8702
1604988156900,306,87,196.7484
1604988156932,306,91,196.9216
1604988156965,306,96,197.1393
1604988156996,305,103,197.3449
1604988157029,304,111,197.856
1604988157076,303,122,198.9849
1604988157110,302,133,199.9914
1604988157141,302,146,201.3686
1604988157173,301,159,202.4529
1604988157204,302,173,204.059
1604988157236,302,187,205.3385
1604988157269,303,201,206.3344
1604988157301,304,215,207.2556
1604988157332,305,227,207.7593
1604988157364,306,234,208.1925
1604988157397,309,248,208.5006
1604988157442,311,258,208.8114
1604988157477,314,258,208.9574
1604988157508,316,268,208.8849
1604988157540,318,278,209.5051
1604988157572,321,283,209.2958
1604988157605,322,286,209.667
1604988157636,324,293,209.7274
1604988157687,326,297,209.7213
1604988157721,326,300,209.7566
1604988157736,329,305,209.6062
1604988157764,329,303,210.0767
1604988157796,328,304,210.8705
1604988157830,328,301,211.6709
1604988157877,328,301,211.4466
1604988157923,328,296,212.0483
1604988157941,327,293,211.3872
1604988157972,328,284,210.6618
1604988158004,326,275,210.5834
1604988158036,325,272,209.4832
1604988158068,323,261,208.7817
1604988158100,322,258,207.7132
1604988158132,321,247,206.9752
1604988158165,320,233,205.6521
1604988158197,318,219,204.8302
1604988158229,317,209,203.7441
1604988158278,317,198,202.9411
1604988158308,315,185,202.1082
1604988158341,315,172,201.3692
1604988158372,314,159,200.8668
1604988158404,313,147,199.9893
1604988158437,312,136,199.5136
1604988158469,311,126,198.9825
1604988158500,310,117,198.426
1604988158532,309,108,198.0486
1604988158564,309,101,197.4622
1604988158597,308,94,197.0489
1604988158630,307,88,196.7037
1604988158678,307,83,196.1106
1604988158710,306,77,195.745
1604988158741,306,73,195.2536
1604988158772,305,68,194.9139
1604988158804,305,65,194.7155
1604988158836,304,63,194.5299
1604988158868,304,62,194.6031
1604988158900,304,63,194.7825
1604988158932,303,65,195.0882
1604988158964,303,70,195.4659
1604988158996,303,75,196.0514
1604988159029,302,82,196.4273
1604988159077,302,91,197.4994
1604988159109,302,101,198.4213
1604988159141,301,112,199.604
1604988159172,301,125,200.4622
1604988159204,300,137,201.6076
1604988159236,300,150,203.0287
1604988159269,300,162,203.8469
1604988159300,301,175,204.5725
1604988159332,302,187,205.2771
1604988159365,303,199,205.6677
1604988159397,305,211,206.5661
1604988159429,306,223,207.1027
1604988159478,308,235,207.6406
1604988159509,309,246,208.1805
1604988159541,311,257,208.5424
1604988159573,312,268,208.8134
1604988159604,311,270,209.1966
1604988159636,313,277,209.0244
1604988159668,315,281,209.3523
1604988159700,316,281,209.5412
1604988159733,317,288,209.8747
1604988159765,318,296,210.4437
1604988159798,319,297,210.5923
1604988159832,320,305,211.6536
1604988159876,321,307,212.5602
1604988159908,320,309,213.2215
1604988159940,321,312,213.074
1604988159972,321,311,214.1227
1604988160005,321,312,214.5371
1604988160037,320,315,215.2333
1604988160068,321,314,215.5435
1604988160100,320,310,216.6884
1604988160132,320,307,216.7127
1604988160165,319,301,216.8568
1604988160197,319,295,216.5033
1604988160230,318,294,215.3899
1604988160277,317,283,214.5917
1604988160308,314,280,214.0764
1604988160341,315,264,213.033
1604988160372,312,261,212.0764
1604988160405,311,249,211.116
1604988160437,310,239,210.1789
1604988160468,309,225,209.3254
1604988160500,308,212,208.1372
1604988160532,307,198,207.0289
1604988160565,306,186,205.7366
1604988160598,306,173,204.8257
1604988160644,305,162,204.3049
1604988160677,305,152,203.6456
1604988160708,304,142,203.0815
1604988160741,303,133,202.6243
1604988160772,302,125,202.3564
1604988160804,301,118,201.976
1604988160836,301,111,201.5216
1604988160868,301,105,200.8212
1604988160905,300,99,200.0814
1604988160932,300,94,199.6978
1604988160965,299,89,199.0565
1604988160997,298,85,198.44
1604988161046,298,82,198.2624
1604988161077,297,80,198.1381
1604988161109,297,79,198.1032
1604988161141,297,79,197.9991
1604988161172,297,80,197.7583
1604988161204,297,81,197.8444
1604988161236,297,84,198.0875
1604988161269,297,88,198.6399
1604988161300,296,92,199.08
1604988161333,296,98,199.5532
1604988161365,296,105,200.217
1604988161397,295,114,200.6964
1604988161445,295,123,201.9846
1604988161477,295,134,202.7798
1604988161509,295,145,203.7817
1604988161541,296,158,205.0663
1604988161572,297,171,206.1362
1604988161605,298,185,207.235
1604988161636,299,199,208.2674
1604988161669,300,211,209.1075
1604988161700,301,224,210.1169
1604988161733,302,237,211.2518
1604988161765,302,244,212.3238
1604988161797,302,253,213.3234
1604988161845,304,264,213.5012
1604988161876,306,262,213.8432
1604988161908,307,268,213.5738
1604988161958,309,276,213.7324
1604988161980,310,281,213.8683
1604988162004,312,290,213.8641
1604988162036,312,291,214.3521
1604988162068,314,298,214.4491
1604988162100,314,302,215.0955
1604988162133,316,308,214.9332
1604988162165,318,310,215.2946
1604988162197,315,312,216.3815
1604988162244,316,316,216.6135
1604988162276,318,317,217.1057
1604988162308,317,317,218.0207
1604988162340,318,314,218.4457
1604988162373,318,315,218.0941
1604988162405,316,309,218.725
1604988162436,317,306,218.4499
1604988162468,318,300,218.3178
1604988162500,317,292,218.4433
1604988162532,317,292,216.9997
1604988162565,315,279,217.2854
1604988162597,315,274,216.5972
1604988162645,314,267,215.8686
1604988162677,313,266,215.0832
1604988162708,311,253,214.2565
1604988162740,312,247,213.2588
1604988162772,310,234,212.4251
1604988162804,310,222,211.0898
1604988162837,309,209,210.2656
1604988162869,308,196,209.2366
1604988162900,308,184,208.131
1604988162933,307,173,206.9504
1604988162965,307,162,205.797
1604988162997,307,151,204.6786
1604988163045,307,141,203.706
1604988163086,307,132,202.5095
1604988163111,307,123,202.1445
1604988163140,307,115,201.5194
1604988163172,307,107,201.0075
1604988163205,307,100,200.572
1604988163236,308,93,200.1946
1604988163268,308,86,199.8408
1604988163300,308,80,199.5476
1604988163332,307,75,199.0909
1604988163365,307,69,198.8931
1604988163397,307,64,198.6516
1604988163445,307,60,198.479
1604988163477,306,57,198.5333
1604988163509,306,56,198.2895
1604988163540,306,55,198.2492
1604988163573,306,55,198.2409
1604988163605,306,55,197.8244
1604988163636,306,57,198.0781
1604988163669,306,60,197.9234
1604988163702,306,64,198.2843
1604988163733,306,71,198.641
1604988163765,306,79,199.1187
1604988163797,306,87,199.8028
1604988163844,306,97,200.3012
1604988163876,306,108,201.0696
1604988163908,306,119,201.8017
1604988163941,307,130,202.8474
1604988163972,307,141,203.7661
1604988164004,308,151,204.2002
1604988164036,308,161,205.4915
1604988164068,308,170,206.2918
1604988164100,307,178,206.9049
1604988164132,307,186,207.8696
1604988164166,306,194,208.8358
1604988164212,306,201,209.3319
1604988164245,304,201,210.0895
1604988164276,305,204,210.2113
1604988164308,305,197,209.9923
1604988164340,305,197,209.2197
1604988164373,307,196,208.6772
1604988164404,310,191,207.7294
1604988164437,311,177,205.6131
1604988164468,314,158,202.0724
1604988164500,317,133,197.8154
1604988164532,319,104,193.429
1604988164565,322,73,188.6505
1604988164613,324,40,183.0564
1604988164644,327,23,177.5768
1604988164676,333,5,170.9967
