1604989319655,-1.5625,0.9375,0.0
1604989319686,1.8064516129032258,-1.1612903225806452,0.0
1604989319718,-1.6875,1.125,0.0
1604989319751,1.696969696969697,-1.2727272727272727,0.0
1604989319783,-1.5,1.3125,0.0
1604989319814,1.6774193548387097,-1.4838709677419355,0.0
1604989319846,-1.4375,1.5625,0.0
1604989319878,1.5625,-1.5625,0.0
1604989319910,-1.5,1.5,0.0
1604989319942,1.5625,-1.5,0.0
1604989319990,-1.0416666666666667,0.875,0.0
1604989320022,1.6875,-1.25,0.0
1604989320054,-1.6875,1.1875,5.15919375
1604989320086,1.5,-1.5625,-13.2970125
1604989320118,-1.1875,1.5625,-13.2970125
1604989320150,1.25,-1.4375,11.157650000000004
1604989320182,-1.1875,1.375,-19.311431250000005
1604989320214,1.3125,-1.5,19.309543750000003
1604989320246,-1.375,1.6875,-19.309118750000003
1604989320278,1.5,-1.6875,19.303781250000007
1604989320310,-1.4375,1.625,19.303781250000007
1604989320343,1.393939393939394,-1.4545454545454546,19.303781250000007
1604989320390,-0.8936170212765957,1.1063829787234043,19.303781250000007
1604989320423,1.3333333333333333,-1.3333333333333333,19.303781250000007
1604989320455,-1.375,1.5,19.303781250000007
1604989320485,1.5333333333333334,-1.2666666666666666,19.303781250000007
1604989320518,-1.393939393939394,1.3333333333333333,19.303781250000007
1604989320567,0.9387755102040817,-0.8979591836734694,19.303781250000007
1604989320595,-1.6428571428571428,1.6428571428571428,19.303781250000007
1604989320614,2.4210526315789473,-2.736842105263158,19.303781250000007
1604989320646,-1.5,1.5,19.303781250000007
1604989320679,1.4545454545454546,-1.5151515151515151,19.303781250000007
1604989320710,-1.6129032258064515,1.3548387096774193,-27.234438709677427
1604989320744,1.2941176470588236,-1.4705882352941178,15.262688235294123
1604989320790,-0.8695652173913043,1.0869565217391304,-11.31300434782609
1604989320822,1.25,-2.125,16.268525000000004
1604989320853,-1.3548387096774193,2.3225806451612905,-16.84167096774194
1604989320886,1.3333333333333333,-1.5757575757575757,15.80825454545455
1604989320918,-1.4375,0.9375,-16.29873750000001
1604989320950,1.3125,-1.0,16.31772500000001
1604989320982,-1.375,1.25,-16.305225000000007
1604989321014,1.5625,-1.3125,16.295193750000006
1604989321046,-2.0,1.125,-16.254818750000005
1604989321078,2.4375,-0.8125,16.130356250000006
1604989321112,-2.411764705882353,0.6470588235294118,-15.161805882352947
1604989321142,2.6666666666666665,-1.0,17.242293333333343
1604989321190,-1.7083333333333333,0.9166666666666666,-10.821304166666671
1604989321221,2.7096774193548385,-1.7419354838709677,16.73104516129033
1604989321254,-2.303030303030303,1.696969696969697,-15.689800000000002
1604989321285,2.129032258064516,-1.8064516129032258,16.624038709677418
1604989321320,-1.8285714285714285,1.7142857142857142,-14.618645714285712
1604989321349,2.0,-2.2758620689655173,17.605951724137928
1604989321381,-1.25,2.375,-16.115724999999998
1604989321415,0.9411764705882353,-2.411764705882353,15.249011764705884
1604989321446,-1.5483870967741935,2.7096774193548385,-16.68355483870968
1604989321479,1.878787878787879,-2.606060606060606,15.59921212121212
1604989321511,-1.9375,2.8125,-16.08391875
1604989321543,1.9375,-2.8125,16.0983
1604989321590,-1.446808510638298,1.872340425531915,-10.900927659574467
1604989321622,2.375,-2.75,15.859150000000001
1604989321654,-2.5625,2.625,-15.768493750000003
1604989321686,2.5625,-2.4375,15.626450000000004
1604989321717,-2.7096774193548385,2.0,-16.06766451612904
1604989321750,2.4242424242424243,-1.7575757575757576,15.089769696969704
1604989321781,-2.5806451612903225,2.064516129032258,-16.277051612903236
1604989321814,2.727272727272727,-1.9393939393939394,15.260472727272736
1604989321846,-3.3125,2.0625,-15.642550000000009
1604989321878,3.4375,-2.4375,15.60638750000001
1604989321911,-3.3333333333333335,2.484848484848485,-15.11381818181819
1604989321942,3.6129032258064515,-3.161290322580645,16.03596774193549
1604989321991,-2.2857142857142856,2.5714285714285716,16.03596774193549
1604989322024,3.272727272727273,-4.545454545454546,16.03596774193549
1604989322054,-3.3333333333333335,5.266666666666667,16.03596774193549
1604989322086,3.0,-5.25,16.03596774193549
1604989322118,-3.0,5.25,16.03596774193549
1604989322150,3.0,-5.1875,16.03596774193549
1604989322182,-3.0,5.25,16.03596774193549
1604989322214,3.0,-5.1875,16.03596774193549
1604989322246,-2.9375,5.25,16.03596774193549
1604989322278,3.125,-5.0625,16.03596774193549
1604989322311,-3.212121212121212,4.787878787878788,16.03596774193549
1604989322357,2.347826086956522,-3.391304347826087,16.03596774193549
1604989322390,-3.3333333333333335,4.787878787878788,16.03596774193549
1604989322422,3.5,-4.9375,16.03596774193549
1604989322454,-3.5,5.0,16.03596774193549
1604989322486,3.5,-5.0,44.877943750000014
1604989322518,-3.375,5.0625,-53.482556250000016
1604989322550,3.125,-5.1875,53.49730000000001
1604989322581,-3.032258064516129,5.548387096774194,-55.22060000000002
1604989322614,3.090909090909091,-4.96969696969697,51.90343030303031
1604989322645,-3.6774193548387095,4.903225806451613,-55.281064516129035
1604989322678,3.6363636363636362,-4.424242424242424,51.96409090909091
1604989322711,-3.4545454545454546,4.666666666666667,-51.96909696969698
1604989322743,3.375,-4.9375,53.57807500000001
1604989322790,-2.297872340425532,3.404255319148936,-36.45428936170214
1604989322822,3.25,-5.0625,53.54182500000002
1604989322854,-2.9375,5.5625,53.54182500000002
1604989322885,3.096774193548387,-5.870967741935484,53.54182500000002
1604989322917,-3.125,6.0625,53.54182500000002
1604989322950,3.1515151515151514,-5.757575757575758,53.54182500000002
1604989322982,-3.125,5.9375,53.54182500000002
1604989323014,3.125,-5.75,53.54182500000002
1604989323050,-2.8333333333333335,5.055555555555555,53.54182500000002
1604989323079,3.586206896551724,-6.275862068965517,53.54182500000002
1604989323111,-3.25,5.5,53.54182500000002
1604989323142,3.2903225806451615,-5.806451612903226,53.54182500000002
1604989323206,-1.5625,2.8125,53.54182500000002
1604989323225,5.052631578947368,-10.105263157894736,53.54182500000002
1604989323255,-3.2,6.6,-64.25558666666669
1604989323285,3.2666666666666666,-6.733333333333333,53.35982666666668
1604989323318,-3.090909090909091,5.818181818181818,-48.514830303030315
1604989323350,3.25,-5.8125,50.00573125000001
1604989323382,-3.25,5.3125,-50.02425000000001
1604989323414,3.25,-5.0,50.020887500000015
1604989323446,-3.3125,5.0,-50.00426250000001
1604989323483,2.864864864864865,-4.486486486486487,43.20824864864866
1604989323510,-3.925925925925926,6.518518518518518,-59.23224444444447
1604989323543,3.090909090909091,-6.0,48.4534181818182
1604989323591,-2.2083333333333335,4.5,-33.24077916666668
1604989323623,3.625,-6.4375,49.74380625000001
1604989323655,-3.9375,5.5625,-49.65739375000001
1604989323686,4.193548387096774,-5.161290322580645,51.14297419354839
1604989323718,-4.1875,4.625,-49.49640000000001
1604989323750,4.375,-4.1875,49.39215000000001
1604989323782,-4.5625,3.8125,-49.353918750000005
1604989323814,4.8125,-3.4375,49.274325000000005
1604989323846,-5.125,3.0,-49.21854375000001
1604989323878,5.375,-2.625,49.18511875
1604989323915,-4.864864864864865,2.0,-42.53714594594595
1604989323958,4.232558139534884,-1.5813953488372092,36.62886976744186
1604989323991,-5.333333333333333,2.5454545454545454,-47.84335757575758
1604989324023,5.3125,-3.5,49.39041875000001
1604989324053,-5.8,4.066666666666666,-52.70132
1604989324086,5.2727272727272725,-3.757575757575758,47.848842424242434
1604989324118,-5.375,4.0,-49.36166875000001
1604989324150,5.1875,-4.25,49.37258750000001
1604989324182,-5.125,4.3125,-49.39825625000002
1604989324213,5.354838709677419,-4.387096774193548,50.93513548387098
1604989324246,-5.090909090909091,4.0,-47.81310303030304
1604989324278,5.25,-4.4375,49.274625000000015
1604989324310,-5.3125,4.3125,-49.25773750000001
1604989324359,3.4693877551020407,-2.7755102040816326,-49.25773750000001
1604989324390,-5.354838709677419,4.32258064516129,-49.25773750000001
1604989324422,5.0625,-4.125,-49.25773750000001
1604989324453,-5.225806451612903,4.129032258064516,-49.25773750000001
1604989324486,4.96969696969697,-3.8181818181818183,-49.25773750000001
1604989324518,-5.125,3.9375,-49.25773750000001
1604989324550,5.0625,-3.9375,-49.25773750000001
1604989324581,-5.161290322580645,4.064516129032258,-49.25773750000001
1604989324618,4.486486486486487,-3.189189189189189,-49.25773750000001
1604989324646,-6.214285714285714,4.0,-49.25773750000001
1604989324678,5.5,-3.375,-49.25773750000001
1604989324710,-5.5,3.375,-49.25773750000001
1604989324759,3.5918367346938775,-2.122448979591837,-49.25773750000001
1604989324790,-5.612903225806452,3.4193548387096775,-49.25773750000001
1604989324821,5.612903225806452,-3.3548387096774195,37.9775806451613
1604989324871,-3.48,2.16,-28.964712000000006
1604989324900,6.068965517241379,-3.6551724137931036,49.9640827586207
1604989324918,-9.666666666666666,6.0,-80.52100000000002
1604989324950,5.4375,-3.4375,45.348037500000004
1604989324981,-5.806451612903226,3.6129032258064515,-46.832477419354845
1604989325014,6.0,-3.3333333333333335,43.97972727272728
1604989325046,-6.75,3.3125,-45.31265000000001
1604989325079,6.848484848484849,-3.212121212121212,43.90389090909092
1604989325111,-6.9375,3.5625,-45.26577500000001
1604989325158,4.595744680851064,-2.5531914893617023,30.82895319148937
1604989325191,-6.484848484848484,3.8181818181818183,-43.901600000000016
1604989325222,6.903225806451613,-3.935483870967742,46.73181935483873
1604989325254,-6.5625,3.8125,46.73181935483873
1604989325286,6.5625,-3.4375,46.73181935483873
1604989325317,-6.645161290322581,3.5483870967741935,46.73181935483873
1604989325350,6.242424242424242,-3.1515151515151514,46.73181935483873
1604989325382,-6.25,3.25,46.73181935483873
1604989325415,5.9393939393939394,-3.0303030303030303,46.73181935483873
1604989325447,-6.125,3.125,46.73181935483873
1604989325479,6.25,-3.125,46.73181935483873
1604989325510,-6.516129032258065,3.161290322580645,46.73181935483873
1604989325557,4.297872340425532,-2.3404255319148937,46.73181935483873
1604989325589,-6.3125,3.625,46.73181935483873
1604989325622,6.181818181818182,-3.757575757575758,46.73181935483873
1604989325654,-6.4375,3.4375,-51.40581250000001
1604989325686,6.3125,-3.0,41.30925000000001
1604989325718,-6.3125,2.6875,-41.26045000000001
1604989325750,6.3125,-2.875,41.19472500000001
1604989325782,-6.3125,3.3125,-41.181243750000014
1604989325814,6.25,-3.6875,41.13627500000001
1604989325846,-6.25,3.3125,-41.15276875000002
1604989325879,5.9393939393939394,-2.787878787878788,39.92594545454548
1604989325910,-6.258064516129032,2.903225806451613,-42.512645161290344
1604989325959,3.795918367346939,-2.0816326530612246,26.946742857142873
1604989325990,-5.806451612903226,4.129032258064516,-42.660812903225825
1604989326023,5.2727272727272725,-4.484848484848484,40.00697575757577
1604989326059,-4.666666666666667,4.111111111111111,-36.742566666666676
1604989326087,5.714285714285714,-5.214285714285714,47.253092857142875
1604989326118,-5.032258064516129,4.709677419354839,-42.74173548387099
1604989326149,4.903225806451613,-4.774193548387097,42.85552258064517
1604989326182,-4.363636363636363,4.7272727272727275,-40.3393090909091
1604989326214,4.3125,-5.0625,41.64941875000001
1604989326246,-4.375,4.9375,-41.683456250000006
1604989326280,4.352941176470588,-4.235294117647059,39.19428235294119
1604989326311,-4.967741935483871,4.580645161290323,-42.938187096774215
1604989326359,3.2083333333333335,-3.375,27.743612500000012
1604989326391,-4.875,5.6875,-41.69215000000001
1604989326423,4.875,-6.25,41.71146875000001
1604989326455,-5.0,6.4375,-41.76960000000001
1604989326486,5.096774193548387,-6.516129032258065,43.12589032258066
1604989326518,-4.875,6.25,-41.82532500000001
1604989326550,4.9375,-6.125,41.784262500000004
1604989326583,-4.909090909090909,5.696969696969697,-40.47074545454546
1604989326614,5.290322580645161,-5.870967741935484,43.00283225806452
1604989326646,-5.375,4.9375,-41.61115625000001
1604989326678,5.6875,-4.375,41.589681250000005
1604989326710,-5.875,4.125,41.589681250000005
1604989326758,3.9166666666666665,-2.875,41.589681250000005
1604989326790,-5.875,4.3125,41.589681250000005
1604989326822,5.875,-4.25,41.589681250000005
1604989326854,-5.8125,4.25,41.589681250000005
1604989326885,6.0,-4.387096774193548,41.589681250000005
1604989326918,-5.636363636363637,4.181818181818182,41.589681250000005
1604989326950,5.8125,-4.3125,41.589681250000005
1604989326982,-5.8125,4.375,41.589681250000005
1604989327014,5.9375,-4.0625,41.589681250000005
1604989327046,-6.1875,3.6875,41.589681250000005
1604989327079,6.121212121212121,-3.393939393939394,41.589681250000005
1604989327125,-4.173913043478261,2.4782608695652173,41.589681250000005
1604989327158,5.575757575757576,-3.393939393939394,41.589681250000005
1604989327190,-5.6875,3.5,41.589681250000005
1604989327221,5.870967741935484,-3.5483870967741935,73.57175483870968
1604989327254,-5.515151515151516,3.090909090909091,-77.60492121212123
1604989327285,6.064516129032258,-2.774193548387097,82.59725161290322
1604989327317,-5.875,2.4375,-79.99995625
1604989327349,5.625,-2.3125,80.02014375
1604989327382,-5.03030303030303,2.242424242424242,-77.60144242424242
1604989327414,5.0,-2.25,80.0163125
1604989327446,-5.0,2.125,-79.96711875000001
1604989327479,4.7272727272727275,-2.0606060606060606,77.51502424242426
1604989327525,-3.347826086956522,1.565217391304348,-55.604395652173935
1604989327558,4.7272727272727275,-2.303030303030303,77.52643636363639
1604989327590,-4.9375,2.625,-79.95113125000003
1604989327622,5.1875,-2.5,79.93513750000002
1604989327654,-5.3125,2.4375,-79.88443750000003
1604989327686,5.3125,-2.3125,-79.88443750000003
1604989327718,-5.1875,2.4375,-79.88443750000003
1604989327749,5.419354838709677,-2.4516129032258065,-79.88443750000003
1604989327781,-5.1875,2.5,-79.88443750000003
1604989327814,5.090909090909091,-2.3636363636363638,-79.88443750000003
1604989327847,-5.03030303030303,2.3636363636363638,-79.88443750000003
1604989327879,5.125,-2.3125,-79.88443750000003
1604989327926,-3.404255319148936,1.6170212765957446,-79.88443750000003
1604989327958,4.9375,-2.375,-79.88443750000003
1604989327990,-4.9375,2.3125,-79.88443750000003
1604989328022,4.9375,-2.4375,-79.88443750000003
1604989328054,-5.0,2.4375,-79.88443750000003
1604989328086,5.0625,-2.5,-79.88443750000003
1604989328117,-5.354838709677419,2.193548387096774,-54.43305806451617
1604989328150,5.090909090909091,-1.9393939393939394,41.315890909090946
1604989328182,-5.25,1.9375,-42.575206250000036
1604989328214,5.125,-2.0625,42.57447500000004
1604989328247,-4.909090909090909,2.0,-41.296860606060655
1604989328279,5.0,-2.0625,42.56589375000004
1604989328327,-3.2916666666666665,1.1666666666666667,-28.371158333333366
1604989328359,4.8125,-1.375,42.53284375000004
1604989328389,-5.133333333333334,1.1333333333333333,-45.35590000000005
1604989328422,4.606060606060606,-0.9696969696969697,41.20018181818186
1604989328454,-4.6875,0.875,-42.49740625000004
1604989328485,4.838709677419355,-0.5161290322580645,43.879729032258105
1604989328518,-4.666666666666667,0.24242424242424243,-41.21388484848488
1604989328549,5.032258064516129,-0.25806451612903225,43.83087741935487
1604989328582,-4.7272727272727275,0.18181818181818182,-41.21786060606064
1604989328614,4.8125,-0.125,42.58761875000003
1604989328647,-4.666666666666667,-0.06060606060606061,-41.31664242424246
1604989328695,3.1666666666666665,0.20833333333333334,28.38270833333336
1604989328725,-5.066666666666666,-0.3333333333333333,-45.435713333333375
1604989328757,4.6875,0.125,42.593387500000034
1604989328790,-4.484848484848484,0.12121212121212122,-41.33700606060609
1604989328822,4.6875,-0.4375,42.61231250000004
1604989328854,-4.75,0.625,-42.589306250000035
1604989328886,4.6875,-0.5,42.57666875000004
1604989328918,-4.6875,0.3125,-42.57026250000004
1604989328949,4.838709677419355,-0.3225806451612903,43.90961290322585
1604989328982,-4.484848484848484,0.5454545454545454,-41.247806060606095
1604989329014,4.5,-0.5,42.50795000000004
1604989329050,-4.055555555555555,-0.16666666666666666,-37.804855555555584
1604989329095,3.2888888888888888,0.4888888888888889,30.238520000000022
1604989329126,-4.903225806451613,-1.1612903225806452,-43.92871612903229
1604989329157,4.967741935483871,1.2903225806451613,43.91318064516132
1604989329190,-4.7272727272727275,-1.393939393939394,-41.26720000000003
1604989329221,5.032258064516129,1.3548387096774193,43.933548387096806
1604989329254,-4.7272727272727275,-1.2727272727272727,-41.290539393939426
1604989329286,4.875,1.25,42.59766875000003
1604989329318,-4.9375,-1.1875,42.59766875000003
1604989329354,4.444444444444445,1.0,42.59766875000003
1604989329382,-5.785714285714286,-1.2857142857142858,42.59766875000003
1604989329413,5.290322580645161,1.2258064516129032,42.59766875000003
1604989329447,-4.9411764705882355,-1.1764705882352942,42.59766875000003
1604989329495,3.5416666666666665,0.875,42.59766875000003
1604989329527,-5.3125,-1.375,42.59766875000003
1604989329558,5.483870967741935,1.4838709677419355,42.59766875000003
1604989329589,-5.419354838709677,-1.5483870967741935,42.59766875000003
1604989329622,5.151515151515151,1.6363636363636365,42.59766875000003
1604989329653,-5.612903225806452,-1.8709677419354838,42.59766875000003
1604989329686,5.2727272727272725,1.878787878787879,42.59766875000003
1604989329717,-5.419354838709677,-2.064516129032258,42.59766875000003
1604989329750,5.03030303030303,2.0,42.59766875000003
1604989329782,-5.125,-1.9375,42.59766875000003
1604989329814,5.125,2.0,42.59766875000003
1604989329847,-4.909090909090909,-2.0606060606060606,-53.39340000000004
1604989329895,3.375,1.6666666666666667,31.14628333333336
1604989329926,-5.225806451612903,-2.838709677419355,-48.24297419354843
1604989329958,5.125,2.8125,46.81681250000004
1604989329991,-5.03030303030303,-2.4242424242424243,-45.43079393939398
1604989330022,5.483870967741935,2.4516129032258065,48.39720645161293
1604989330053,-5.612903225806452,-2.5806451612903225,-48.36283870967745
1604989330086,5.333333333333333,2.727272727272727,45.426412121212145
1604989330118,-5.5,-2.875,-46.86741250000003
1604989330150,5.5,2.8125,46.88296875000003
1604989330182,-5.5,-2.75,-46.872312500000035
1604989330215,5.333333333333333,2.606060606060606,45.42124848484852
1604989330247,-5.4375,-2.625,-46.808118750000034
1604989330295,3.6666666666666665,1.875,31.22433750000002
1604989330328,-5.333333333333333,-2.6666666666666665,31.22433750000002
1604989330360,5.5,2.8125,31.22433750000002
1604989330390,-5.8,-2.8,31.22433750000002
1604989330422,5.5625,2.6875,31.22433750000002
1604989330455,-5.333333333333333,-2.484848484848485,31.22433750000002
1604989330485,5.8,2.8,31.22433750000002
1604989330517,-5.3125,-2.5,31.22433750000002
1604989330550,5.090909090909091,2.4242424242424243,31.22433750000002
1604989330582,-5.1875,-2.5625,31.22433750000002
1604989330614,5.1875,2.5625,31.22433750000002
1604989330648,-4.882352941176471,-2.588235294117647,31.22433750000002
1604989330694,3.608695652173913,1.826086956521739,31.22433750000002
1604989330726,-5.3125,-2.6875,31.22433750000002
1604989330757,5.612903225806452,2.7096774193548385,75.77807096774195
1604989330794,-4.8108108108108105,-2.27027027027027,-72.15570270270273
1604989330822,6.214285714285714,2.5,95.36443571428575
1604989330854,-5.3125,-2.4375,-83.47207500000003
1604989330886,5.1875,2.8125,83.43458125000004
1604989330918,-5.125,-3.125,-83.40698125000003
1604989330950,5.0,3.4375,83.36880000000002
1604989330982,-5.0,-3.5625,-83.35181875000004
1604989331014,5.0625,3.375,83.31666875000002
1604989331047,-5.090909090909091,-3.272727272727273,-80.80940000000002
1604989331095,3.5416666666666665,2.5,55.55998750000001
1604989331125,-5.6,-4.133333333333334,-88.91685333333336
1604989331157,5.125,3.5625,83.34113750000003
1604989331190,-4.909090909090909,-3.212121212121212,-80.84064848484851
1604989331221,5.161290322580645,3.5483870967741935,86.0635419354839
1604989331254,-4.909090909090909,-3.8181818181818183,-80.88026666666669
1604989331286,5.125,4.375,83.40405625000001
1604989331318,-5.125,-4.6875,-83.42906875000001
1604989331350,5.1875,4.8125,83.41446875000003
1604989331382,-5.3125,-4.75,-83.39667500000002
1604989331414,5.3125,5.0,83.39399375000002
1604989331446,-5.3125,-5.75,-83.42105625000002
1604989331495,3.4693877551020407,4.163265306122449,54.473775510204106
1604989331526,-5.548387096774194,-6.580645161290323,-86.13710967741937
1604989331558,5.25,5.875,83.44452500000003
1604989331590,-5.125,-5.75,-83.48239375000001
1604989331621,5.096774193548387,6.0,86.17641290322582
1604989331655,-4.470588235294118,-5.235294117647059,-78.58280588235296
1604989331686,4.709677419354839,5.225806451612903,86.1457870967742
1604989331718,-4.5625,-5.0,-83.42726875000001
1604989331750,4.5,4.9375,83.41568125
1604989331782,-4.5,-4.9375,-83.42079375
1604989331815,4.363636363636363,4.787878787878788,80.88065454545455
1604989331847,-4.4375,-4.9375,-83.38288125
1604989331894,3.021276595744681,3.276595744680851,-83.38288125
1604989331926,-4.4375,-4.75,-83.38288125
1604989331959,4.303030303030303,4.666666666666667,-83.38288125
1604989331990,-4.580645161290323,-4.967741935483871,-83.38288125
1604989332021,4.580645161290323,4.967741935483871,-83.38288125
1604989332054,-4.242424242424242,-4.787878787878788,-83.38288125
1604989332085,4.451612903225806,5.225806451612903,-83.38288125
1604989332118,-4.242424242424242,-4.848484848484849,-83.38288125
1604989332150,4.6875,4.9375,-83.38288125
1604989332183,-4.7272727272727275,-4.787878787878788,-83.38288125
1604989332215,4.875,5.0,-83.38288125
1604989332246,-4.967741935483871,-5.161290322580645,-83.38288125
1604989332294,3.2083333333333335,3.4166666666666665,-83.38288125
1604989332327,-4.666666666666667,-5.03030303030303,-52.83662424242424
1604989332357,5.2,5.6,48.89668666666667
1604989332390,-4.7272727272727275,-5.03030303030303,-44.42867878787878
1604989332422,4.9375,5.4375,45.818124999999995
1604989332453,-5.161290322580645,-6.064516129032258,-47.28199999999999
1604989332485,5.0625,6.25,45.79915624999999
1604989332517,-5.0625,-6.25,-45.780937499999986
1604989332550,4.96969696969697,5.9393939393939394,44.38926666666665
1604989332582,-5.125,-6.0625,-45.76772499999998
1604989332616,4.823529411764706,5.9411764705882355,43.10780588235292
1604989332647,-5.290322580645161,-6.774193548387097,-47.30087741935481
1604989332698,3.176470588235294,4.313725490196078,28.762760784313713
1604989332725,-5.703703703703703,-8.444444444444445,-54.32385925925924
1604989332758,4.606060606060606,7.03030303030303,44.474545454545435
1604989332790,-4.8125,-7.125,-45.89546249999998
1604989332823,4.787878787878788,6.96969696969697,44.52697575757574
1604989332854,-5.161290322580645,-7.290322580645161,44.52697575757574
1604989332885,5.354838709677419,7.225806451612903,44.52697575757574
1604989332918,-5.03030303030303,-6.606060606060606,44.52697575757574
1604989332950,5.25,6.9375,44.52697575757574
1604989332983,-5.090909090909091,-6.666666666666667,44.52697575757574
1604989333015,5.375,7.0,44.52697575757574
1604989333062,-3.702127659574468,-4.723404255319149,44.52697575757574
1604989333093,5.67741935483871,7.096774193548387,44.52697575757574
1604989333126,-5.333333333333333,-6.7272727272727275,44.52697575757574
1604989333158,5.4375,6.9375,44.52697575757574
1604989333190,-5.4375,-7.125,44.52697575757574
1604989333222,5.4375,7.125,44.52697575757574
1604989333254,-5.5625,-7.5625,44.52697575757574
1604989333285,5.806451612903226,8.129032258064516,44.52697575757574
1604989333318,-5.454545454545454,-7.696969696969697,-50.78009696969695
1604989333351,5.333333333333333,7.090909090909091,41.09618787878786
1604989333382,-5.548387096774194,-7.290322580645161,-43.71687096774191
1604989333415,5.090909090909091,6.666666666666667,41.044169696969675
1604989333447,-5.25,-6.75,-42.34583749999997
1604989333499,3.1923076923076925,4.346153846153846,26.062557692307678
1604989333525,-6.461538461538462,-9.384615384615385,-52.14722307692304
1604989333557,5.375,8.0625,42.39427499999998
1604989333589,-5.625,-8.25,-42.37828749999998
1604989333621,5.6875,8.3125,42.371706249999974
1604989333654,-5.575757575757576,-8.303030303030303,-41.15172727272725
1604989333686,5.875,8.9375,42.40899374999997
1604989333718,-6.0,-9.1875,-42.43008124999997
1604989333750,6.0,9.1875,42.45453749999997
1604989333786,-5.333333333333333,-8.0,-37.792949999999976
1604989333814,6.785714285714286,9.857142857142858,48.631249999999966
1604989333847,-5.696969696969697,-8.06060606060606,-41.319842424242395
1604989333895,3.9583333333333335,5.666666666666667,28.39540416666664
1604989333928,-5.9393939393939394,-8.666666666666666,-41.2645333333333
1604989333957,6.827586206896552,10.206896551724139,46.944841379310304
1604989333990,-5.9393939393939394,-9.151515151515152,-41.278781818181784
1604989334021,6.193548387096774,9.67741935483871,43.93459354838706
1604989334054,-5.757575757575758,-9.030303030303031,-41.276624242424205
1604989334086,5.875,9.625,42.53338749999996
1604989334118,-5.9375,-10.0625,-42.54685624999996
1604989334152,5.588235294117647,9.647058823529411,40.02938235294113
1604989334183,-6.0,-10.580645161290322,-43.92723870967737
1604989334215,5.625,10.0,42.54609999999995
1604989334262,-3.9148936170212765,-6.9361702127659575,-28.966144680851034
1604989334295,5.636363636363637,9.878787878787879,41.2248242424242
1604989334325,-6.2,-10.933333333333334,-45.29832666666662
1604989334359,5.470588235294118,9.529411764705882,-45.29832666666662
1604989334389,-6.266666666666667,-10.733333333333333,-45.29832666666662
1604989334421,5.8125,10.0625,-45.29832666666662
1604989334455,-5.411764705882353,-9.411764705882353,-45.29832666666662
1604989334487,5.6875,9.9375,-45.29832666666662
1604989334519,-5.5625,-10.0625,-45.29832666666662
1604989334551,5.5625,10.1875,-45.29832666666662
1604989334583,-5.625,-10.25,-45.29832666666662
1604989334615,5.875,10.4375,-45.29832666666662
1604989334679,-3.0,-5.25,-45.29832666666662
1604989334713,5.882352941176471,9.823529411764707,-45.29832666666662
1604989334727,-15.0,-23.142857142857142,-45.29832666666662
1604989334758,6.903225806451613,10.193548387096774,-45.29832666666662
1604989334790,-6.6875,-9.4375,-45.29832666666662
1604989334821,6.903225806451613,9.935483870967742,31.01101935483866
1604989334859,-5.578947368421052,-8.526315789473685,-32.32898421052627
1604989334886,7.851851851851852,11.925925925925926,45.573955555555486
1604989334917,-6.774193548387097,-10.0,-39.688129032258004
1604989334950,6.303030303030303,9.212121212121213,37.256278787878735
1604989334983,-6.242424242424242,-9.090909090909092,-37.18980606060601
1604989335015,6.5,9.5,38.332981249999946
1604989335063,-4.375,-6.291666666666667,-25.54989166666663
1604989335095,6.625,9.3125,38.359987499999946
1604989335126,-6.838709677419355,-9.35483870967742,-39.60373548387091
1604989335158,6.625,8.625,38.40017499999995
1604989335190,-6.625,-8.0,-38.38785624999994
1604989335222,6.6875,7.8125,38.33591874999995
1604989335254,-6.6875,-8.5625,-38.30059374999995
1604989335286,6.75,9.0,38.31868749999994
1604989335318,-6.875,-8.5625,-38.32519999999994
1604989335351,6.7272727272727275,8.242424242424242,37.17286060606055
1604989335383,-6.875,-8.125,37.17286060606055
1604989335415,7.0,8.125,37.17286060606055
1604989335464,-4.653061224489796,-5.183673469387755,37.17286060606055
1604989335495,7.612903225806452,8.129032258064516,37.17286060606055
1604989335527,-7.4375,-7.75,37.17286060606055
1604989335558,7.741935483870968,8.129032258064516,37.17286060606055
1604989335590,-7.5625,-7.9375,37.17286060606055
1604989335621,7.806451612903226,8.193548387096774,37.17286060606055
1604989335654,-7.333333333333333,-7.696969696969697,37.17286060606055
1604989335685,7.870967741935484,8.129032258064516,37.17286060606055
1604989335719,-7.176470588235294,-7.470588235294118,37.17286060606055
1604989335750,7.870967741935484,8.064516129032258,37.17286060606055
1604989335782,-7.625,-7.875,37.17286060606055
1604989335832,4.84,4.84,37.17286060606055
1604989335862,-8.066666666666666,-7.933333333333334,37.17286060606055
1604989335894,7.5625,7.1875,37.17286060606055
1604989335926,-7.5625,-7.25,-46.15691249999995
1604989335958,7.4375,6.8125,36.83173124999995
1604989335990,-7.4375,-6.3125,-36.844906249999944
1604989336022,7.3125,6.3125,36.851412499999945
1604989336054,-7.375,-6.625,-36.84969374999994
1604989336087,7.151515151515151,6.545454545454546,35.661606060606005
1604989336119,-7.3125,-6.5,-36.80161874999995
1604989336151,7.1875,6.0,36.77230624999996
1604989336182,-7.354838709677419,-6.0,-38.018251612903185
1604989336229,4.851063829787234,3.9574468085106385,25.08530212765955
1604989336261,-7.125,-5.8125,-36.87226874999997
1604989336294,6.909090909090909,5.636363636363637,35.74846666666664
1604989336326,-7.125,-5.75,-36.88041249999997
1604989336358,7.125,5.6875,36.887931249999966
1604989336390,-7.1875,-5.4375,-36.893218749999974
1604989336422,7.25,5.0625,36.889937499999974
1604989336454,-7.25,-4.875,-36.90344374999998
1604989336485,7.419354838709677,4.838709677419355,38.08421290322578
1604989336519,-6.764705882352941,-3.823529411764706,-34.736158823529394
1604989336550,7.354838709677419,3.5483870967741935,38.068322580645145
1604989336583,-6.848484848484849,-3.272727272727273,-35.75873333333332
1604989336630,4.723404255319149,2.0425531914893615,25.10466808510637
1604989336662,-6.9375,-2.6875,-36.90054999999998
1604989336694,7.0,2.6875,36.892818749999975
1604989336726,-7.125,-2.8125,36.892818749999975
1604989336758,7.125,2.625,36.892818749999975
1604989336790,-7.125,-2.6875,36.892818749999975
1604989336821,7.354838709677419,2.774193548387097,36.892818749999975
1604989336858,-6.216216216216216,-2.4864864864864864,36.892818749999975
1604989336886,8.214285714285714,3.357142857142857,36.892818749999975
1604989336917,-7.419354838709677,-3.096774193548387,36.892818749999975
1604989336950,6.96969696969697,3.0303030303030303,36.892818749999975
1604989336983,-6.909090909090909,-3.1515151515151514,36.892818749999975
1604989337030,4.808510638297872,2.25531914893617,36.892818749999975
1604989337061,-7.225806451612903,-3.4193548387096775,36.892818749999975
1604989337093,7.1875,3.5,36.892818749999975
1604989337125,-7.375,-3.625,36.892818749999975
1604989337158,7.151515151515151,3.515151515151515,36.892818749999975
1604989337189,-7.548387096774194,-3.7419354838709675,36.892818749999975
1604989337222,7.090909090909091,3.6363636363636362,36.892818749999975
1604989337253,-7.548387096774194,-3.870967741935484,36.892818749999975
1604989337285,7.375,3.75,66.00626249999996
1604989337318,-7.212121212121212,-3.515151515151515,-72.0736424242424
1604989337350,7.5625,3.625,74.38775624999995
1604989337383,-7.393939393939394,-3.4545454545454546,-72.13993939393936
1604989337429,5.304347826086956,2.608695652173913,51.73831304347823
1604989337462,-7.333333333333333,-3.8181818181818183,-72.07391515151511
1604989337494,7.5,4.1875,74.33406249999996
1604989337526,-7.4375,-4.125,-74.35938749999994
1604989337558,7.5,4.125,74.42583749999994
1604989337590,-7.5,-4.0625,-74.44703749999994
1604989337621,7.806451612903226,4.129032258064516,76.8549225806451
1604989337654,-7.393939393939394,-4.0,-72.15401212121208
1604989337686,7.6875,4.375,74.37320624999995
1604989337718,-7.6875,-4.4375,-74.36034999999995
1604989337750,7.625,4.375,74.38107499999995
1604989337783,-7.454545454545454,-4.181818181818182,-72.12346060606055
1604989337831,5.083333333333333,2.7916666666666665,49.55764583333329
1604989337862,-7.67741935483871,-4.258064516129032,-76.69578064516124
1604989337894,7.3125,4.125,74.26597499999994
1604989337926,-7.1875,-4.0,-74.28303749999993
1604989337958,7.0625,3.75,74.31771874999994
1604989337990,-7.0,-3.5625,-74.34035624999994
1604989338023,6.787878787878788,3.515151515151515,72.0896545454545
1604989338054,-7.225806451612903,-4.0,-76.72547096774187
1604989338086,6.875,4.0,74.33158749999994
1604989338118,-6.5625,-3.8125,-74.37614374999995
1604989338150,6.5,3.25,74.37931874999995
1604989338183,-6.242424242424242,-3.0303030303030303,-72.17150303030297
1604989338230,4.382978723404255,2.0,-72.17150303030297
1604989338263,-6.242424242424242,-3.1515151515151514,-72.17150303030297
1604989338303,5.2,2.5,-72.17150303030297
1604989338327,-8.833333333333334,-4.416666666666667,-72.17150303030297
1604989338357,7.133333333333334,3.3333333333333335,-72.17150303030297
