1604923206493,445,109,229.8657
1604923206524,421,120,198.4315
1604923206557,433,119,131.2751
1604923206590,423,168,121.6224
1604923206957,271,226,119.384
1604923207132,268,227,120.8367
1604923207196,273,229,119.9278
1604923207228,276,229,119.8722
1604923207260,280,227,119.6052
1604923207325,289,226,118.4898
1604923207438,298,220,120.6543
1604923207470,298,217,121.9925
1604923207532,296,215,123.666
1604923207596,290,216,126.5043
1604923207629,286,216,127.9779
1604923207660,282,215,129.9487
1604923207693,277,212,131.4333
1604923207725,276,213,132.4587
1604923207757,275,215,134.4335
1604923207790,274,214,135.1768
1604923207837,272,215,136.1291
1604923207869,270,214,137.5493
1604923207901,269,213,139.2757
1604923207933,267,216,140.5297
1604923207965,266,217,141.6377
1604923207996,265,218,142.4529
1604923208029,266,219,143.2539
1604923208061,266,220,143.8379
1604923208093,267,220,144.437
1604923208125,268,221,144.6471
1604923208157,269,221,145.3656
1604923208205,269,221,145.8122
1604923208237,270,222,146.2373
1604923208269,270,223,147.2686
1604923208302,270,223,148.681
1604923208334,269,224,149.5898
1604923208365,266,224,150.1605
1604923208700,173,219,150.4599
1604923208733,164,219,149.7336
1604923208765,156,218,149.6634
1604923208797,149,216,148.7787
1604923208829,143,216,148.6775
1604923208860,137,215,148.6624
1604923208892,133,214,148.2571
1604923208925,130,214,148.2906
1604923208957,128,214,148.18
1604923209005,126,213,147.9762
1604923209069,127,213,147.6334
1604923209100,129,214,147.2265
1604923209132,133,214,146.9152
1604923209164,138,213,146.1387
1604923209197,144,213,146.0855
1604923209228,151,212,146.3764
1604923209260,159,212,146.5767
1604923209293,169,211,146.9011
1604923209357,189,208,147.5405
1604923209404,200,206,147.4534
1604923209479,222,203,147.9675
1604923209757,289,202,153.3867
1604923209805,292,204,154.7995
1604923209836,292,207,155.6191
1604923209900,293,212,156.8222
1604923209932,291,213,157.1673
1604923209965,290,214,157.3896
1604923209997,288,215,157.6912
1604923210028,285,217,158.2524
1604923210061,282,218,158.6547
1604923210094,279,218,159.5214
1604923210129,275,218,160.1692
1604923210157,272,218,159.772
1604923210205,271,218,159.7737
1604923210236,271,217,158.8569
1604923210268,271,215,158.5822
1604923210301,272,213,158.3807
1604923210333,274,212,158.4091
1604923210364,276,211,158.7744
1604923210397,278,210,159.0611
1604923210429,279,210,160.1683
1604923210461,280,209,161.8329
1604923210492,280,209,164.0427
1604923210526,279,208,166.7247
1604923210558,278,208,168.6035
1604923210606,277,208,170.8721
1604923210638,276,209,172.495
1604923210669,276,211,173.3638
1604923210701,277,213,174.5525
1604923210733,278,214,176.0298
1604923210765,277,214,177.2073
1604923210797,277,213,178.5555
1604923210828,275,211,180.0509
1604923210860,275,210,180.6575
1604923210893,274,208,182.2181
1604923210925,273,207,182.8232
1604923210958,271,206,183.7822
1604923211005,269,205,184.8096
1604923211036,266,205,185.6452
1604923211069,264,205,186.3617
1604923211101,261,206,186.4802
1604923211132,259,206,186.5174
1604923211164,256,204,186.5859
1604923211197,253,203,185.7402
1604923211228,249,202,186.4165
1604923211261,245,203,185.5066
1604923211293,241,204,186.0985
1604923211325,236,205,185.0125
1604923211358,231,206,184.8987
1604923211405,226,206,183.8438
1604923211437,221,207,182.6398
1604923211469,216,208,181.9098
1604923211500,211,209,180.595
1604923211532,207,211,179.5256
1604923211564,203,211,178.635
1604923211597,199,211,177.8128
1604923211629,197,211,176.7551
1604923211661,194,211,175.7578
1604923211692,191,211,175.1995
1604923211725,190,211,174.6195
1604923211774,187,209,173.9238
1604923211807,186,209,172.8436
1604923211836,186,210,172.5622
1604923211869,185,210,172.2623
1604923211901,185,210,171.4863
1604923211932,185,210,170.8247
1604923211964,185,209,171.3917
1604923211997,184,209,170.9471
1604923212029,184,207,170.5339
1604923212061,183,207,170.6128
1604923212092,182,207,170.3745
1604923212125,181,207,169.1359
1604923212173,180,207,169.2094
1604923212205,180,207,169.2453
1604923212236,179,207,169.9554
1604923212268,179,208,169.5811
1604923212300,178,208,169.814
1604923212332,178,208,169.4317
1604923212364,178,209,169.4296
1604923212396,177,209,168.7512
1604923212429,176,209,167.1301
1604923212461,174,210,165.8334
1604923212494,172,210,163.9411
1604923212541,170,211,161.9733
1604923212572,168,213,159.4151
1604923212604,165,214,156.9924
1604923212636,163,216,154.8925
1604923212669,160,218,151.8469
1604923212701,158,219,148.6588
1604923212732,156,222,145.6707
1604923212765,154,223,141.9569
1604923212797,152,223,139.0174
1604923212828,150,225,135.5215
1604923212861,148,227,132.9377
1604923212893,146,228,130.2557
1604923212926,145,230,127.1903
1604923212973,142,232,124.7863
1604923213005,141,232,122.0757
1604923213036,138,234,119.8453
1604923213068,137,236,117.3471
1604923213101,135,235,115.9923
1604923213132,134,236,113.4696
1604923213165,134,232,112.0933
1604923213196,137,232,111.0801
1604923213228,137,231,110.3025
1604923213260,136,231,110.1002
1604923213293,137,232,109.7973
1604923213330,135,231,110.4935
1604923213372,138,232,111.4362
1604923213404,139,231,112.754
1604923213436,140,229,114.1426
1604923213468,142,228,115.5933
1604923213569,150,222,122.4112
1604923213597,153,219,125.6301
1604923213628,155,218,129.1229
1604923213661,159,218,132.6791
1604923213693,162,217,136.3938
1604923213741,165,215,140.1629
1604923213773,169,213,143.8137
1604923213805,172,211,147.8316
1604923213837,176,209,151.2441
1604923213869,179,206,154.6832
1604923213900,183,203,157.4124
1604923213932,186,201,160.2418
1604923213965,189,198,163.5464
1604923213997,192,196,166.4119
1604923214028,195,195,168.4773
1604923214061,197,193,171.2759
1604923214093,200,191,173.7475
1604923214125,203,190,175.4317
1604923214173,205,188,176.8523
1604923214206,207,187,177.9511
1604923214236,209,186,178.2688
1604923214268,211,185,179.6032
1604923214301,213,185,180.7945
1604923214333,215,183,181.5434
1604923214364,216,182,181.0455
1604923214396,217,182,181.4054
1604923214429,217,182,181.2311
1604923214461,216,184,181.1926
1604923214493,216,185,180.546
1604923214525,215,186,179.3497
1604923214572,213,187,177.6069
1604923214606,212,188,176.1308
1604923214638,211,190,174.1874
1604923214668,209,193,171.2955
1604923214701,207,194,168.6181
1604923214733,205,196,166.3528
1604923214764,202,197,163.8287
1604923214797,200,200,160.6396
1604923214829,198,202,158.0518
1604923214861,195,205,154.9879
1604923214908,194,208,152.1672
1604923214940,191,211,148.9265
1604923214972,189,212,146.2911
1604923215005,187,214,143.5784
1604923215036,185,215,140.7935
1604923215069,184,217,138.314
1604923215100,183,216,136.2458
1604923215133,180,219,134.636
1604923215164,180,219,132.2967
1604923215197,178,219,130.4462
1604923215229,178,219,129.2844
1604923215261,177,220,128.6168
1604923215294,178,220,127.4397
1604923215341,178,220,127.2
1604923215374,179,221,127.0951
1604923215405,180,222,127.7192
1604923215436,180,221,128.81
1604923215469,182,222,129.8125
1604923215500,184,224,131.8172
1604923215533,184,225,134.0805
1604923215565,186,221,136.3659
1604923215596,188,221,138.367
1604923215628,190,220,141.7337
1604923215660,193,221,143.8825
1604923215693,195,219,146.8942
1604923215742,198,218,149.7239
1604923215772,201,216,152.5533
1604923215804,204,217,155.2458
1604923215836,207,217,158.1461
1604923215869,210,216,160.9095
1604923215900,213,214,162.6756
1604923215934,216,213,165.1311
1604923215964,218,212,167.4943
1604923215996,221,210,169.579
1604923216028,223,209,170.8057
1604923216061,224,209,172.5201
1604923216093,226,210,173.7436
1604923216141,227,209,175.2768
1604923216173,227,209,176.1757
1604923216205,228,209,178.0011
1604923216236,228,208,178.6704
1604923216269,228,208,179.8878
1604923216301,228,209,180.1359
1604923216332,228,208,179.9051
1604923216365,228,209,179.9912
1604923216397,227,210,178.897
1604923216429,225,210,177.687
1604923216461,224,211,175.1892
1604923216493,222,212,173.5984
1604923216541,220,212,171.4988
1604923216574,218,213,169.1878
1604923216605,216,214,166.735
1604923216636,214,216,163.9747
1604923216668,212,217,161.8585
1604923216700,210,218,158.9873
1604923216732,208,219,156.362
1604923216765,207,221,153.9787
1604923216796,206,223,151.6829
1604923216829,205,225,149.6213
1604923216860,204,225,147.4474
1604923216895,202,225,145.7446
1604923216940,201,225,142.7941
1604923216990,201,224,140.8536
1604923217027,201,226,138.5511
1604923217041,200,225,136.2359
1604923217068,199,225,134.3371
1604923217100,199,226,132.9353
1604923217132,199,226,131.4575
1604923217164,198,225,130.7621
1604923217196,198,226,130.321
1604923217228,198,226,129.0327
1604923217261,199,224,129.1208
1604923217294,201,223,127.9803
1604923217341,200,223,128.4061
1604923217373,200,221,128.8417
1604923217405,200,220,129.3237
1604923217436,200,218,130.5633
1604923217469,200,218,132.1463
1604923217501,201,216,133.8152
1604923217532,201,216,135.5238
1604923217564,202,216,137.5067
1604923217596,203,214,139.9087
1604923217633,204,216,141.6679
1604923217661,205,215,144.0162
1604923217695,206,215,146.4522
1604923217741,208,215,148.3378
1604923217773,209,215,149.7043
1604923217804,210,214,151.956
1604923217837,212,214,154.0392
1604923217868,213,213,155.7517
1604923217901,214,212,156.9033
1604923217932,215,211,159.1392
1604923217964,216,210,161.0382
1604923217996,217,209,162.2964
1604923218029,218,208,164.3142
1604923218061,219,207,165.1453
1604923218094,220,207,167.2239
1604923218142,221,207,169.3845
1604923218174,221,207,170.5746
1604923218205,222,206,171.9561
1604923218236,223,206,173.0468
1604923218268,223,206,173.9238
1604923218301,224,206,174.9278
1604923218333,224,206,175.4984
1604923218364,225,206,175.368
1604923218397,225,206,175.5803
1604923218429,225,206,175.2163
1604923218461,225,206,175.0503
1604923218494,225,207,175.1136
1604923218541,225,207,174.7735
1604923218574,225,208,174.1073
1604923218604,225,208,174.5269
1604923218636,225,207,173.3076
1604923218668,225,205,173.041
1604923218701,225,201,173.1028
1604923218733,225,195,172.4905
1604923218765,224,190,171.8046
1604923218797,224,183,171.4145
1604923218829,223,177,170.4878
1604923218861,222,170,170.0139
1604923218910,222,164,170.1795
1604923218941,221,158,169.8364
1604923218973,220,153,169.4057
1604923219005,220,146,168.9411
1604923219036,219,141,168.8784
1604923219068,219,139,168.2596
1604923219100,219,135,168.1241
1604923219133,219,133,167.7071
1604923219164,221,132,167.2142
1604923219196,220,127,166.9436
1604923219229,219,128,166.9096
1604923219261,218,129,167.065
1604923219309,218,133,167.5289
1604923219340,218,138,167.0983
1604923219372,218,143,168.1278
1604923219405,218,150,168.5466
1604923219437,219,158,169.5484
1604923219469,220,167,170.7717
1604923219501,221,176,171.0662
1604923219533,222,185,171.9893
1604923219564,223,194,171.8531
1604923219597,225,203,172.8698
1604923219628,226,212,173.3842
1604923219662,229,221,174.1678
1604923219708,231,229,174.1033
1604923219740,234,236,174.6859
1604923219773,236,243,174.7362
1604923219805,238,248,174.9089
1604923219836,240,253,174.5957
1604923219869,241,258,174.6664
1604923219900,242,262,174.6533
1604923219933,243,266,174.2412
1604923219964,244,270,174.923
1604923219996,246,274,174.4283
1604923220028,247,277,174.5078
1604923220062,249,281,174.2641
1604923220110,250,283,174.5564
1604923220141,251,285,174.8041
1604923220172,252,285,175.233
1604923220205,252,284,175.4056
1604923220236,252,281,176.229
1604923220268,251,277,176.5418
1604923220301,249,272,176.1269
1604923220333,248,265,176.4546
1604923220365,246,257,175.7304
1604923220396,244,248,175.9611
1604923220445,242,238,175.8017
1604923220464,241,227,175.0123
1604923220509,239,216,174.3431
1604923220541,238,205,173.4668
1604923220572,237,196,173.5309
1604923220604,236,187,172.5628
1604923220637,235,178,172.9335
1604923220668,233,170,171.9436
1604923220700,232,161,171.4476
1604923220732,231,152,171.0692
1604923220765,230,145,170.705
1604923220797,230,138,169.7467
1604923220829,229,132,169.4386
1604923220862,229,127,168.2835
1604923220909,229,121,168.0473
1604923220941,229,115,167.5237
1604923220973,229,111,166.5599
1604923221004,228,108,166.741
1604923221036,229,106,165.9651
1604923221068,228,107,166.0047
1604923221101,228,110,166.5609
1604923221132,227,116,167.1085
1604923221164,226,123,166.825
1604923221198,226,132,167.8405
1604923221230,227,141,167.6369
1604923221262,227,149,167.9034
1604923221309,228,157,168.4035
1604923221341,228,166,169.4536
1604923221374,229,175,169.7828
1604923221405,230,185,170.2514
1604923221436,231,194,170.7504
1604923221468,232,204,171.0445
1604923221500,233,213,171.5757
1604923221532,234,223,171.81
1604923221565,236,233,172.5373
1604923221597,238,242,172.4673
1604923221629,240,250,172.5441
1604923221662,241,258,172.4135
1604923221708,243,265,172.8535
1604923221741,245,270,172.8881
1604923221773,247,275,172.5201
1604923221804,248,278,172.3079
1604923221838,249,279,172.0269
1604923221869,251,280,171.6301
1604923221901,251,279,171.2697
1604923221932,252,275,171.0802
1604923221965,252,270,170.4834
1604923221997,251,266,170.0718
1604923222029,251,261,169.6663
1604923222063,250,257,169.897
1604923222108,250,254,169.1564
1604923222141,250,251,168.9392
1604923222173,250,249,168.5013
1604923222204,249,247,168.5656
1604923222237,248,246,168.0384
1604923222269,248,247,169.0193
1604923222301,249,247,168.7673
1604923222333,250,247,167.8222
1604923222365,252,247,167.1148
1604923222397,253,246,166.7731
1604923222430,255,247,165.8118
1604923222477,257,249,165.7729
1604923222509,257,249,165.6462
1604923222540,257,251,166.6999
1604923222572,255,252,166.9836
1604923222604,254,253,167.5617
1604923222636,252,254,167.7797
1604923222668,250,256,167.9752
1604923222701,248,258,168.5551
1604923222733,246,260,168.5454
1604923222764,244,262,169.1667
1604923222797,242,264,169.0136
1604923222830,240,266,169.641
1604923222877,240,267,169.6663
1604923222910,240,269,169.1645
1604923222942,239,269,169.5747
1604923222973,239,269,169.6202
1604923223005,238,268,168.9224
1604923223036,237,267,168.8557
1604923223069,236,266,168.7001
1604923223101,236,266,168.3714
1604923223132,235,265,168.9689
1604923223165,234,264,168.6541
1604923223197,234,265,169.0306
1604923223229,234,265,168.8796
1604923223277,235,265,168.9137
1604923223310,235,265,168.7893
1604923223342,236,264,168.9084
1604923223373,237,262,168.606
1604923223404,237,258,168.4217
1604923223437,238,251,168.3278
1604923223469,238,243,167.2739
1604923223500,237,235,167.1659
1604923223532,236,226,166.8292
1604923223565,236,217,166.8595
1604923223597,234,209,166.1939
1604923223644,233,201,165.2128
1604923223677,232,193,165.1971
1604923223709,231,184,164.6981
1604923223740,230,176,164.3678
1604923223773,230,170,164.0133
1604923223805,229,164,162.8042
1604923223837,229,160,162.6957
1604923223869,229,157,162.1517
1604923223900,230,153,162.2884
1604923223932,231,149,161.9594
1604923223964,231,147,161.9845
1604923223997,231,147,161.2396
1604923224030,231,146,161.2052
1604923224078,231,147,160.896
1604923224110,231,150,161.2314
1604923224141,231,155,161.7537
1604923224172,231,164,162.4737
1604923224204,232,170,162.9612
1604923224237,233,178,163.5123
1604923224269,233,186,163.9563
1604923224300,234,196,164.6268
1604923224332,234,205,165.3935
1604923224365,235,214,165.9424
1604923224397,236,223,166.3957
1604923224430,238,232,167.0211
1604923224478,239,239,167.5061
1604923224509,241,245,168.1376
1604923224540,242,251,168.3472
1604923224573,243,256,168.6363
1604923224604,244,259,169.6137
1604923224636,245,261,169.1862
1604923224669,245,262,169.2767
1604923224700,244,262,169.2991
1604923224732,243,262,169.1624
1604923224769,242,262,168.5355
1604923224797,242,261,168.7478
1604923224845,243,259,168.3032
1604923224877,246,256,167.5637
1604923224909,250,253,167.0131
1604923224940,255,250,166.0082
1604923224973,262,246,165.5495
1604923225005,269,244,164.7035
1604923225037,278,241,165.0004
1604923225068,287,239,164.6547
1604923225101,297,238,163.8809
1604923225197,325,236,163.0574
1604923225405,352,238,164.1423
1604923225437,352,239,165.1983
1604923225469,350,239,165.5891
1604923225502,348,239,165.9072
1604923225773,301,241,167.6577
1604923225805,294,242,167.9296
1604923225837,285,242,168.4593
1604923225869,277,242,168.2375
1604923225901,268,242,168.254
1604923225933,259,242,168.8397
1604923225966,251,242,168.0887
1604923225998,242,242,168.2073
1604923226045,234,242,168.061
1604923226077,225,242,168.306
1604923226109,218,242,167.5538
1604923226141,210,242,167.7412
1604923226173,202,241,167.3169
1604923226204,195,241,167.5968
1604923226236,188,241,167.0957
1604923226268,182,241,166.6855
1604923226300,176,241,166.7076
1604923226332,170,241,166.2323
1604923226365,164,241,166.0338
1604923226398,159,240,165.9803
1604923226446,155,238,166.3297
1604923226477,151,238,166.3516
1604923226509,148,238,166.3752
1604923226540,146,237,166.2065
1604923226572,146,237,166.039
1604923226605,148,236,165.7986
1604923226637,150,236,165.4459
1604923226668,154,237,165.0032
1604923226700,159,237,165.1403
1604923226732,165,237,164.6901
1604923226765,171,237,164.1849
1604923226797,178,236,164.0667
1604923226845,186,237,163.3189
1604923226877,194,237,163.7665
1604923226909,203,236,162.8605
1604923226941,212,235,162.4982
1604923226973,221,235,161.9174
1604923227004,230,234,161.8532
1604923227037,239,233,162.2429
1604923227069,249,233,162.1164
1604923227101,258,234,161.8561
1604923227134,268,233,162.1201
1604923227165,278,234,162.159
1604923227245,297,235,161.9737
1604923227340,321,236,161.7331
1604923227468,339,236,162.2229
1604923227501,338,236,163.1461
1604923227533,336,237,163.7663
1604923227740,306,240,165.5862
1604923227804,290,241,166.1515
1604923227836,280,242,166.1781
1604923227868,271,243,166.2684
1604923227901,261,246,166.5727
1604923227934,250,248,166.8847
1604923227964,241,248,166.8953
1604923227998,231,250,166.2569
1604923228046,222,248,166.775
1604923228079,212,249,167.6409
1604923228109,203,247,167.2954
1604923228141,194,246,167.042
1604923228205,179,242,166.9562
1604923228236,171,240,166.9161
1604923228268,165,239,166.7436
1604923228301,158,238,166.6093
1604923228332,152,238,166.1013
1604923228366,147,238,165.9562
1604923228397,142,238,166.8228
1604923228445,137,237,166.1072
1604923228476,132,237,166.2965
1604923228508,129,236,165.9402
1604923228541,127,235,166.1462
1604923228573,126,235,166.6183
1604923228605,126,234,166.5158
1604923228636,127,235,165.9722
1604923228668,129,234,166.4862
1604923228701,133,234,165.8262
1604923228733,137,234,165.7417
1604923228765,141,233,165.3184
1604923228798,147,232,164.7396
1604923228846,154,231,164.1846
1604923228878,161,230,163.6653
1604923228909,169,230,162.7649
1604923228946,177,230,162.503
1604923228973,186,230,162.7994
1604923229005,194,229,162.5219
1604923229037,203,229,162.3665
1604923229069,212,231,162.3317
1604923229101,222,230,162.7696
1604923229133,230,230,162.5398
1604923229165,240,230,162.349
1604923229198,249,230,162.6024
1604923229246,259,231,163.4946
1604923229276,269,231,163.2953
1604923229308,280,232,162.7702
1604923229341,290,232,163.3012
1604923229373,300,233,163.4049
1604923229405,310,234,163.3425
1604923229437,318,235,162.9825
1604923229533,334,236,163.6121
1604923229566,336,238,163.9887
1604923229612,335,238,165.0963
1604923229645,332,238,164.7398
1604923229677,328,238,166.0525
1604923229836,294,236,166.8824
1604923229869,285,235,167.0146
1604923229900,276,235,166.8993
1604923229933,268,235,167.0171
1604923229965,259,235,167.288
1604923230013,251,235,167.4134
1604923230046,242,234,167.0632
1604923230077,233,234,167.6791
1604923230108,224,235,168.4144
1604923230141,215,234,168.0367
1604923230172,206,234,168.6465
1604923230204,198,232,168.1825
1604923230237,190,231,168.4474
1604923230269,182,230,168.6732
1604923230301,175,230,168.0633
1604923230333,168,229,167.5344
1604923230365,162,227,166.4455
1604923230413,155,228,165.9743
1604923230445,149,227,165.7749
1604923230476,144,228,166.025
1604923230509,139,228,165.9308
1604923230540,134,228,165.3246
1604923230573,130,228,165.5496
1604923230604,128,229,165.7009
1604923230637,126,229,165.4699
1604923230668,127,229,165.1252
1604923230701,129,230,164.7255
1604923230733,132,231,164.5943
1604923230765,137,232,164.904
1604923230813,142,231,164.2201
1604923230846,148,231,164.085
1604923230881,154,230,163.1004
1604923230908,161,230,163.1457
1604923230941,168,229,162.1877
1604923230973,175,228,161.9134
1604923231004,182,227,161.8416
1604923231037,189,227,161.6032
1604923231069,195,226,160.8584
1604923231101,203,227,161.5142
1604923231149,209,226,160.9872
1604923231170,216,226,161.474
1604923231212,223,226,161.1957
1604923231244,229,226,161.4093
1604923231276,235,227,161.5659
1604923231309,240,230,161.9851
1604923231340,245,232,162.0036
1604923231372,248,235,162.5891
1604923231405,250,235,162.9154
1604923231437,252,235,163.6314
1604923231468,252,231,163.6637
1604923231501,253,225,163.0632
1604923231532,252,217,162.7192
1604923231565,252,208,162.7128
1604923231612,251,198,162.0876
1604923231646,250,188,162.0545
1604923231676,250,176,161.3518
1604923231709,249,165,160.4465
1604923231740,249,156,159.3849
1604923231772,248,146,159.4009
1604923231805,247,137,158.0229
1604923231836,247,129,157.9961
1604923231869,246,123,157.3142
1604923231901,246,116,156.6398
1604923231933,246,112,155.9762
1604923231965,247,109,156.1067
1604923232013,247,110,155.4294
1604923232045,247,113,155.6493
1604923232078,245,122,156.449
1604923232109,244,133,156.994
1604923232141,243,148,158.1368
1604923232172,243,164,159.0431
1604923232204,243,178,159.7749
1604923232237,244,192,160.628
1604923232269,244,207,162.1075
1604923232301,244,222,162.7712
1604923232333,245,235,163.4468
1604923232365,246,248,164.2009
1604923232413,247,259,164.8522
1604923232445,248,269,165.0186
1604923232476,248,279,165.246
1604923232509,249,288,165.6269
1604923232540,249,296,166.3526
1604923232572,249,301,166.1197
1604923232604,249,304,166.41
1604923232636,249,304,166.8694
1604923232669,249,302,166.5798
1604923232701,248,300,166.9736
1604923232734,247,293,166.9414
1604923232765,247,285,166.2928
1604923232813,247,275,165.0195
1604923232845,247,263,164.3352
1604923232881,248,250,162.4311
1604923232908,249,236,161.5962
1604923232941,250,222,160.397
1604923232972,250,208,159.6066
1604923233004,250,195,159.3537
1604923233036,251,182,158.3432
1604923233069,251,172,157.4604
1604923233101,251,163,157.0672
1604923233133,251,156,156.6039
1604923233182,251,148,155.3662
1604923233213,252,141,155.1075
1604923233245,253,134,154.2002
1604923233277,254,131,153.8699
1604923233308,256,128,153.7381
1604923233341,256,129,153.8985
1604923233373,254,132,154.0647
1604923233404,253,139,154.7046
1604923233436,251,152,154.9268
1604923233469,250,164,155.8433
1604923233501,249,178,156.3151
1604923233533,249,192,157.2885
1604923233580,249,207,158.7595
1604923233613,249,222,159.5831
1604923233644,250,236,160.9507
1604923233676,251,248,161.3647
1604923233708,252,259,162.1664
1604923233740,253,268,163.3208
1604923233773,254,279,164.3834
1604923233805,254,287,165.2764
1604923233837,254,294,165.9397
1604923233869,254,299,166.4829
1604923233901,255,302,166.7906
1604923233948,255,303,166.8843
1604923233981,255,304,167.2843
1604923234012,254,303,167.3593
1604923234044,254,300,167.9308
1604923234077,254,294,167.7507
1604923234108,253,287,166.9886
1604923234140,253,278,166.5543
1604923234173,252,268,165.3613
1604923234204,252,256,163.6344
1604923234236,251,243,163.2287
1604923234269,251,230,162.3003
1604923234301,252,217,160.9785
1604923234334,252,204,159.4818
1604923234382,252,191,158.5761
1604923234415,253,179,158.4941
1604923234445,254,168,157.6607
1604923234477,254,157,156.5002
1604923234508,255,149,155.5505
1604923234541,255,142,155.3272
1604923234575,255,136,155.5013
1604923234605,255,132,154.5574
1604923234637,256,130,153.5963
1604923234668,256,128,154.2031
1604923234702,255,131,153.6099
1604923234749,255,134,153.7829
1604923234781,255,137,154.7458
1604923234812,256,142,154.3486
1604923234844,256,149,155.4942
1604923234877,256,154,156.3638
1604923234909,256,159,156.6749
1604923234940,256,164,157.3527
1604923234973,257,167,158.0527
1604923235004,257,171,159.2003
1604923235038,257,172,159.4072
1604923235069,258,174,160.3082
1604923235101,258,175,159.714
1604923235150,258,177,160.5566
1604923235180,257,180,160.535
1604923235213,256,185,160.9819
1604923235244,256,191,161.289
1604923235276,256,196,162.0618
1604923235308,256,198,162.8193
1604923235341,256,200,162.8122
1604923235372,256,202,162.6894
1604923235404,256,203,163.1697
1604923235436,256,202,162.8989
1604923235469,257,200,162.2289
1604923235502,257,197,160.9135
1604923235549,257,194,159.3549
1604923235581,257,192,157.988
1604923235612,257,192,156.6818
1604923235645,255,192,154.3442
1604923235677,254,194,152.5952
1604923235708,254,194,150.0631
1604923235740,252,195,146.8985
1604923235772,252,195,144.218
1604923235804,251,195,141.6299
1604923235837,251,195,138.4637
1604923235869,251,194,136.7466
1604923235900,249,195,134.3665
1604923235949,248,195,132.482
1604923235981,247,195,130.5743
1604923236014,247,194,129.1387
1604923236045,246,194,127.8878
1604923236077,246,194,126.7173
1604923236108,245,194,126.0253
1604923236140,245,194,124.8836
1604923236173,245,193,125.1264
1604923236205,245,193,124.954
1604923236237,245,192,125.6345
1604923236269,245,192,126.1288
1604923236301,245,191,126.6879
1604923236353,245,189,127.844
1604923236380,245,187,129.0315
1604923236413,246,185,131.1044
1604923236445,246,183,133.3157
1604923236476,246,181,135.8158
1604923236508,246,179,138.1985
1604923236541,246,178,141.1785
1604923236572,247,176,143.9429
1604923236609,248,174,146.3405
1604923236636,249,173,149.1011
1604923236670,250,173,151.9139
1604923236701,251,173,154.0999
1604923236750,253,173,156.5989
1604923236782,254,174,158.8539
1604923236813,256,174,160.5136
1604923236844,257,173,162.6358
1604923236877,259,173,164.0842
1604923236908,260,174,166.2609
1604923236940,260,174,167.693
1604923236973,260,175,168.7207
1604923237005,260,175,168.9324
1604923237037,260,176,169.5022
1604923237069,260,176,169.7856
1604923237102,259,176,168.4086
1604923237164,258,177,167.3707
1604923237183,258,177,165.7189
1604923237213,258,178,163.4234
1604923237245,257,179,161.3299
1604923237277,257,179,159.169
1604923237309,256,180,156.709
1604923237341,255,181,153.5417
1604923237373,254,181,151.0779
1604923237405,253,182,148.7864
1604923237441,252,183,145.5653
1604923237469,251,183,143.3368
1604923237501,251,183,140.589
1604923237550,250,185,138.0099
1604923237581,249,186,135.8029
1604923237613,250,187,133.1208
1604923237646,248,189,130.9801
1604923237677,249,190,129.1103
1604923237709,248,190,127.0044
1604923237741,250,189,125.505
1604923237773,251,189,123.7521
1604923237804,252,188,122.4682
1604923237837,253,187,121.245
1604923237869,253,187,120.6139
1604923237901,254,186,120.0224
1604923237950,253,186,120.3164
1604923237981,253,186,120.5294
1604923238012,253,185,120.9876
1604923238044,252,184,121.6915
1604923238076,252,183,122.684
1604923238109,252,182,125.0791
1604923238146,253,181,126.8539
1604923238172,252,181,128.9771
1604923238205,252,181,131.8362
1604923238237,251,180,134.5226
1604923238269,251,180,137.6391
1604923238301,250,179,140.9444
1604923238381,250,180,146.7286
1604923238413,250,180,150.2122
1604923238444,251,181,152.7379
1604923238477,252,180,155.5247
1604923238509,253,180,158.1423
1604923238540,254,180,160.6256
1604923238572,255,180,162.8506
1604923238604,256,181,164.8207
1604923238637,257,181,166.5721
1604923238669,257,182,167.3412
1604923238702,258,182,169.4757
1604923238748,258,182,169.6688
1604923238781,258,183,170.0864
1604923238812,258,183,169.7216
1604923238845,258,184,168.6147
1604923238876,258,185,168.5986
1604923238908,258,187,167.1193
1604923238941,258,188,165.7536
1604923238973,258,190,164.1557
1604923239005,257,192,162.7307
1604923239038,257,194,160.5815
1604923239070,256,197,159.2746
1604923239101,256,199,157.0994
1604923239149,255,201,154.5212
1604923239180,255,202,152.0835
1604923239212,255,203,149.5907
1604923239244,255,204,146.5931
1604923239276,255,204,143.997
1604923239309,255,206,141.3926
1604923239340,255,208,138.9093
1604923239373,256,209,136.6646
1604923239405,257,209,134.3237
1604923239437,258,210,132.3118
1604923239469,259,209,130.7963
1604923239503,260,209,128.753
1604923239549,262,209,127.4677
1604923239583,264,211,126.488
1604923239612,265,211,125.386
1604923239644,266,211,125.228
1604923239676,265,212,125.3364
1604923239709,265,212,125.1101
1604923239740,264,213,125.6816
1604923239772,263,213,126.5582
1604923239805,262,213,127.3825
1604923239837,260,213,128.1619
1604923239869,259,210,129.9875
1604923239917,258,210,131.7937
1604923239949,258,210,133.567
1604923239981,258,209,136.3077
1604923240013,257,209,138.8335
1604923240045,257,209,141.9254
1604923240077,257,210,144.4804
1604923240109,256,211,147.4897
1604923240140,256,211,150.4312
1604923240172,256,211,153.2555
1604923240205,256,209,155.5814
1604923240236,257,210,158.0601
1604923240270,257,209,160.8393
1604923240316,257,208,162.6828
1604923240348,258,207,165.1702
1604923240382,259,206,167.0843
1604923240413,259,206,168.6425
1604923240444,259,206,169.4546
1604923240476,259,206,170.3352
1604923240508,260,205,171.4967
1604923240540,260,205,172.2189
1604923240573,259,206,172.6044
1604923240605,259,206,172.2989
1604923240636,259,206,171.6763
1604923240670,258,207,170.502
1604923240717,258,208,168.9109
1604923240748,258,208,167.4245
1604923240780,257,210,166.2362
1604923240813,257,211,163.5812
1604923240844,256,212,161.3596
1604923240877,255,215,159.0832
1604923240909,254,217,156.5976
1604923240941,254,218,154.2593
1604923240972,253,221,151.9196
1604923241005,253,222,149.6245
1604923241037,253,223,147.3814
1604923241070,253,225,144.3315
1604923241117,254,227,142.0584
1604923241150,255,227,140.1818
1604923241181,256,229,138.3371
1604923241213,257,230,135.6824
1604923241245,257,230,134.9667
1604923241276,258,231,133.2692
1604923241309,259,231,131.1288
1604923241340,260,232,130.3966
1604923241372,261,233,129.3836
1604923241405,264,235,128.5454
1604923241438,266,234,127.932
1604923241485,266,235,127.3796
1604923241516,267,235,127.3734
1604923241548,267,235,127.4108
1604923241580,267,234,127.3414
1604923241612,264,232,127.7354
1604923241644,265,232,127.6259
1604923241677,263,231,128.7333
1604923241709,262,227,129.7297
1604923241740,262,226,131.2183
1604923241772,261,223,133.3794
1604923241805,261,221,135.6395
1604923241837,260,219,137.6027
1604923241869,259,218,140.5649
1604923241917,258,217,144.2245
1604923241949,257,217,147.1846
1604923241980,257,215,150.1123
1604923242013,256,214,153.3585
1604923242044,256,212,156.0653
1604923242077,257,211,159.1527
1604923242109,257,211,161.2618
1604923242140,257,209,164.3647
1604923242172,257,208,166.8755
1604923242204,258,208,168.3508
1604923242237,258,206,170.3889
1604923242270,258,206,171.2744
1604923242317,258,205,172.3345
1604923242350,258,204,173.7962
1604923242380,258,205,174.6314
1604923242413,258,205,175.7259
1604923242445,258,204,176.3127
1604923242476,259,202,176.4726
1604923242509,262,198,175.1051
1604923242540,266,190,174.4975
1604923242573,270,178,172.088
1604923242605,276,160,168.5113
1604923242637,281,134,165.7087
1604923242670,285,101,162.7665
