1604987852578,-0.625,0.5,0.0
1604987852611,1.696969696969697,-0.36363636363636365,0.0
1604987852642,-2.5806451612903225,1.3548387096774193,-17.486477419354838
1604987852674,2.4375,-1.625,8.4934875
1604987852707,-2.4242424242424243,1.3333333333333333,8.4934875
1604987852739,2.5,-1.375,8.4934875
1604987852771,-2.875,1.0,8.4934875
1604987852803,2.9375,-0.875,8.4934875
1604987852835,-2.9375,0.75,8.4934875
1604987852868,3.1515151515151514,-1.0303030303030303,8.4934875
1604987852915,-2.1702127659574466,0.851063829787234,8.4934875
1604987852947,3.375,-1.4375,34.7838125
1604987852978,-3.4193548387096775,1.2258064516129032,-46.346774193548384
1604987853011,3.515151515151515,-0.7878787878787878,43.48304242424242
1604987853042,-3.935483870967742,0.45161290322580644,-46.20750967741936
1604987853074,3.875,-0.6875,44.76980625
1604987853106,-3.875,0.75,-44.822668750000005
1604987853138,3.8125,0.0625,44.8199625
1604987853172,-3.411764705882353,-0.7058823529411765,-42.15321764705883
1604987853202,3.6666666666666665,1.4666666666666666,47.75381333333333
1604987853235,-3.4545454545454546,-1.4545454545454546,-43.3950303030303
1604987853268,3.515151515151515,0.9696969696969697,43.36513939393939
1604987853315,-2.297872340425532,-0.723404255319149,-30.436485106382978
1604987853346,2.903225806451613,1.1612903225806452,46.16438064516129
1604987853379,-2.6666666666666665,-1.0303030303030303,-43.33759999999999
1604987853410,2.5806451612903225,1.096774193548387,46.15058709677418
1604987853442,-2.4375,-1.0,-44.728731249999996
1604987853474,3.0625,1.25,44.54257499999999
1604987853506,-3.5,-1.5625,-44.57167499999999
1604987853538,3.1875,2.25,44.67344374999999
1604987853570,-2.9375,-3.375,-44.67530624999999
1604987853603,2.909090909090909,3.212121212121212,43.306527272727266
1604987853634,-3.3548387096774195,-2.5806451612903225,-46.06290322580643
1604987853668,3.1176470588235294,2.235294117647059,41.99314705882351
1604987853716,-2.0833333333333335,-1.7083333333333333,-29.77272499999999
1604987853748,3.25,2.5625,44.62456249999998
1604987853778,-3.3333333333333335,-3.066666666666667,-47.59990666666665
1604987853810,3.1875,3.0,44.62819374999998
1604987853842,-3.25,-2.875,-44.558237499999976
1604987853874,3.1875,2.9375,44.545143749999966
1604987853906,-3.1875,-3.125,-44.56496874999996
1604987853939,3.1515151515151514,3.3333333333333335,43.21675757575754
1604987853970,-3.3548387096774195,-3.7419354838709675,-46.048696774193516
1604987854002,3.25,3.5625,44.62193124999997
1604987854036,-3.1176470588235294,-3.2941176470588234,-41.98403529411762
1604987854082,2.3043478260869565,2.391304347826087,31.032530434782583
1604987854114,-3.375,-3.3125,-44.59019999999996
1604987854146,3.3125,3.5625,44.58992499999996
1604987854178,-3.4375,-3.9375,-44.570887499999955
1604987854211,3.1515151515151514,3.8181818181818183,43.21836969696966
1604987854243,-3.25,-3.875,-44.562412499999965
1604987854275,3.125,3.875,44.52507499999996
1604987854306,-3.2903225806451615,-3.870967741935484,-45.920477419354796
1604987854339,3.0303030303030303,3.6363636363636362,43.09602424242421
1604987854370,-3.161290322580645,-4.0,-45.847664516129
1604987854402,3.0,3.75,44.392493749999964
1604987854434,-2.875,-3.4375,-44.42101249999996
1604987854483,1.836734693877551,2.122448979591837,29.03333061224487
1604987854514,-2.774193548387097,-3.2903225806451615,-45.91103870967737
1604987854547,2.606060606060606,3.0303030303030303,43.15140606060602
1604987854578,-2.6451612903225805,-3.161290322580645,-45.929690322580605
1604987854611,2.484848484848485,2.8484848484848486,43.153042424242386
1604987854642,-2.5806451612903225,-2.967741935483871,-45.96755483870964
1604987854675,2.484848484848485,2.8484848484848486,43.176454545454504
1604987854706,-2.5806451612903225,-3.161290322580645,-45.92714838709673
1604987854738,2.5,3.125,44.44418124999996
1604987854770,-2.5,-3.25,-44.403631249999954
1604987854803,2.5454545454545454,3.272727272727273,43.0164242424242
1604987854835,-2.6875,-3.4375,-44.30434999999996
1604987854883,1.8333333333333333,2.2916666666666665,29.51754999999997
1604987854915,-2.75,-3.5625,-44.291962499999954
1604987854946,2.838709677419355,4.0,45.76485161290318
1604987854978,-2.75,-4.375,-44.32681874999996
1604987855010,2.75,4.75,44.316274999999955
1604987855042,-2.625,-4.8125,-44.34193124999995
1604987855074,2.625,4.75,44.326643749999945
1604987855107,-2.3636363636363638,-4.424242424242424,-43.03453939393934
1604987855139,2.625,4.5625,44.34001249999994
1604987855171,-2.5625,-4.5,-44.369506249999944
1604987855202,2.7096774193548385,4.645161290322581,45.92162580645156
1604987855235,-2.5454545454545454,-4.242424242424242,-43.15835757575753
1604987855287,1.6538461538461537,2.5384615384615383,27.399203846153814
1604987855315,-3.0714285714285716,-4.571428571428571,-50.89397142857137
1604987855347,2.75,4.0,44.55112499999995
1604987855378,-2.903225806451613,-4.387096774193548,-46.03923870967737
1604987855410,2.875,4.5,44.65180624999995
1604987855442,-2.8125,-4.625,-44.66482499999995
1604987855474,2.75,4.5625,44.672731249999956
1604987855506,-2.625,-4.5625,-44.67558749999996
1604987855538,2.5,4.625,44.685356249999955
1604987855570,-2.5,-4.6875,-44.697581249999956
1604987855603,2.484848484848485,4.787878787878788,43.35075757575753
1604987855636,-2.484848484848485,-4.96969696969697,-43.336763636363585
1604987855682,1.6521739130434783,3.347826086956522,31.085017391304316
1604987855714,-2.25,-4.8125,-44.70441874999995
1604987855746,2.0625,5.375,44.712512499999946
1604987855778,-1.9375,-6.0625,-44.72420624999995
1604987855810,1.6875,6.875,44.74903749999995
1604987855842,-1.625,-7.375,-44.72476874999995
1604987855874,1.5,7.4375,44.71239999999995
1604987855906,-1.4375,-7.1875,-44.678793749999954
1604987855938,1.3125,6.8125,44.718531249999955
1604987855970,-1.375,-6.6875,-44.69312499999995
1604987856004,1.2352941176470589,6.235294117647059,42.05941764705878
1604987856035,-1.4193548387096775,-6.32258064516129,-46.18931612903221
1604987856082,0.9361702127659575,3.7872340425531914,30.474251063829755
1604987856115,-1.4545454545454546,-5.2727272727272725,-43.44936969696965
1604987856146,1.5483870967741935,6.258064516129032,46.235754838709624
1604987856179,-1.4545454545454546,-7.212121212121212,-43.375145454545404
1604987856211,1.5,8.6875,44.68729999999995
1604987856242,-1.6774193548387097,-9.03225806451613,-46.1334903225806
1604987856274,1.625,8.25,44.73376874999995
1604987856306,-1.625,-8.4375,-44.73758124999995
1604987856338,1.4375,8.75,44.74760624999995
1604987856370,-1.375,-8.9375,-44.71152499999995
1604987856403,1.1515151515151516,9.272727272727273,43.26884848484844
1604987856437,-1.0588235294117647,-9.352941176470589,-41.94795882352937
1604987856483,0.6956521739130435,6.956521739130435,31.00234347826084
1604987856515,-0.9375,-10.0625,-44.59298749999996
1604987856546,0.8387096774193549,10.32258064516129,46.01637419354834
1604987856578,-0.8125,-10.125,-44.570487499999956
1604987856610,0.8125,10.625,44.59689374999996
1604987856643,-0.7272727272727273,-10.484848484848484,-43.296333333333294
1604987856674,0.6451612903225806,10.774193548387096,46.12252258064512
1604987856706,-0.5,-10.1875,-44.709843749999955
1604987856739,0.42424242424242425,10.121212121212121,43.37078787878784
1604987856771,-0.5,-11.0,-44.725418749999946
1604987856802,0.7096774193548387,11.548387096774194,46.18000645161285
1604987856835,-0.6666666666666666,-10.424242424242424,-43.40743030303025
1604987856883,0.5,6.875,29.896774999999963
1604987856915,-0.9375,-10.375,-44.94602499999995
1604987856946,1.096774193548387,10.838709677419354,46.48525161290317
1604987856978,-1.0,-10.75,-45.05831874999995
1604987857011,1.0303030303030303,10.727272727272727,43.66936969696965
1604987857043,-1.0,-11.125,-44.991374999999955
1604987857075,1.125,11.0,44.94029374999995
1604987857106,-1.096774193548387,-11.161290322580646,-46.415038709677376
1604987857138,1.125,10.75,44.97280624999995
1604987857170,-1.0,-10.8125,-44.96839374999995
1604987857203,0.9696969696969697,10.606060606060606,43.57179999999995
1604987857236,-0.9090909090909091,-10.666666666666666,-43.52235151515147
1604987857282,0.6521739130434783,7.695652173913044,31.184569565217355
1604987857315,-0.7878787878787878,-10.727272727272727,-43.45407272727268
1604987857347,0.875,11.0,44.85544374999996
1604987857378,-0.967741935483871,-11.35483870967742,-46.347225806451576
1604987857410,1.0625,11.0,44.91502499999996
1604987857442,-1.0625,-11.0625,-44.928974999999966
1604987857474,1.1875,11.1875,44.878368749999964
1604987857506,-1.25,-11.25,-44.78881874999996
1604987857540,1.2941176470588236,10.588235294117647,42.139611764705855
1604987857571,-1.4838709677419355,-11.612903225806452,-46.20870967741932
1604987857603,1.5625,11.25,44.79421249999997
1604987857651,-1.0416666666666667,-7.5,-29.879754166666647
1604987857683,1.5,11.25,44.79967499999997
1604987857714,-1.3548387096774193,-11.548387096774194,-46.20603225806449
1604987857746,1.3125,11.1875,44.72998124999998
1604987857778,-1.25,-11.25,-44.70773124999998
1604987857810,1.25,11.3125,44.66228124999998
1604987857842,-1.3125,-11.3125,-44.61394374999998
1604987857874,1.375,11.25,44.58208124999999
1604987857906,-1.3125,-11.25,-44.58737499999998
1604987857939,1.2727272727272727,10.969696969696969,43.252254545454534
1604987857971,-1.375,-11.3125,-44.65052499999999
1604987858003,1.4375,11.25,44.673637499999984
1604987858055,-0.8846153846153846,-6.846153846153846,44.673637499999984
1604987858083,1.5,12.642857142857142,83.82979999999998
1604987858133,-0.84,-7.12,-53.07122
1604987858153,2.0,17.9,-53.07122
1604987858178,-1.68,-14.32,-53.07122
1604987858210,1.3125,11.1875,-53.07122
1604987858242,-1.5,-11.375,-53.07122
1604987858274,1.4375,11.5,-53.07122
1604987858306,-1.5625,-11.5625,-54.53656249999999
1604987858339,1.393939393939394,11.333333333333334,43.838030303030294
1604987858371,-1.5625,-11.75,-45.23369374999999
1604987858404,1.5151515151515151,11.393939393939394,43.813369696969694
1604987858451,-1.0638297872340425,-8.0,-30.745659574468082
1604987858484,1.4545454545454546,11.393939393939394,43.74480606060605
1604987858514,-1.6,-12.533333333333333,-48.08010666666666
1604987858546,1.5,11.9375,45.06036874999999
1604987858579,-1.5757575757575757,-12.0,-43.687787878787866
1604987858611,1.5625,12.75,45.03227499999999
1604987858643,-1.5625,-12.75,45.03227499999999
1604987858675,1.3125,12.625,45.03227499999999
1604987858706,-1.3548387096774193,-13.096774193548388,45.03227499999999
1604987858738,1.3125,12.875,45.03227499999999
1604987858771,-1.2727272727272727,-12.484848484848484,45.03227499999999
1604987858819,0.7916666666666666,8.541666666666666,45.03227499999999
1604987858851,-1.25,-12.75,-55.271406250000005
1604987858883,1.375,12.75,44.491606250000004
1604987858914,-1.5483870967741935,-13.35483870967742,-45.90889032258065
1604987858946,1.5,13.0625,44.445750000000004
1604987858983,-1.3513513513513513,-11.297297297297296,-38.42290810810812
1604987859010,1.8518518518518519,15.481481481481481,52.63142222222223
1604987859042,-1.5625,-13.0625,-44.367281250000005
1604987859075,1.5151515151515151,12.545454545454545,42.97968484848486
1604987859106,-1.5483870967741935,-13.225806451612904,-45.72009032258065
1604987859139,1.5151515151515151,12.363636363636363,42.95211515151516
1604987859171,-1.625,-12.625,-44.31766875
1604987859218,1.1914893617021276,8.51063829787234,30.18905106382979
1604987859250,-1.75,-12.5,-44.34679375
1604987859283,1.6363636363636365,12.0,42.992200000000004
1604987859314,-1.5483870967741935,-12.709677419354838,-45.75536774193549
1604987859346,1.5,12.3125,44.33339375
1604987859378,-1.375,-12.25,-44.355050000000006
1604987859411,1.2727272727272727,11.818181818181818,43.01749696969697
1604987859443,-1.1875,-12.1875,-44.344800000000006
1604987859474,1.2258064516129032,12.64516129032258,45.76436774193549
1604987859507,-1.0909090909090908,-11.878787878787879,-42.98164848484849
1604987859539,1.1875,12.1875,44.354575
1604987859571,-1.1875,-12.125,-44.36485
1604987859619,0.8333333333333334,8.083333333333334,29.56538333333333
1604987859652,-1.2121212121212122,-11.818181818181818,-43.02165454545454
1604987859682,1.3333333333333333,13.066666666666666,47.36554666666666
1604987859715,-1.0909090909090908,-11.878787878787879,-43.1161515151515
1604987859746,1.1612903225806452,12.580645161290322,45.92994193548386
1604987859778,-1.0625,-12.1875,-44.52361874999999
1604987859810,1.0625,12.1875,44.51680624999999
1604987859842,-0.9375,-12.125,-44.51951874999999
1604987859875,0.8484848484848485,11.757575757575758,43.1544909090909
1604987859907,-0.75,-12.125,-44.50448125
1604987859939,0.6875,12.125,44.496256249999995
1604987859971,-0.625,-12.125,-44.45565624999999
1604987860018,0.46808510638297873,8.25531914893617,30.24409361702127
1604987860051,-0.7272727272727273,-11.757575757575758,-43.056527272727266
1604987860082,0.8387096774193549,12.451612903225806,45.80534193548386
1604987860114,-0.75,-12.0625,-44.36332499999999
1604987860147,0.7272727272727273,11.757575757575758,43.025139393939384
1604987860179,-0.6875,-12.125,-44.37684999999999
1604987860211,0.625,12.125,44.35256249999999
1604987860243,-0.5625,-12.1875,-44.27401249999999
1604987860275,0.5625,12.1875,44.24129375
1604987860307,-0.5,-12.125,-44.253356249999996
1604987860338,0.5161290322580645,12.451612903225806,45.6908129032258
1604987860371,-0.48484848484848486,-11.636363636363637,-42.937224242424236
1604987860419,0.3333333333333333,8.0,29.504691666666663
1604987860450,-0.5161290322580645,-12.387096774193548,-45.662606451612895
1604987860483,0.48484848484848486,11.636363636363637,42.90736969696969
1604987860513,-0.5333333333333333,-12.733333333333333,-47.20942666666666
1604987860546,0.48484848484848486,11.515151515151516,42.92177575757575
1604987860579,-0.48484848484848486,-11.454545454545455,-42.905981818181814
1604987860611,0.4375,11.5625,44.223637499999995
1604987860642,-0.3870967741935484,-11.483870967741936,-45.621129032258054
1604987860674,0.3125,10.875,44.14848749999999
1604987860707,-0.24242424242424243,-10.484848484848484,-42.77805454545453
1604987860739,0.125,10.5,44.10465624999999
1604987860770,0.06451612903225806,-10.387096774193548,-45.546909677419336
1604987860819,-0.12244897959183673,6.36734693877551,28.823861224489782
1604987860850,0.3225806451612903,-9.870967741935484,-45.59466451612902
1604987860883,-0.36363636363636365,9.090909090909092,42.87241818181817
1604987860915,0.4375,-9.0625,42.87241818181817
1604987860946,-0.45161290322580644,9.225806451612904,42.87241818181817
1604987860978,0.375,-9.25,42.87241818181817
1604987861011,-0.36363636363636365,9.272727272727273,42.87241818181817
1604987861042,0.3870967741935484,-9.935483870967742,42.87241818181817
1604987861074,-0.5,9.6875,42.87241818181817
1604987861107,0.42424242424242425,-9.454545454545455,42.87241818181817
1604987861139,-0.5,9.75,42.87241818181817
1604987861175,0.3333333333333333,-8.777777777777779,-47.81313888888887
1604987861219,-0.3181818181818182,7.318181818181818,32.33511363636362
1604987861251,0.375,-9.8125,-44.486581249999986
1604987861282,-0.45161290322580644,9.806451612903226,45.90229677419353
1604987861314,0.3125,-9.6875,-44.40693749999998
1604987861346,-0.3125,10.0625,-44.40693749999998
1604987861379,0.12121212121212122,-10.242424242424242,-44.40693749999998
1604987861410,-0.12903225806451613,11.225806451612904,-44.40693749999998
1604987861442,0.125,-10.875,-44.40693749999998
1604987861475,-0.30303030303030304,10.484848484848484,-44.40693749999998
1604987861506,0.45161290322580644,-11.096774193548388,-44.40693749999998
1604987861539,-0.5454545454545454,10.424242424242424,-44.40693749999998
1604987861581,0.47619047619047616,-8.238095238095237,-9.876471428571406
1604987861619,-0.5789473684210527,9.157894736842104,2.0160263157894507
1604987861651,0.6875,-10.9375,-2.398987499999974
1604987861683,-0.625,10.875,2.4080749999999753
1604987861715,0.625,-10.3125,-2.4326499999999776
1604987861746,-0.5806451612903226,10.064516129032258,2.5517677419354623
1604987861778,0.5,-9.6875,-2.4675374999999793
1604987861811,-0.36363636363636365,9.636363636363637,2.3921818181817978
1604987861842,0.12903225806451613,-10.516129032258064,-2.5570967741935258
1604987861875,0.0,9.93939393939394,2.4145878787878563
1604987861908,0.0,-9.93939393939394,-2.4520060606060365
1604987861939,0.06451612903225806,10.580645161290322,2.639806451612878
1604987861971,-0.0625,-10.125,-2.560624999999977
1604987862034,0.15873015873015872,5.079365079365079,1.2642507936507823
1604987862061,-0.2962962962962963,-11.925925925925926,-2.868718518518491
1604987862082,0.47619047619047616,15.428571428571429,3.6100952380952007
1604987862114,-0.25,-10.0625,-2.346393749999974
1604987862146,0.25,9.9375,2.3223437499999733
1604987862178,-0.1875,-10.0,-2.268474999999972
1604987862210,0.1875,10.0625,2.2305499999999707
1604987862242,-0.125,-10.25,-2.23373749999997
1604987862274,0.125,10.125,2.1945062499999697
1604987862307,-0.06060606060606061,-9.878787878787879,-2.128296969696941
1604987862340,0.06060606060606061,9.696969696969697,2.0665939393939126
1604987862390,0.0,-6.6,-1.3616599999999823
1604987862419,0.06896551724137931,11.310344827586206,2.388924137931003
1604987862450,-0.06451612903225806,-10.96774193548387,2.388924137931003
1604987862483,0.0,10.0,2.388924137931003
1604987862514,-0.06451612903225806,-10.838709677419354,2.388924137931003
1604987862547,0.12121212121212122,10.06060606060606,2.388924137931003
1604987862579,0.0,-9.8125,2.388924137931003
1604987862611,-0.125,9.9375,2.388924137931003
1604987862642,2.064516129032258,-10.064516129032258,2.388924137931003
