1605005769530,-0.7272727272727273,2.4242424242424243,0.0
1605005769561,0.5806451612903226,-5.032258064516129,0.0
1605005769594,-1.1515151515151516,5.03030303030303,0.0
1605005769625,1.3548387096774193,-5.67741935483871,0.0
1605005769657,-1.1875,5.4375,0.0
1605005769689,1.1875,-5.4375,0.0
1605005769722,-1.0303030303030303,5.333333333333333,0.0
1605005769753,1.2258064516129032,-5.741935483870968,12.459541935483871
1605005769786,-1.1515151515151516,5.515151515151516,-21.637036363636362
1605005769819,1.2121212121212122,-5.454545454545454,21.585490909090908
1605005769851,-1.25,5.8125,-22.2721875
1605005769898,0.8936170212765957,-3.74468085106383,15.164008510638297
1605005769930,-1.3125,5.4375,-22.251631250000003
1605005769962,1.5,-5.4375,22.2610375
1605005769993,-1.2903225806451613,5.806451612903226,-22.983503225806455
1605005770026,1.393939393939394,-5.454545454545454,21.550078787878792
1605005770057,-1.1612903225806452,5.806451612903226,-22.962451612903234
1605005770090,1.2727272727272727,-5.575757575757576,21.486545454545464
1605005770122,-1.0625,5.5625,-22.22655625000001
1605005770154,1.0625,-5.875,22.251737500000008
1605005770186,-0.625,5.75,-22.25276250000001
1605005770217,0.45161290322580644,-5.548387096774194,23.00785806451614
1605005770251,-0.5294117647058824,3.8823529411764706,-21.023170588235303
1605005770298,0.8085106382978723,-1.6170212765957446,15.284800000000006
1605005770329,-1.6129032258064515,1.096774193548387,-23.207354838709687
1605005770366,1.4054054054054055,-0.7567567567567568,19.390675675675688
1605005770393,-2.074074074074074,1.037037037037037,-26.619429629629646
1605005770425,1.5,-1.25,22.417443750000015
1605005770458,-1.9393939393939394,0.42424242424242425,-21.634430303030317
1605005770489,1.8709677419354838,-0.06451612903225806,23.064587096774204
1605005770521,-1.9375,0.375,-22.364887500000012
1605005770554,1.6363636363636365,-0.6666666666666666,21.745418181818195
1605005770586,-1.875,1.125,-22.422450000000012
1605005770618,1.875,-1.0625,22.425293750000016
1605005770666,-1.25,0.9166666666666666,-14.941716666666679
1605005770698,1.75,-1.0,22.404793750000017
1605005770730,-2.0,1.1875,-22.389537500000017
1605005770761,2.3870967741935485,-1.032258064516129,23.112658064516147
1605005770793,-2.1875,1.125,-22.332150000000013
1605005770825,2.3125,-0.9375,22.31237500000001
1605005770876,-1.2549019607843137,0.5882352941176471,-14.00433725490197
1605005770910,2.1176470588235294,-0.8235294117647058,20.96038823529413
1605005770925,-4.266666666666667,1.6,-47.42309333333337
1605005770953,2.4285714285714284,-1.1428571428571428,25.25170000000002
1605005770986,-1.9393939393939394,0.9090909090909091,-21.309206060606073
1605005771019,2.121212121212121,-0.7878787878787878,21.286896969696983
1605005771066,-1.4042553191489362,0.5106382978723404,-14.959417021276604
1605005771097,2.064516129032258,-1.7419354838709677,22.64685161290324
1605005771130,-2.121212121212121,1.0909090909090908,-21.362733333333345
1605005771161,2.7096774193548385,0.0,22.817019354838727
1605005771194,-2.606060606060606,-0.06060606060606061,-21.46896363636365
1605005771226,2.4375,-0.4375,22.070800000000016
1605005771258,-2.6875,0.0,-22.07097500000002
1605005771289,2.6451612903225805,-0.1935483870967742,22.78000645161292
1605005771321,-2.9375,-0.0625,-22.004368750000015
1605005771354,2.6666666666666665,0.12121212121212122,21.35780000000001
1605005771386,-3.0,0.0,-22.04673125000001
1605005771418,2.9375,0.25,22.07485625000001
1605005771466,-2.0416666666666665,-0.08333333333333333,-14.70083333333334
1605005771497,3.032258064516129,0.45161290322580644,22.730012903225813
1605005771529,-2.8125,-0.1875,-21.97689375000001
1605005771562,2.484848484848485,0.5454545454545454,21.29050303030304
1605005771593,-2.838709677419355,-0.3870967741935484,-22.658135483870982
1605005771626,2.9696969696969697,0.5454545454545454,21.32545454545456
1605005771658,-2.9375,-0.375,-22.024112500000015
1605005771690,3.125,0.5,22.065162500000014
1605005771721,-2.967741935483871,-0.3870967741935484,-22.787400000000012
1605005771754,3.0303030303030303,0.24242424242424243,21.34551515151516
1605005771785,-2.903225806451613,-0.1935483870967742,-22.803800000000013
1605005771819,2.8823529411764706,-0.11764705882352941,20.796752941176482
1605005771865,-2.0434782608695654,-0.08695652173913043,-15.369408695652183
1605005771903,2.473684210526316,-0.2631578947368421,18.620694736842115
1605005771929,-3.3846153846153846,0.5384615384615384,-27.24170769230771
1605005771962,2.6666666666666665,-0.6060606060606061,21.517478787878797
1605005771993,-3.096774193548387,-0.1935483870967742,-22.8783806451613
1605005772026,3.1515151515151514,0.36363636363636365,21.61544242424243
1605005772057,-3.4193548387096775,-0.1935483870967742,-23.0487806451613
1605005772090,3.1515151515151514,0.0,21.519806060606072
1605005772126,-2.5555555555555554,0.8333333333333334,21.519806060606072
1605005772154,2.5,-1.9285714285714286,21.519806060606072
1605005772201,-1.8297872340425532,0.723404255319149,21.519806060606072
1605005772218,4.705882352941177,-2.3529411764705883,21.519806060606072
1605005772265,-1.7446808510638299,1.0212765957446808,21.519806060606072
1605005772298,2.0606060606060606,-1.4545454545454546,21.519806060606072
1605005772330,-2.3125,1.75,21.519806060606072
1605005772361,2.2580645161290325,-1.6129032258064515,21.519806060606072
1605005772393,-2.3125,1.9375,21.519806060606072
1605005772426,2.1818181818181817,-1.5151515151515151,21.519806060606072
1605005772457,-2.3870967741935485,1.935483870967742,21.519806060606072
1605005772489,2.5,-1.5,21.519806060606072
1605005772522,-2.606060606060606,1.6363636363636365,21.519806060606072
1605005772554,3.375,-1.5625,21.519806060606072
1605005772587,-2.9696969696969697,1.5151515151515151,21.519806060606072
1605005772618,3.6774193548387095,-1.6774193548387097,21.519806060606072
1605005772666,-2.0833333333333335,0.7916666666666666,21.519806060606072
1605005772697,3.4193548387096775,-1.4838709677419355,21.519806060606072
1605005772730,-3.1515151515151514,1.0909090909090908,21.519806060606072
1605005772762,3.5625,-0.8125,21.519806060606072
1605005772793,-4.0,-0.3225806451612903,21.519806060606072
1605005772825,4.0,0.5,21.519806060606072
1605005772858,-3.757575757575758,-0.30303030303030304,21.519806060606072
1605005772889,4.0,0.3870967741935484,21.519806060606072
1605005772921,-3.9375,-0.875,21.519806060606072
1605005772954,3.4545454545454546,1.696969696969697,21.519806060606072
1605005772986,-4.1875,-3.4375,21.519806060606072
1605005773019,3.9393939393939394,3.878787878787879,21.519806060606072
1605005773087,-2.088235294117647,-1.9705882352941178,21.519806060606072
1605005773102,8.8,9.333333333333334,21.519806060606072
1605005773129,-5.037037037037037,-4.962962962962963,21.519806060606072
1605005773162,4.0,4.424242424242424,21.519806060606072
1605005773194,-4.3125,-4.125,21.519806060606072
1605005773226,4.375,4.3125,21.519806060606072
1605005773258,-4.375,-4.125,-31.143281249999987
1605005773290,4.5,4.5625,23.63773749999999
1605005773322,-4.375,-4.25,23.63773749999999
1605005773354,4.6875,4.3125,23.63773749999999
1605005773386,-4.25,-4.3125,23.63773749999999
1605005773419,4.363636363636363,4.0,23.63773749999999
1605005773466,-2.723404255319149,-3.234042553191489,23.63773749999999
1605005773499,4.181818181818182,3.6363636363636362,23.63773749999999
1605005773530,-4.387096774193548,-3.161290322580645,23.63773749999999
1605005773562,4.0625,3.375,23.63773749999999
1605005773594,-3.6875,-3.625,23.63773749999999
1605005773626,3.5,3.5625,23.63773749999999
1605005773658,-3.5,-4.0625,23.63773749999999
1605005773689,3.4838709677419355,3.4838709677419355,23.63773749999999
1605005773721,-3.625,-3.5625,23.63773749999999
1605005773754,3.272727272727273,3.393939393939394,23.63773749999999
1605005773785,-3.096774193548387,-3.096774193548387,23.63773749999999
1605005773818,2.484848484848485,3.0303030303030303,23.63773749999999
1605005773866,-2.3333333333333335,-1.5,23.63773749999999
1605005773898,3.4375,2.3125,23.63773749999999
1605005773929,-3.4838709677419355,-2.7096774193548385,23.63773749999999
1605005773962,3.272727272727273,3.515151515151515,23.63773749999999
1605005773995,-3.212121212121212,-3.4545454545454546,23.63773749999999
1605005774026,4.193548387096774,4.129032258064516,23.63773749999999
1605005774058,-4.375,-3.25,23.63773749999999
1605005774089,3.806451612903226,3.161290322580645,23.63773749999999
1605005774122,-4.484848484848484,-3.8181818181818183,23.63773749999999
1605005774153,1.3548387096774193,5.290322580645161,23.63773749999999
1605005774185,2.625,-6.6875,23.63773749999999
1605005774234,0.6122448979591837,3.4285714285714284,23.63773749999999
1605005774267,-4.484848484848484,-4.424242424242424,23.63773749999999
1605005774297,2.1333333333333333,5.333333333333333,46.48309333333335
1605005774329,3.625,-6.5625,46.48309333333335
1605005774361,-5.625,8.6875,46.48309333333335
1605005774394,5.2727272727272725,-9.757575757575758,46.48309333333335
1605005774425,-5.225806451612903,9.161290322580646,46.48309333333335
1605005774458,5.151515151515151,-8.848484848484848,46.48309333333335
1605005774489,-5.096774193548387,9.548387096774194,46.48309333333335
1605005774522,5.03030303030303,-8.121212121212121,46.48309333333335
1605005774554,-5.0,9.25,46.48309333333335
1605005774586,5.4375,-9.875,46.48309333333335
1605005774633,-3.574468085106383,6.595744680851064,46.48309333333335
1605005774666,4.96969696969697,-9.272727272727273,46.48309333333335
1605005774698,-5.1875,8.6875,46.48309333333335
1605005774735,4.324324324324325,-6.4324324324324325,46.48309333333335
1605005774761,-6.384615384615385,10.461538461538462,46.48309333333335
1605005774793,5.125,-8.0,46.48309333333335
1605005774826,-5.151515151515151,8.06060606060606,46.48309333333335
1605005774857,5.225806451612903,-8.451612903225806,46.48309333333335
1605005774890,-5.333333333333333,7.9393939393939394,46.48309333333335
1605005774922,5.25,-8.9375,46.48309333333335
1605005774954,-5.375,7.9375,46.48309333333335
1605005774986,4.9375,-6.6875,46.48309333333335
1605005775034,-3.5833333333333335,4.25,46.48309333333335
1605005775067,5.393939393939394,-6.424242424242424,46.48309333333335
1605005775097,-6.466666666666667,6.533333333333333,91.32802666666666
1605005775130,6.363636363636363,-5.2727272727272725,-93.04447272727272
1605005775161,-7.354838709677419,4.580645161290323,-93.04447272727272
1605005775194,7.515151515151516,-3.515151515151515,-93.04447272727272
1605005775225,-8.064516129032258,2.4516129032258065,-93.04447272727272
1605005775258,7.696969696969697,-3.0303030303030303,-93.04447272727272
1605005775289,-8.32258064516129,2.967741935483871,-93.04447272727272
1605005775321,8.8125,-2.75,-93.04447272727272
1605005775355,-7.882352941176471,2.588235294117647,-93.04447272727272
1605005775386,8.903225806451612,-2.7096774193548385,-93.04447272727272
1605005775434,-5.666666666666667,2.0,-93.04447272727272
1605005775465,8.903225806451612,-1.935483870967742,-93.04447272727272
1605005775498,-7.878787878787879,1.0303030303030303,-93.04447272727272
1605005775529,8.387096774193548,-2.064516129032258,-93.04447272727272
1605005775561,-8.1875,2.625,-93.04447272727272
1605005775594,7.818181818181818,-1.393939393939394,-93.04447272727272
1605005775626,-8.125,2.0,-93.04447272727272
1605005775657,8.193548387096774,-1.4838709677419355,-93.04447272727272
1605005775690,-7.818181818181818,1.7575757575757576,-93.04447272727272
1605005775722,7.75,-1.75,-93.04447272727272
1605005775756,-7.411764705882353,1.7647058823529411,-93.04447272727272
1605005775787,7.870967741935484,-2.064516129032258,-93.04447272727272
1605005775833,-5.608695652173913,0.9130434782608695,-93.04447272727272
1605005775866,7.636363636363637,-1.9393939393939394,-93.04447272727272
1605005775897,-8.258064516129032,1.8709677419354838,-93.04447272727272
1605005775930,7.212121212121212,-2.1818181818181817,-93.04447272727272
1605005775961,-7.67741935483871,2.6451612903225805,-93.04447272727272
1605005775993,7.75,-2.75,-93.04447272727272
1605005776026,-7.2727272727272725,3.0303030303030303,-93.04447272727272
1605005776057,7.354838709677419,-4.258064516129032,-93.04447272727272
1605005776089,-6.8125,5.25,-93.04447272727272
1605005776121,7.125,-6.9375,-65.39114375000001
1605005776154,-6.606060606060606,6.545454545454546,52.98622424242426
1605005776187,6.909090909090909,-6.484848484848484,-52.992787878787894
1605005776238,-4.2745098039215685,4.313725490196078,34.27319607843138
1605005776266,7.928571428571429,-7.785714285714286,-62.37734285714287
1605005776298,-6.75,7.0,54.65915625000001
1605005776329,7.225806451612903,-7.096774193548387,-56.47106451612904
1605005776362,-6.7272727272727275,6.96969696969697,53.070218181818184
1605005776393,7.290322580645161,-7.161290322580645,-56.492367741935496
1605005776426,-6.848484848484849,7.03030303030303,53.08021818181819
1605005776457,7.225806451612903,-7.096774193548387,-56.53283870967743
1605005776489,-7.0625,7.3125,54.810918750000006
1605005776522,6.666666666666667,-6.848484848484849,-53.1015393939394
1605005776553,-7.290322580645161,7.67741935483871,56.58411612903227
1605005776587,6.352941176470588,-7.0588235294117645,-51.436294117647066
1605005776634,-4.851063829787234,5.148936170212766,-51.436294117647066
1605005776666,6.8125,-7.9375,-25.264868750000005
1605005776697,-7.290322580645161,7.935483870967742,15.988432258064522
1605005776730,6.545454545454546,-7.636363636363637,-15.027654545454553
1605005776762,-6.375,6.875,15.484475000000005
1605005776793,5.548387096774194,-5.67741935483871,-15.993580645161293
1605005776825,-5.0,4.6875,15.384525000000004
1605005776857,5.0,-5.1875,-15.400700000000004
1605005776891,-4.235294117647059,5.294117647058823,14.44092941176471
1605005776921,4.4,-6.466666666666667,-16.381073333333337
1605005776954,-4.0606060606060606,4.96969696969697,14.881515151515156
1605005776987,4.7272727272727275,-5.03030303030303,-14.9063696969697
1605005777034,-3.0638297872340425,3.4893617021276597,10.387527659574468
1605005777065,4.967741935483871,-5.161290322580645,-15.664625806451616
1605005777103,-3.8421052631578947,4.2631578947368425,12.828821052631582
1605005777129,5.846153846153846,-6.076923076923077,-18.774500000000007
1605005777162,-4.424242424242424,5.03030303030303,14.762327272727278
1605005777193,4.838709677419355,-4.967741935483871,-15.71286451612904
1605005777226,-4.606060606060606,4.909090909090909,14.80693333333334
1605005777257,4.903225806451613,-5.032258064516129,-15.80554193548388
1605005777290,-4.606060606060606,5.090909090909091,14.858236363636376
1605005777322,4.6875,-5.0625,-15.258587500000013
1605005777353,-4.967741935483871,5.483870967741935,15.72469677419356
1605005777402,3.061224489795918,-3.4285714285714284,-9.957212244897967
1605005777435,-4.7272727272727275,5.333333333333333,14.766048484848497
1605005777465,4.933333333333334,-5.8,-16.121393333333348
1605005777497,-5.0,5.5,15.159243750000014
1605005777530,4.606060606060606,-5.9393939393939394,-14.678200000000015
1605005777561,-5.225806451612903,6.32258064516129,15.637393548387113
1605005777594,4.848484848484849,-5.757575757575758,-14.658915151515167
1605005777625,-5.419354838709677,5.290322580645161,15.568303225806469
1605005777658,5.090909090909091,-4.424242424242424,-14.688987878787897
1605005777689,-5.483870967741935,4.193548387096774,15.70370322580647
1605005777723,5.176470588235294,-3.6470588235294117,-14.455394117647074
1605005777754,-5.870967741935484,3.4193548387096775,15.912858064516147
1605005777801,4.085106382978723,-2.2127659574468086,-10.5844425531915
1605005777833,-6.0625,3.375,15.565581250000017
1605005777865,6.25,-3.8125,-15.572343750000016
1605005777897,-5.9375,3.25,15.476800000000015
1605005777929,6.1875,-3.3125,-15.541343750000014
1605005777961,-5.8125,3.25,15.490931250000012
1605005777994,5.878787878787879,-3.0303030303030303,-15.035369696969706
1605005778025,-6.129032258064516,3.5483870967741935,16.09234193548388
1605005778057,6.0,-3.0,-15.585337500000007
1605005778090,-5.696969696969697,2.8484848484848486,15.170896969696976
1605005778121,6.129032258064516,-2.838709677419355,-16.13163870967743
1605005778154,-5.818181818181818,3.1515151515151514,15.250757575757584
1605005778203,3.795918367346939,-1.9591836734693877,-10.276530612244903
1605005778234,-6.129032258064516,3.2903225806451615,16.315419354838717
1605005778265,5.806451612903226,-3.4193548387096775,-16.2545870967742
1605005778298,-5.757575757575758,2.8484848484848486,15.332848484848485
1605005778329,5.741935483870968,-3.3548387096774195,-16.40938064516129
1605005778362,-5.575757575757576,3.0303030303030303,15.401599999999998
1605005778394,5.625,-3.125,-15.913581249999998
1605005778425,-6.0,3.5483870967741935,16.425890322580646
1605005778457,5.875,-3.25,-15.879800000000003
1605005778489,-5.8125,3.5,15.882137500000004
1605005778522,5.878787878787879,-3.1515151515151514,-15.434315151515156
1605005778553,-5.935483870967742,3.4838709677419355,16.44691612903226
1605005778601,4.083333333333333,-2.1666666666666665,-10.665162500000003
1605005778634,-5.636363636363637,3.0303030303030303,15.53752121212122
1605005778665,6.193548387096774,-3.6129032258064515,-16.626593548387106
1605005778697,-5.9375,3.3125,16.087887500000008
1605005778730,5.818181818181818,-3.696969696969697,-15.59063636363637
1605005778761,-6.129032258064516,4.0,16.648941935483876
1605005778793,5.8125,-4.0,-16.169862500000008
1605005778826,-5.878787878787879,3.5757575757575757,15.72062424242425
1605005778858,5.6875,-3.875,-16.120656250000007
1605005778889,-6.193548387096774,4.129032258064516,16.669464516129036
1605005778922,5.696969696969697,-3.878787878787879,-15.671272727272733
1605005778954,-6.0,4.125,16.142906250000006
1605005779002,4.041666666666667,-2.6666666666666665,-10.781879166666672
1605005779033,-6.258064516129032,4.193548387096774,16.62750967741936
1605005779066,5.878787878787879,-3.696969696969697,-15.598648484848493
1605005779114,-3.9583333333333335,2.7083333333333335,10.724087500000003
1605005779134,9.6,-6.2,-25.670990000000007
1605005779165,-6.064516129032258,4.258064516129032,16.51387096774194
1605005779194,6.689655172413793,-4.482758620689655,-17.648413793103455
1605005779226,-5.8125,4.0625,15.947075000000003
1605005779257,6.193548387096774,-4.258064516129032,-16.497664516129035
1605005779290,-5.757575757575758,3.878787878787879,15.573418181818184
1605005779322,6.0,-4.3125,-16.114400000000003
1605005779354,-6.0,4.125,16.137606250000005
1605005779401,4.085106382978723,-2.9361702127659575,-10.97642127659575
1605005779434,-5.878787878787879,4.121212121212121,15.628866666666674
1605005779466,5.75,-4.5,-16.120681250000008
1605005779498,-6.0,4.3125,16.160268750000007
1605005779529,5.935483870967742,-4.451612903225806,-16.62565161290323
1605005779561,-5.9375,4.5,16.07798125
1605005779593,5.875,-4.5625,-16.077737500000005
1605005779626,-5.757575757575758,4.606060606060606,15.570909090909096
1605005779657,6.129032258064516,-4.709677419354839,-16.626245161290328
1605005779690,-5.696969696969697,4.606060606060606,15.67760606060607
1605005779722,5.9375,-4.5,-16.20691250000001
1605005779755,-5.696969696969697,4.545454545454546,15.713993939393951
1605005779802,4.127659574468085,-3.106382978723404,-11.024863829787243
1605005779833,-6.129032258064516,4.774193548387097,16.728135483870982
1605005779866,6.0,-4.545454545454546,-15.772551515151529
1605005779897,-6.193548387096774,4.903225806451613,16.807535483870982
1605005779931,5.705882352941177,-4.705882352941177,-15.345223529411776
1605005779962,-6.193548387096774,4.967741935483871,16.859096774193564
1605005779993,6.258064516129032,-5.096774193548387,-16.877735483870985
1605005780026,-5.9393939393939394,4.7272727272727275,15.900424242424258
1605005780057,6.32258064516129,-5.290322580645161,-16.941135483870987
1605005780089,-6.1875,5.125,16.375731250000015
1605005780122,5.818181818181818,-5.333333333333333,-15.82693939393941
1605005780155,-6.0,5.212121212121212,15.862181818181835
1605005780206,3.7254901960784315,-3.3333333333333335,-10.287803921568639
1605005780233,-7.185185185185185,6.444444444444445,19.534400000000026
1605005780265,6.0,-5.375,-16.594643750000024
1605005780298,-6.0,5.393939393939394,16.13616363636366
1605005780330,6.25,-5.375,-16.711431250000025
1605005780362,-6.25,5.625,16.815256250000026
1605005780393,6.516129032258065,-5.67741935483871,-17.419838709677446
1605005780425,-6.25,5.6875,16.85735000000002
1605005780458,6.242424242424242,-5.393939393939394,-16.30482424242426
1605005780489,-6.387096774193548,5.806451612903226,17.25760000000002
1605005780522,6.242424242424242,-5.333333333333333,-16.184121212121234
1605005780554,-6.3125,5.3125,16.718375000000023
1605005780602,4.291666666666667,-3.7083333333333335,-11.165887500000016
1605005780633,-6.580645161290323,5.290322580645161,17.236670967741958
1605005780666,6.363636363636363,-4.96969696969697,-16.155606060606086
1605005780697,-6.838709677419355,5.161290322580645,17.165477419354865
1605005780729,6.5,-5.4375,-16.60690625000003
1605005780761,-6.5625,5.375,16.505100000000027
1605005780812,3.8823529411764706,-3.6862745098039214,-10.342470588235315
1605005780832,-10.5,9.4,26.66655000000005
1605005780857,8.16,-7.36,-21.44465600000004
1605005780890,-6.363636363636363,5.636363636363637,16.210612121212154
1605005780921,6.709677419354839,-5.67741935483871,-17.278045161290358
1605005780970,-4.285714285714286,3.63265306122449,10.946400000000022
1605005781001,6.451612903225806,-5.225806451612903,-17.337664516129063
1605005781034,-6.181818181818182,5.2727272727272725,16.35210303030306
1605005781065,6.580645161290323,-5.290322580645161,-17.380825806451647
1605005781098,-6.363636363636363,5.333333333333333,16.301551515151548
1605005781129,7.290322580645161,-5.290322580645161,-17.35486451612907
1605005781161,-6.9375,5.0,16.865512500000037
1605005781193,7.4375,-4.8125,-16.902312500000036
1605005781226,-6.666666666666667,4.545454545454546,-16.902312500000036
1605005781257,7.354838709677419,-4.709677419354839,-16.902312500000036
1605005781290,-6.7272727272727275,4.0606060606060606,-16.902312500000036
1605005781322,7.0,-4.625,11.686087499999964
1605005781370,-4.583333333333333,3.0,-14.105087499999975
1605005781401,7.032258064516129,-4.903225806451613,21.836470967741896
1605005781433,-6.75,4.375,-21.128906249999957
1605005781466,6.545454545454546,-4.0606060606060606,20.62183636363632
1605005781498,-6.8125,3.8125,20.62183636363632
1605005781530,6.5625,-3.6875,20.62183636363632
1605005781561,-7.096774193548387,2.3225806451612905,20.62183636363632
1605005781593,6.5,-1.625,20.62183636363632
1605005781626,-6.484848484848484,2.121212121212121,20.62183636363632
1605005781658,6.5625,-2.375,52.185168749999946
1605005781690,-6.625,2.5625,-62.59048749999995
1605005781722,6.3125,-2.625,62.59942499999995
1605005781771,-4.244897959183674,1.9591836734693877,-40.90682448979588
1605005781802,6.774193548387097,-2.5806451612903225,64.67979999999994
1605005781834,-6.5625,2.75,-62.66374999999995
1605005781866,6.75,-2.5625,62.67488124999994
1605005781897,-6.774193548387097,2.7096774193548385,-64.70078709677414
1605005781929,6.9375,-2.4375,62.610074999999945
1605005781962,-6.424242424242424,2.121212121212121,-60.766387878787825
1605005781993,7.096774193548387,-2.7096774193548385,64.71007096774187
1605005782026,-6.606060606060606,2.4242424242424243,-60.782115151515086
1605005782057,7.096774193548387,-2.903225806451613,64.72159999999994
1605005782090,-6.545454545454546,2.8484848484848486,-60.817315151515096
1605005782122,6.4375,-3.4375,62.71531874999994
1605005782170,-4.458333333333333,2.1666666666666665,-41.758920833333285
1605005782202,6.375,-3.3125,62.70114374999993
1605005782234,-6.4375,3.5625,-62.75648749999993
1605005782266,6.1875,-3.4375,62.774049999999924
1605005782298,-6.1875,3.6875,-62.81872499999992
1605005782329,6.387096774193548,-3.4838709677419355,64.84679999999992
1605005782361,-6.0625,3.625,-62.85068749999992
1605005782393,6.1875,-3.4375,62.90514374999992
1605005782426,-5.878787878787879,3.515151515151515,-61.04047272727266
1605005782457,6.580645161290323,-3.6129032258064515,64.9019548387096
1605005782490,-6.0,3.1515151515151514,-60.981048484848415
1605005782523,6.121212121212121,-3.090909090909091,60.9992969696969
1605005782569,-4.3478260869565215,1.6521739130434783,-43.80927391304343
1605005782601,6.3125,-2.25,63.01347499999993
1605005782634,-6.0606060606060606,1.8181818181818181,-61.11291515151508
1605005782665,6.193548387096774,-2.193548387096774,65.05780645161283
1605005782698,-5.878787878787879,2.1818181818181817,-61.19559393939387
1605005782729,5.935483870967742,-2.838709677419355,65.21178709677412
1605005782762,-6.0,2.484848484848485,-61.17276363636357
1605005782794,6.0,-2.625,63.001831249999924
1605005782826,-6.125,2.75,-63.025431249999926
1605005782857,6.32258064516129,-2.5806451612903225,65.0539612903225
1605005782906,-4.204081632653061,1.8775510204081634,-41.141502040816285
1605005782923,11.764705882352942,-4.352941176470588,118.48036470588222
1605005782970,-4.297872340425532,1.7872340425531914,-42.79964255319144
1605005783001,6.516129032258065,-2.3225806451612905,-42.79964255319144
1605005783033,-6.25,2.5,-42.79964255319144
1605005783066,6.363636363636363,-2.121212121212121,-42.79964255319144
1605005783097,-6.580645161290323,2.129032258064516,-42.79964255319144
1605005783134,6.054054054054054,-1.5675675675675675,-42.79964255319144
1605005783161,-7.777777777777778,2.3703703703703702,-42.79964255319144
1605005783193,6.75,-2.4375,-42.79964255319144
1605005783225,-6.4375,2.375,-42.79964255319144
1605005783258,6.363636363636363,-2.5454545454545454,-42.79964255319144
1605005783290,-6.375,1.75,-42.79964255319144
1605005783323,6.181818181818182,-1.6363636363636365,-42.79964255319144
1605005783369,-4.565217391304348,0.7391304347826086,-42.79964255319144
1605005783402,6.606060606060606,-1.0303030303030303,-42.79964255319144
1605005783434,-7.0,1.5625,-42.79964255319144
1605005783465,6.838709677419355,-2.064516129032258,-42.79964255319144
1605005783498,-6.606060606060606,1.3333333333333333,-42.79964255319144
1605005783529,6.580645161290323,-1.6774193548387097,-42.79964255319144
1605005783561,-6.875,1.75,-42.79964255319144
1605005783593,6.9375,-1.5625,-42.79964255319144
1605005783626,-6.7272727272727275,1.7575757575757576,-42.79964255319144
1605005783657,6.838709677419355,-1.8064516129032258,-42.79964255319144
1605005783690,-6.363636363636363,1.5757575757575757,-42.79964255319144
1605005783724,6.235294117647059,-1.588235294117647,-42.79964255319144
1605005783770,-4.608695652173913,1.0434782608695652,-42.79964255319144
1605005783801,7.161290322580645,-1.6774193548387097,-42.79964255319144
1605005783834,-6.545454545454546,1.4545454545454546,-42.79964255319144
1605005783866,6.9375,-1.4375,-42.79964255319144
1605005783897,-6.838709677419355,1.8709677419354838,-42.79964255319144
1605005783930,6.484848484848484,-1.878787878787879,-42.79964255319144
1605005783961,-6.064516129032258,2.0,-42.79964255319144
