1604988104692,-0.6451612903225806,0.3225806451612903,0.0
1604988104724,0.75,-0.25,0.0
1604988104756,-0.8125,0.25,6.9040687499999995
1604988104789,0.48484848484848486,-0.30303030303030304,6.9040687499999995
1604988104821,-0.625,0.25,6.9040687499999995
1604988104873,0.46153846153846156,-0.11538461538461539,6.9040687499999995
1604988104901,-0.7142857142857143,0.14285714285714285,6.9040687499999995
1604988104932,0.7741935483870968,-0.12903225806451613,6.9040687499999995
1604988104965,-0.7272727272727273,0.0,6.9040687499999995
1604988104997,0.9375,0.0625,-18.819475
1604988105028,-0.967741935483871,-0.06451612903225806,-18.819475
1604988105060,0.8125,-0.0625,-18.819475
1604988105092,-0.5625,0.3125,-18.819475
1604988105125,0.42424242424242425,-0.30303030303030304,18.08141818181818
1604988105157,-0.3125,0.3125,-28.469299999999997
1604988105189,0.3125,-0.4375,28.44565625
1604988105221,-0.3125,0.4375,-28.418875
1604988105269,0.20833333333333334,-0.20833333333333334,18.919920833333332
1604988105301,-0.3125,0.25,-28.372949999999996
1604988105333,0.375,-0.25,28.3541
1604988105364,-0.3225806451612903,0.12903225806451613,-29.3162
1604988105396,0.375,-0.3125,28.38326875
1604988105428,-0.3125,0.25,-28.443550000000002
1604988105460,0.375,-0.1875,28.45009375
1604988105492,-0.3125,0.1875,-28.4475375
1604988105525,0.24242424242424243,-0.18181818181818182,27.56374545454545
1604988105557,-0.25,0.3125,-28.4095375
1604988105588,0.3225806451612903,-0.12903225806451613,29.332251612903224
1604988105637,-0.24489795918367346,0.16326530612244897,-18.542404081632654
1604988105684,0.2978723404255319,-0.0425531914893617,19.33853191489362
1604988105717,-0.36363636363636365,0.30303030303030304,-27.530042424242428
1604988105733,0.625,-0.375,56.79975
1604988105765,-0.25,0.3125,-28.357093750000004
1604988105800,0.17142857142857143,-0.2857142857142857,25.913045714285715
1604988105828,-0.21428571428571427,0.35714285714285715,-32.35835
1604988105860,0.25,-0.3125,28.275025
1604988105893,-0.30303030303030304,0.06060606060606061,-27.42449090909091
1604988105924,0.25806451612903225,-0.12903225806451613,29.238296774193554
1604988105957,-0.12121212121212122,0.18181818181818182,-27.530090909090916
1604988105990,0.06060606060606061,-0.30303030303030304,27.546812121212124
1604988106036,-0.043478260869565216,0.13043478260869565,-19.765173913043487
1604988106068,0.0,-0.5,28.44455000000001
1604988106101,0.06060606060606061,0.9090909090909091,-27.649690909090918
1604988106132,-0.12903225806451613,-1.096774193548387,29.49039354838711
1604988106164,0.125,0.8125,-28.589118750000015
1604988106198,-0.058823529411764705,-0.7058823529411765,26.842611764705893
1604988106228,0.0,0.6,-30.37297333333335
1604988106260,0.0,-0.75,28.468581250000014
1604988106292,-0.125,0.9375,-28.393712500000014
1604988106325,0.48484848484848486,-1.0303030303030303,27.431896969696986
1604988106356,-0.967741935483871,0.967741935483871,-29.0619677419355
1604988106388,1.3125,-0.9375,28.036137500000017
1604988106421,-1.4545454545454546,0.7878787878787878,-27.17635757575759
1604988106468,0.9787234042553191,-0.7659574468085106,19.14379574468086
1604988106500,-1.3125,1.4375,-28.314000000000014
1604988106532,1.25,-1.4375,28.402643750000017
1604988106564,-1.3125,0.9375,-28.434800000000017
1604988106597,1.3333333333333333,-0.36363636363636365,27.560103030303047
1604988106628,-1.4193548387096775,-0.1935483870967742,-29.33632258064518
1604988106660,1.3125,0.3125,28.438831250000018
1604988106693,-1.2727272727272727,-0.6666666666666666,-27.576775757575778
1604988106725,1.25,0.625,28.430975000000018
1604988106758,-1.1515151515151516,-0.5454545454545454,-27.578745454545473
1604988106789,1.1612903225806452,0.5806451612903226,29.378187096774216
1604988106838,-0.6938775510204082,-0.32653061224489793,-18.598085714285727
1604988106870,1.0,0.4375,28.480993750000025
1604988106900,-1.0,-0.3333333333333333,-30.357920000000025
1604988106933,0.8484848484848485,0.36363636363636365,27.586969696969717
1604988106964,-0.8387096774193549,-0.3870967741935484,-29.369109677419374
1604988106996,0.8125,0.5,28.494506250000022
1604988107028,-0.875,-0.375,-28.52980625000002
1604988107061,0.9090909090909091,0.36363636363636365,27.68595151515154
1604988107092,-0.9032258064516129,-0.3225806451612903,-29.470806451612926
1604988107124,0.875,0.4375,28.564256250000025
1604988107157,-0.8484848484848485,-0.30303030303030304,-27.728406060606083
1604988107189,0.875,0.3125,28.61760000000002
1604988107236,-0.5957446808510638,-0.0851063829787234,-19.490123404255332
1604988107269,0.8484848484848485,0.18181818181818182,27.783545454545475
1604988107301,-0.8125,-0.1875,-28.662968750000022
1604988107333,0.75,0.375,28.663606250000022
1604988107364,-0.7741935483870968,-0.3870967741935484,-29.575761290322607
1604988107396,0.75,0.5,28.666650000000025
1604988107428,-0.8125,-0.4375,-28.672856250000024
1604988107466,0.7368421052631579,0.47368421052631576,24.15104210526318
1604988107492,-1.0769230769230769,-0.6923076923076923,-35.27926923076926
1604988107526,0.8235294117647058,0.5882352941176471,26.958717647058847
1604988107556,-0.9333333333333333,-0.5333333333333333,-30.546440000000022
1604988107590,0.8823529411764706,0.47058823529411764,26.956617647058845
1604988107636,-0.6956521739130435,-0.30434782608695654,-19.905456521739147
1604988107668,1.0625,0.5,28.596718750000026
1604988107700,-1.0,-0.5,-28.59187500000003
1604988107733,0.9090909090909091,0.48484848484848486,27.74129090909094
1604988107764,-0.967741935483871,-0.5161290322580645,-29.55878709677423
1604988107797,0.9090909090909091,0.48484848484848486,27.783145454545487
1604988107828,-0.9032258064516129,-0.6451612903225806,-29.59864516129036
1604988107860,0.8125,0.4375,28.680081250000036
1604988107892,-0.75,-0.25,-28.677081250000036
1604988107924,0.6875,-0.0625,28.658462500000038
1604988107957,-0.6060606060606061,-0.36363636363636365,-27.80813939393943
1604988107990,0.6060606060606061,0.8484848484848485,27.784103030303065
1604988108021,-0.7096774193548387,-0.7096774193548387,-29.52219354838713
1604988108073,0.46153846153846156,-0.07692307692307693,17.590123076923096
1604988108101,-0.9285714285714286,0.6428571428571429,-32.685328571428606
1604988108132,0.9032258064516129,-0.5806451612903226,29.515374193548418
1604988108165,-0.9696969696969697,0.36363636363636365,-27.68419393939397
1604988108196,1.032258064516129,-0.3225806451612903,29.45098064516132
1604988108228,-1.0,0.1875,-28.53903125000003
1604988108260,1.0625,-0.3125,28.561543750000034
1604988108292,-1.1875,0.25,-28.573518750000034
1604988108325,1.2121212121212122,-0.30303030303030304,27.74601212121215
1604988108357,-1.3125,0.25,-28.66073750000003
1604988108391,1.2941176470588236,0.0,26.913323529411795
1604988108436,-0.9777777777777777,-0.044444444444444446,-20.333413333333358
1604988108469,1.2727272727272727,-0.6060606060606061,27.76607878787882
1604988108500,-1.3548387096774193,1.4838709677419355,-29.612600000000032
1604988108532,1.4375,-1.9375,28.65144375000003
1604988108565,-1.2727272727272727,2.0606060606060606,-27.738933333333364
1604988108596,1.1612903225806452,-2.7096774193548385,29.527541935483903
1604988108628,-1.1875,2.625,-28.616237500000032
1604988108660,1.3125,-2.625,28.634862500000033
1604988108693,-1.393939393939394,2.5454545454545454,-27.753896969697
1604988108725,1.5,-2.625,28.619118750000034
1604988108757,-1.5625,2.625,-28.613400000000034
1604988108789,1.5625,-2.5625,28.617300000000036
1604988108837,-1.0416666666666667,1.7083333333333333,-19.088525000000025
1604988108869,1.625,-2.5625,28.65573750000004
1604988108900,-1.7419354838709677,2.7096774193548385,-29.57319354838714
1604988108933,1.6363636363636365,-2.484848484848485,27.756345454545496
1604988108965,-1.6875,2.5625,-28.578912500000037
1604988108996,1.7419354838709677,-2.5806451612903225,29.47162580645165
1604988109029,-1.6363636363636365,2.5454545454545454,-27.667230303030333
1604988109060,1.7419354838709677,-2.774193548387097,29.462264516129068
1604988109093,-1.696969696969697,2.606060606060606,-27.67622424242428
1604988109125,1.8125,-2.5625,28.54237500000004
1604988109157,-1.8125,2.5625,-28.556181250000037
1604988109205,1.2083333333333333,-1.6666666666666667,19.044216666666692
1604988109237,-1.8125,2.5,-28.579662500000037
1604988109268,1.935483870967742,-2.5806451612903225,29.51640645161294
1604988109300,-1.9375,2.5,-28.596881250000035
1604988109333,1.9393939393939394,-2.303030303030303,27.72728484848488
1604988109365,-2.0625,2.3125,-28.593868750000034
1604988109397,2.125,-2.1875,28.599912500000034
1604988109428,-2.193548387096774,2.3225806451612905,-29.519458064516165
1604988109461,2.0606060606060606,-2.121212121212121,27.72857575757579
1604988109493,-2.125,2.25,-28.559750000000033
1604988109525,2.0625,-2.1875,28.537687500000033
1604988109557,-1.9375,2.25,-28.53968125000003
1604988109605,1.25,-1.4166666666666667,19.033354166666687
1604988109637,-1.875,2.1875,-28.54440000000003
1604988109670,1.8181818181818181,-2.0606060606060606,27.67253939393942
1604988109701,-1.8709677419354838,2.2580645161290325,-29.4401419354839
1604988109733,1.8125,-2.0625,28.50184375000003
1604988109765,-1.75,2.0625,-28.48360000000003
1604988109796,1.7419354838709677,-2.064516129032258,29.414109677419386
1604988109829,-1.6363636363636365,1.9393939393939394,-27.612127272727307
1604988109861,1.625,-2.0,28.43893125000003
1604988109892,-1.5483870967741935,2.064516129032258,-29.351606451612938
1604988109925,1.393939393939394,-1.9393939393939394,27.567939393939426
1604988109957,-1.4375,2.0,-28.446225000000034
1604988110004,0.9787234042553191,-1.446808510638298,19.365872340425554
1604988110036,-1.4375,2.0,-28.467012500000035
1604988110068,1.4375,-1.875,28.512931250000037
1604988110106,-1.1578947368421053,1.5263157894736843,-24.03808947368424
1604988110132,1.6153846153846154,-2.076923076923077,35.14590000000004
1604988110164,-1.3125,1.1875,-28.57877500000003
1604988110196,1.4375,-1.375,28.57881875000003
1604988110228,-1.5625,2.4375,-28.56555625000003
1604988110260,1.625,-3.375,28.528993750000026
1604988110292,-1.625,3.4375,-28.473518750000025
1604988110325,1.5757575757575757,-3.090909090909091,27.54754545454548
1604988110357,-1.6875,2.9375,-28.401843750000026
1604988110389,1.5625,-2.8125,28.430712500000027
1604988110437,-0.9583333333333334,1.875,-18.956975000000018
1604988110469,1.1875,-3.125,28.50407500000002
1604988110501,-0.625,3.3125,-28.64015625000002
1604988110533,0.4375,-3.375,28.75714375000002
1604988110564,-0.7096774193548387,3.3548387096774195,-29.653677419354857
1604988110596,0.8125,-3.3125,28.67115625000002
1604988110629,-0.9090909090909091,3.090909090909091,-27.781866666666687
1604988110660,1.032258064516129,-3.3548387096774195,29.54580645161293
1604988110692,-1.3125,3.25,-28.595431250000022
1604988110725,1.696969696969697,-3.090909090909091,27.61527272727275
1604988110758,-1.8181818181818181,2.727272727272727,-27.589848484848506
1604988110789,1.7419354838709677,-2.6451612903225805,29.393038709677445
1604988110837,-1.0,1.75,-19.013083333333352
1604988110868,1.4193548387096775,-3.2903225806451615,29.50245806451616
1604988110900,-1.3125,3.6875,-28.627181250000024
1604988110932,1.25,-3.625,28.644143750000026
1604988110965,-1.1515151515151516,3.090909090909091,-27.769515151515176
1604988110996,1.2258064516129032,-3.161290322580645,29.56278709677422
1604988111028,-1.125,3.125,-28.652125000000026
1604988111060,1.0625,-3.0625,28.681031250000032
1604988111092,-1.0,2.8125,-28.70369375000003
1604988111125,0.8484848484848485,-2.6666666666666665,27.87067272727276
1604988111173,-0.5416666666666666,1.8333333333333333,-19.16970000000002
1604988111206,0.8484848484848485,-2.606060606060606,27.8790666666667
1604988111237,-0.967741935483871,2.774193548387097,-29.67376129032262
1604988111268,0.967741935483871,-2.774193548387097,29.660187096774234
1604988111300,-0.9375,2.6875,-28.726937500000034
1604988111332,0.9375,-2.625,28.739756250000035
1604988111364,-0.9375,2.625,-28.75800625000003
1604988111396,0.875,-2.625,28.746250000000032
1604988111429,-0.7272727272727273,2.5454545454545454,-27.870993939393973
1604988111460,0.7096774193548387,-2.6451612903225805,29.665948387096808
1604988111492,-0.625,2.5,-28.733493750000036
1604988111525,0.6060606060606061,-2.3636363636363638,27.840303030303065
1604988111557,-0.625,2.4375,-28.68952500000003
1604988111605,0.375,-1.5833333333333333,19.123495833333354
1604988111638,-0.42424242424242425,2.4242424242424243,-27.80537575757579
1604988111668,0.3333333333333333,-2.7333333333333334,30.597300000000036
1604988111700,-0.25,2.75,-28.682750000000034
1604988111732,0.1875,-2.6875,28.70433125000004
1604988111764,-0.1875,2.75,-28.703318750000037
1604988111796,0.1875,-2.625,28.704618750000037
1604988111828,-0.125,2.75,-28.685368750000034
1604988111860,0.125,-2.625,28.690375000000035
1604988111892,-0.125,2.6875,-28.68440000000004
1604988111924,0.125,-2.5625,28.66615625000004
1604988111973,-0.04081632653061224,1.6326530612244898,-18.719742857142883
1604988112006,0.06060606060606061,-2.303030303030303,27.832478787878824
1604988112038,0.0,2.375,-28.70830625000004
1604988112069,-0.06451612903225806,-2.4516129032258065,29.604212903225847
1604988112100,0.06451612903225806,2.3870967741935485,-29.578541935483916
1604988112133,-0.06060606060606061,-2.242424242424242,27.78447272727277
1604988112164,0.06451612903225806,2.3225806451612905,-29.576574193548435
1604988112198,-0.058823529411764705,-2.2941176470588234,26.93664117647063
1604988112229,0.06451612903225806,2.3225806451612905,-29.559696774193593
1604988112261,-0.0625,-2.375,28.637200000000043
1604988112293,0.0625,2.3125,-28.66220000000004
1604988112325,-0.0625,-2.5625,28.64222500000004
1604988112373,0.041666666666666664,1.5833333333333333,-19.12389583333336
1604988112404,0.0,-2.7096774193548385,29.556341935483914
1604988112436,0.0,2.4375,-28.68878125000004
1604988112469,0.06060606060606061,-2.727272727272727,27.804303030303068
1604988112500,-0.12903225806451613,2.5806451612903225,27.804303030303068
1604988112532,0.125,-2.8125,27.804303030303068
1604988112564,0.0,3.25,-38.93295000000004
1604988112596,0.0,-2.875,-38.93295000000004
1604988112628,0.5,2.6875,-38.93295000000004
