1604463021789,0.00035444234404536864,0.00248109640831758,0.000256084593572781
1604463022009,-0.00045454545454545455,0.0008057851239669421,-6.502892561983481e-05
1604463022150,-0.0014586791408882852,0.0004023942457622856,-0.000311714702479755
1604463022185,-0.015510204081632653,-0.0032653061224489797,-0.0036186122448979476
1604463022391,-0.0008954661136770666,-0.0009425959091337543,-0.0011479474974078615
1604463022451,-0.002777777777777778,-0.003611111111111111,0.013111777777777781
1604463022517,-0.0002295684113865932,-0.002295684113865932,0.00042747933884297476
1604463022597,0.0003125,-0.00390625,-0.0001663281250000015
1604463022636,0.0013149243918474688,-0.0039447731755424065,0.0013224852071005999
1604463022684,0.002170138888888889,-0.002170138888888889,0.0042037760416666625
1604463022898,0.0008952746964800419,-0.0004148833959297755,-3.878941392261322e-05
1604463023026,0.00189208984375,0.00018310546875,0.0004887695312499989
1604463023103,0.0025299375948726597,0.0013493000505987519,9.637375611401774e-05
1604463023149,0.002835538752362949,0.0023629489603024575,-0.00023629489603024575
1604463023265,0.0014120095124851367,0.002080856123662307,-0.000142479191438764
1604463023318,0.000711997152011392,0.003203987184051264,-0.00019284442862228254
1604463023356,0.0013850415512465374,0.009695290858725761,0.0006394736842105171
1604463023406,0.0,0.0048,0.00016324000000000752
1604463023450,-0.0025826446280991736,0.00981404958677686,0.00029121900826445575
1604463023525,-0.0044444444444444444,0.0032,-0.00029086222222222204
1604463023562,-0.002191380569758948,0.004382761139517896,-0.00031672753834914845
1604463023606,0.007231404958677686,0.0030991735537190084,-0.0003707128099173594
1604463023776,-0.0012802768166089965,0.00017301038062283736,-0.00019403460207612425
1604463024069,-0.0005707696071008398,-0.0006406597630723713,-0.0006469661848128692
1604463024157,0.0,-0.0021952479338842976,0.0061769369834710755
1604463024199,0.0011337868480725624,-0.0045351473922902496,-0.00023197278911564538
1604463024238,0.0013149243918474688,-0.0013149243918474688,-0.0005314924391847508
1604463024285,0.0009053870529651426,-0.001358080579447714,-0.00012802172928927516
1604463024330,0.0024691358024691358,-0.002962962962962963,8.399999999999547e-05
1604463024368,0.0006925207756232687,-0.0013850415512465374,-0.0009581024930747908
1604463024417,-0.00041649312786339027,-0.0008329862557267805,-0.00021970012494793977
1604463024455,0.002077562326869806,-0.004155124653739612,-0.0020815789473684165
1604463024494,0.0006574621959237344,-0.0006574621959237344,-0.0013459566074950715
1604463024552,0.00029726516052318666,-0.0011890606420927466,-0.00035445897740784546
1604463024587,-0.0008163265306122449,-0.004897959183673469,-0.004215020408163262
1604463024613,-0.0029585798816568047,-0.0014792899408284023,-0.002425887573964514
1604463024660,0.0,0.0,-0.00135509280217292
1604463024704,-0.0010330578512396695,-0.0015495867768595042,-0.000988016528925622
1604463024751,-0.0009053870529651426,0.0,-0.0009118153010412027
1604463024796,-0.0004938271604938272,-0.0014814814814814814,-0.0016215308641975203
1604463024837,0.0,0.000594883997620464,-0.0011250446162998202
1604463024875,0.0006925207756232687,0.0,-0.000651592797783933
1604463024917,-0.0005668934240362812,0.0,-0.0022498299319727963
1604463024959,-0.0005668934240362812,0.0,-0.0007606575963718857
1604463025005,-0.000945179584120983,0.0004725897920604915,-0.0017700850661625674
1604463025037,-0.001953125,0.0,-0.0006318359374999916
1604463025084,-0.0004526935264825713,-0.0004526935264825713,-0.0005145314622000976
1604463025134,-0.0004,0.0,-0.02542448
1604463025169,0.0024489795918367346,-0.0024489795918367346,0.0556454693877551
1604463025217,-0.00043402777777777775,-0.00043402777777777775,0.0010192708333333325
1604463025263,0.0014177693761814746,-0.000945179584120983,0.002323298676748582
1604463025301,0.0006925207756232687,-0.0006925207756232687,0.0020846952908587266
1604463025351,0.0,0.0,0.001537760000000003
1604463025386,0.004081632653061225,0.0,0.007672571428571427
1604463025429,0.002163331530557058,-0.002163331530557058,0.0021755543537047115
1604463025467,0.0,0.002770083102493075,0.001589750692520761
1604463025517,0.0008,0.0,0.0016339600000000018
1604463025554,0.0,-0.0029218407596785976,0.0014594594594594733
1604463025591,0.005113221329437546,0.002191380569758948,0.0053240321402483375
1604463025628,0.0007304601899196494,0.0014609203798392988,0.001403433162892624
1604463025668,0.000625,0.00125,0.002105062499999999
1604463025721,0.000355998576005696,0.0,0.0003589533641865503
1604463025774,0.0,0.001423994304022784,0.000995550017799922
1604463025820,-0.0014177693761814746,0.001890359168241966,2.3629489603029946e-05
1604463025862,-0.0005668934240362812,0.0005668934240362812,0.00021258503401360543
1604463025905,0.0,0.0,0.0
1604463027326,5.942827032533511e-06,5.2494972120712686e-05,-4.952355860444592e-07
1604463027362,-0.006172839506172839,-0.0038580246913580245,-0.0007716049382716049
1604463027406,-0.0010330578512396695,-0.0005165289256198347,0.0007747933884297521
1604463027453,-0.0036215482118605704,-0.0036215482118605704,0.0
1604463027484,-0.011446409989594173,-0.014568158168574402,-0.0020517169614984376
1604463027527,-0.003244997295835587,-0.0037858301784748512,0.0002915630070308224
1604463027566,-0.0019723865877712033,-0.005917159763313609,0.00018770545693623484
1604463027606,-0.0025,-0.005,0.00023081249999998832
1604463027653,-0.0004526935264825713,-0.0022634676324128564,-4.391127206872316e-06
1604463027691,-0.0034626038781163434,-0.009695290858725761,-8.26177285318627e-05
1604463027726,0.0024489795918367346,-0.004897959183673469,0.0004404081632653093
1604463027766,0.001875,-0.003125,-0.0003405000000000058
1604463027806,-0.000625,-0.004375,-0.0750721875
1604463027854,0.0026041666666666665,-0.0026041666666666665,0.05255785590277778
1604463027892,0.006925207756232687,-0.01038781163434903,-0.08225540166204985
1604463028828,8.560705676090291e-05,0.00012441558915917892,0.00013607081872306232
1604463028918,-0.0011111111111111111,-0.0001234567901234568,-6.17283950617284e-05
1604463028973,-0.006611570247933884,-0.00033057851239669424,-0.00012396694214876033
1604463029020,-0.003168854685377999,-0.0009053870529651426,-0.00028293345405160705
1604463029058,-0.007617728531855956,-0.004847645429362881,0.00034626038781163435
1604463029097,-0.006574621959237344,-0.009204470742932281,-0.00011124260355028887
1604463029133,-0.006172839506172839,-0.007716049382716049,-2.4691358024853116e-06
1604463029187,-0.00102880658436214,-0.0027434842249657062,-0.0002891632373113841
1604463029224,-0.01095690284879474,-0.01168736303871439,0.0002361577794010354
1604463029261,-0.0014609203798392988,-0.005843681519357195,0.0001363038714390055
1604463029300,-0.0046022353714661405,-0.003287310979618672,3.701512163050173e-05
1604463029340,-0.001875,-0.005625,6.600000000000605e-05
1604463029386,-0.001890359168241966,-0.005671077504725898,0.00011587901701322437
1604463029425,-0.0013149243918474688,-0.0039447731755424065,-0.00017843523997370143
1604463029462,-0.0014609203798392988,-0.0029218407596785976,0.0003206720233747209
1604463029500,0.0013850415512465374,-0.00554016620498615,-4.778393351799751e-05
1604463029549,0.0,-0.0020824656393169513,0.00010412328196584757
1604463029581,-0.0009765625,-0.0078125,-0.00019277343749998788
1604463029628,0.0,-0.0018107741059302852,2.5396106835666137e-05
1604463029652,0.0,-0.005208333333333333,0.0006069444444444608
1604463029710,0.0005945303210463733,-0.0008917954815695601,-0.00016287158145065353
1604463029755,0.0014814814814814814,-0.0024691358024691358,-0.0005881481481481494
1604463029797,-0.0005668934240362812,0.0011337868480725624,-0.0002103174603174656
1604463029834,0.0007304601899196494,-0.0007304601899196494,-0.0008424397370343327
1604463029866,0.0009765625,0.0009765625,-0.0025218750000000068
1604463029912,0.000945179584120983,-0.0004725897920604915,-0.000931852551984878
1604463029957,0.0004938271604938272,0.0009876543209876543,-0.002709234567901233
1604463029998,-0.001189767995240928,-0.001189767995240928,-0.0013741820345032731
1604463030054,0.00031887755102040814,0.0,-0.0009049426020408133
1604463030087,-0.0027548209366391185,0.0009182736455463728,-0.006160422405876945
1604463030134,0.0004526935264825713,-0.0009053870529651426,-0.0012759167043911272
1604463030186,-0.0011094674556213018,0.0007396449704142012,-0.0013496671597633201
1604463030224,0.0,0.0,-0.0019916204986149596
1604463030267,-0.001081665765278529,0.0,-0.0023253650621957805
1604463030306,-0.0006574621959237344,0.0,-0.001407232084155161
1604463030351,-0.0004938271604938272,0.0,-0.0009635555555555556
1604463030382,-0.002081165452653486,-0.001040582726326743,-0.004550780437044746
1604463030413,0.0,-0.001040582726326743,-0.000931321540062416
1604463030451,-0.0013850415512465374,0.0006925207756232687,-0.0016770775623268805
1604463030505,0.0003429355281207133,0.0003429355281207133,-0.0002265432098765391
1604463030555,-0.0012,-0.0004,-0.0005618400000000065
1604463030598,0.0,-0.001081665765278529,0.00030059491617090585
1604463030637,-0.0006574621959237344,-0.0026298487836949377,-0.00036107823800130494
1604463030689,0.0,0.0014792899408284023,0.0004341346153846166
1604463030740,0.00038446751249519417,-0.0011534025374855825,0.0003281045751633962
1604463030785,-0.0004938271604938272,-0.0009876543209876543,0.000912543209876548
1604463030824,0.0013149243918474688,0.0013149243918474688,0.002839447731755412
1604463030864,0.00125,-0.00125,0.001294500000000003
1604463030910,0.0,0.0,0.001100141776937618
1604463030957,0.002716161158895428,0.0022634676324128564,0.002436849253055686
1604463030993,0.0023148148148148147,0.0,0.0025241512345678986
1604463031032,0.0013149243918474688,0.0013149243918474688,0.001198356344510189
1604463031073,0.001189767995240928,0.0,0.0012331945270672264
1604463031120,0.0,0.0018107741059302852,0.001921774558623804
1604463031168,0.0,0.00043402777777777775,0.0018428385416666693
1604463031208,0.0,0.001875,0.000970437499999992
1604463031255,-0.0009053870529651426,0.0009053870529651426,0.0013993209597102814
1604463031297,-0.0022675736961451248,0.0011337868480725624,0.0029831632653061282
1604463031340,-0.001081665765278529,0.0016224986479177934,0.00204553812871822
1604463031388,0.0,0.0026041666666666665,0.0011604166666666638
1604463031428,-0.000625,-0.000625,0.0015441875000000139
1604463031464,0.0,0.0015432098765432098,0.00044436728395060964
1604463031554,0.0001234567901234568,-0.0007407407407407407,-0.00016754320987654353
1604463031596,0.0022675736961451248,-0.0011337868480725624,0.0007086167800453515
1604463031633,0.0007304601899196494,-0.0007304601899196494,-0.000547845142439737
1604463031672,0.003287310979618672,-0.0026298487836949377,0.0004930966469428008
1604463031719,0.0009053870529651426,0.0,0.00011317338162064282
1604463031760,0.004759071980963712,-0.005353955978584176,0.0
1604463031800,0.00125,-0.001875,-0.000625
1604463031841,0.001189767995240928,-0.001784651992861392,0.00037180249851279
1604463032543,0.00013798589297164796,0.00014407350589686773,7.609516156524704e-07
1604463032587,0.0,0.0025826446280991736,-0.0006886880165289299
1604463032626,-0.0006574621959237344,0.0039447731755424065,0.0008765943458251206
1604463032792,-0.0008346639570329511,0.00097982290608216,-8.467484395413007e-05
1604463032829,-0.005843681519357195,0.002191380569758948,0.0015217677136596117
1604463032865,-0.0023148148148148147,0.0,-0.0009645061728395061
1604463032922,-0.002770083102493075,0.0009233610341643582,0.00032489996922129835
1604463032974,-0.005177514792899409,-0.0014792899408284023,-0.0001592455621301769
1604463033022,-0.002170138888888889,0.0,0.00010355902777777389
1604463033062,-0.00875,-0.0025,0.0003283125000000098
1604463033110,-0.0026041666666666665,-0.002170138888888889,-0.04996571180555556
1604463033153,-0.0037858301784748512,-0.0016224986479177934,0.06186365603028664
1604463033191,-0.01038781163434903,-0.007617728531855956,-0.0009336565096952849
1604463033227,-0.0038580246913580245,-0.005401234567901234,-0.000525154320987653
1604463033265,-0.004847645429362881,-0.004155124653739612,-0.00036357340720222
1604463033302,-0.0029218407596785976,-0.002191380569758948,0.00026698319941562983
1604463033353,-0.0015378700499807767,-0.006151480199923107,-0.0006882737408688961
1604463033391,-0.0034626038781163434,-0.004847645429362881,-0.000918421052631579
1604463033428,0.0007304601899196494,-0.005113221329437546,-0.0014457268078889639
1604463033467,-0.0006574621959237344,-0.0026298487836949377,-0.00010618014464167623
1604463033520,0.0,-0.00177999288002848,-0.0004560697757209004
1604463033562,0.0022675736961451248,-0.006802721088435374,0.0004998866213151918
1604463033604,0.0005668934240362812,-0.0011337868480725624,-0.0002459750566893391
1604463033643,0.0026298487836949377,-0.0026298487836949377,0.00021374095989480077
1604463033687,0.0030991735537190084,-0.0025826446280991736,0.00043641528925619604
1604463033726,0.005259697567389875,-0.0039447731755424065,-0.0007493754109138778
1604463033769,0.0037858301784748512,-0.0027041644131963224,-0.0002533802055164832
1604463033822,0.00177999288002848,-0.002135991456034176,-9.722321110715537e-05
1604463033896,0.004017531044558071,-0.0012783053323593865,0.00041658144631117315
1604463033933,0.005843681519357195,0.0,0.0037346238130022045
1604463034189,0.0006103515625,0.000335693359375,1.5303039550780984e-05
1604463034231,0.0017006802721088435,0.006802721088435374,-0.0011576530612244925
1604463034274,0.0,0.0037858301784748512,-0.001946836127636552
1604463034321,0.0,0.0018107741059302852,-0.00034065187867813386
1604463034359,-0.002077562326869806,0.0034626038781163434,-0.0009349722991689734
1604463034396,0.0,0.0014609203798392988,0.0012197954711468109
1604463034435,-0.0006574621959237344,-0.0006574621959237344,-0.0005153188691650133
1604463034476,-0.000594883997620464,0.0,0.00026335514574658066
1604463034523,-0.0022634676324128564,0.0004526935264825713,0.0005228610230873703
1604463034602,-0.0006409229290177856,-0.0014420765902900176,-0.0006640762698285566
1604463034642,-0.000625,-0.001875,-0.0008164999999999978
1604463034688,-0.0004725897920604915,-0.0023629489603024575,-0.0012088846880907338
1604463034724,-0.0030864197530864196,-0.010030864197530864,-0.0019601851851851894
1604463034798,-0.0009130752373995618,-0.001643535427319211,-0.0005920014609203768
1604463034889,-0.0004830334500664171,-0.00036227508754981284,-0.0006931892283540658
1604463034927,-0.00554016620498615,-0.0013850415512465374,-0.007308587257617721
1604463034966,-0.0013149243918474688,-0.0006574621959237344,-0.0012705456936226197
1604463035004,-0.0013850415512465374,0.0006925207756232687,-0.001539958448753468
1604463035055,-0.0011534025374855825,-0.00038446751249519417,-0.0013138023836985696
1604463035099,-0.0046487603305785125,0.002066115702479339,-0.001928202479338845
1604463035142,-0.001081665765278529,-0.001081665765278529,-0.00017268793942671625
1604463035190,-0.002170138888888889,0.0,-0.0006654947916666654
1604463035229,-0.0013149243918474688,0.0013149243918474688,-0.0007520710059171612
1604463035265,0.0,0.0,-8.719135802473486e-06
1604463035306,0.0,0.000594883997620464,-0.04067233789411065
1604463035355,0.0008329862557267805,0.0,0.029110995418575588
1604463035394,0.0,0.0006574621959237344,0.0005415516107823815
1604463035431,0.005113221329437546,0.0014609203798392988,0.0015769905040175433
1604463035475,0.0,0.002066115702479339,0.0008971074380165228
1604463035521,0.002835538752362949,0.0004725897920604915,0.0011729678638941396
1604463035558,0.003652300949598247,0.003652300949598247,0.0030737764791818833
1604463035597,0.0,0.0006574621959237344,0.0018472715318869114
1604463035634,0.0007304601899196494,0.0029218407596785976,0.0017882395909423014
1604463035677,0.001081665765278529,0.001081665765278529,0.0017623580313683078
1604463035721,0.0005165289256198347,0.002066115702479339,0.0030056818181818123
1604463035759,-0.002077562326869806,0.004847645429362881,0.0008445983379501482
1604463035798,-0.0013149243918474688,0.0039447731755424065,0.0026128862590401028
1604463035839,0.0,0.001189767995240928,0.001319512195121947
1604463035888,-0.0008329862557267805,0.001665972511453561,0.0004680133277800973
1604463035932,-0.0005165289256198347,0.003615702479338843,0.0021089359504132205
1604463035989,0.0,-0.0015389350569405972,0.0005363804247460798
1604463036027,-0.002077562326869806,-0.002770083102493075,0.0009734072022160614
1604463036063,0.0,-0.004629629629629629,0.0006626543209876561
1604463036104,-0.000594883997620464,-0.003569303985722784,-0.0002320642474717538
1604463036157,-0.000711997152011392,-0.002847988608045568,0.00022061231755073798
1604463036204,0.0004526935264825713,-0.006337709370755998,-0.0004199637845178885
1604463036256,-0.0007396449704142012,-0.0029585798816568047,9.297337278106126e-05
1604463036292,0.0015432098765432098,-0.012345679012345678,0.0024401234567901385
1604463036752,6.61625708884688e-05,1.8903591682419658e-05,2.1208884688090704e-05
1604463036788,0.0015432098765432098,0.010802469135802469,-0.0014524691358024614
1604463036820,0.0,0.009765625,-0.0011462890625
1604463036851,0.0,0.007284079084287201,0.0011907388137356784
1604463036909,-0.00029726516052318666,0.0032699167657550534,-1.1593341260400495e-05
1604463036955,0.0004725897920604915,0.003780718336483932,0.00028629489603024006
1604463036996,-0.000594883997620464,0.010707911957168352,0.0005956573468173794
1604463037038,0.0005668934240362812,0.003968253968253968,-0.0002774943310657715
1604463037089,-0.0015378700499807767,0.00461361014994233,-0.00032948865820838115
1604463037127,-0.0006925207756232687,0.0110803324099723,0.00024286703601109248
1604463037165,-0.0013850415512465374,0.004847645429362881,-0.00039141274238227447
1604463037204,-0.0006574621959237344,0.005917159763313609,3.136094674555678e-05
1604463037255,0.0011534025374855825,0.0007689350249903883,0.00018973471741638278
1604463037289,0.0,0.005190311418685121,0.0001109861591695466
1604463037336,-0.0009053870529651426,0.0009053870529651426,-0.00018641919420552263
1604463037367,-0.002081165452653486,0.001040582726326743,-0.00036722164412071313
1604463037405,0.0013850415512465374,-0.0006925207756232687,0.0005770775623268756
1604463037457,0.0003698224852071006,0.0,0.0002465606508875709
1604463037493,0.0030864197530864196,-0.005401234567901234,-0.0011222993827160461
1604463037533,0.0,-0.003125,0.00019881249999999186
1604463037574,0.001784651992861392,-0.003569303985722784,0.0003785841760856686
1604463037618,0.0015495867768595042,-0.004132231404958678,-9.183884297520178e-05
1604463037649,0.004162330905306972,-0.011446409989594173,-0.0005541103017689895
1604463037703,0.00102880658436214,-0.0017146776406035665,0.00015785322359396074
1604463037743,0.003125,-0.005625,0.00026987500000000606
1604463037791,0.0,-0.002170138888888889,0.00012387152777776974
1604463037828,-0.002191380569758948,-0.005113221329437546,-0.0011739225712198704
1604463037865,0.005113221329437546,-0.005843681519357195,-0.0007612125639152494
1604463037911,0.0014177693761814746,-0.002835538752362949,-0.001087807183364846
1604463037949,0.0013850415512465374,-0.004155124653739612,-0.0010588642659279752
1604463037993,0.0025826446280991736,-0.0025826446280991736,-0.0029559400826446296
1604463038035,0.0,-0.0022675736961451248,-0.0013973356009070296
1604463038066,0.0,0.0,-0.001435067637877205
1604463038122,0.0006377551020408163,-0.0006377551020408163,-0.0003914221938775485
1604463038150,-0.0012755102040816326,-0.0012755102040816326,-0.002786479591836757
1604463038204,0.0017146776406035665,-0.00102880658436214,-0.0006414266117969785
1604463038256,0.0003698224852071006,0.0,-0.0006168269230769243
1604463038292,0.0015432098765432098,0.0007716049382716049,-0.0015856481481481535
1604463038323,0.0,0.0,-0.00029469302809572703
1604463038370,0.0,0.0004526935264825713,6.803983703032468e-05
1604463038407,0.0,0.0014609203798392988,0.000611541271000748
1604463038463,0.0,0.0006377551020408163,0.0010073660714285699
1604463038507,0.0005165289256198347,0.0010330578512396695,0.0013571280991735509
1604463038557,-0.002,0.0008,0.0007492799999999989
1604463038594,-0.0007304601899196494,0.0014609203798392988,0.003115485756026289
1604463038635,-0.000594883997620464,0.001189767995240928,0.0020482450922070287
1604463038672,-0.0007304601899196494,0.0007304601899196494,0.0013531775018261446
1604463038709,-0.0007304601899196494,0.0014609203798392988,0.001461869978086205
1604463038758,0.00041649312786339027,0.0012494793835901709,0.00101291128696376
1604463038796,-0.006232686980609419,0.00554016620498615,0.002066343490304711
1604463038835,0.0039447731755424065,-0.003287310979618672,0.00015982905982905873
1604463040029,-1.4730267754181292e-05,3.226630079487331e-05,-6.012053567670868e-07
1604463040065,-0.0015432098765432098,0.006172839506172839,0.00017908950617284155
1604463040107,0.0011337868480725624,0.003968253968253968,-0.00021258503401360543
1604463040156,0.00041649312786339027,0.001665972511453561,0.00010412328196584757
1604463040199,0.0,0.0005408328826392645,-0.0012168739859383451
1604463040242,0.0,-0.0005408328826392645,0.0009544077879935126
1604463040290,0.0,-0.002170138888888889,0.00018893229166665963
1604463040329,-0.0006574621959237344,-0.007232084155161078,-0.0002684418145956588
1604463040366,-0.0007304601899196494,-0.0029218407596785976,-0.00026720233747259226
1604463040407,0.0,-0.002379535990481856,-0.0007043426531826449
1604463040461,-0.0003429355281207133,-0.0027434842249657062,0.00039187242798354566
1604463040501,0.000625,-0.008125,-0.0007137499999999975
1604463040631,0.0,-0.001183431952662722,-0.0002816923076923083
1604463040676,-0.0004938271604938272,-0.0014814814814814814,-0.0015043950617283977
1604463040723,0.0004526935264825713,-0.0022634676324128564,-0.0011554549569941176
1604463040760,-0.0014609203798392988,-0.003652300949598247,-0.00431285609934257
1604463040797,0.0,-0.0029218407596785976,-0.0018498904309715112
1604463040838,-0.000594883997620464,-0.001189767995240928,-0.0014932778108268873
1604463040877,0.0006574621959237344,0.0,-0.0016113083497698983
1604463040922,0.0,-0.0004938271604938272,-0.001378172839506168
1604463040960,0.0,-0.0006925207756232687,-0.0016576177285318701
1604463041002,0.0005668934240362812,0.0,-0.0019944444444444324
1604463041041,0.0006574621959237344,0.0,-0.0015084812623274136
1604463041078,0.0014609203798392988,-0.0007304601899196494,-0.0001724616508400451
1604463041124,0.0,0.0004725897920604915,-0.00080070888468809
1604463041160,0.0030864197530864196,-0.0015432098765432098,0.0030784722222222216
1604463041199,0.0,-0.0006574621959237344,-0.00015016436554897666
1604463041239,0.00125,0.0,0.002035437499999997
1604463041290,0.0011534025374855825,-0.00038446751249519417,0.0013393310265282566
1604463041326,0.0,0.0,0.0024145061728395043
1604463041362,0.0023148148148148147,0.0007716049382716049,0.004960956790123468
1604463041402,0.001875,0.00125,0.002416
1604463041441,0.0,0.0013149243918474688,0.0021309007232084083
1604463041491,0.0004,0.0008,0.0012009200000000079
1604463041533,0.0022675736961451248,0.003401360544217687,0.0029122448979591715
1604463041578,0.0004938271604938272,0.0019753086419753087,0.0007502716049382792
1604463041625,0.0018107741059302852,0.0004526935264825713,0.0011843820733363492
1604463042702,-3.1036382399267544e-05,-1.2931825999694809e-05,-8.621217333129873e-07
1604463042740,-0.009695290858725761,0.0013850415512465374,0.00029681440443212517
1604463042792,-0.004437869822485207,0.0011094674556213018,-0.0002677884615384589
1604463042835,-0.01352082206598161,0.003244997295835587,-0.003999945916711727
1604463042890,-0.004628099173553719,0.0009917355371900827,-0.0005699504132231475
1604463042929,-0.009204470742932281,0.0019723865877712033,-0.09026877054569363
