1604988672597,-1.2121212121212122,0.5454545454545454,0.0
1604988672629,1.4375,-0.625,0.0
1604988672660,-1.2903225806451613,0.45161290322580644,0.0
1604988672693,1.393939393939394,-0.42424242424242425,0.0
1604988672725,-1.375,0.3125,0.0
1604988672758,1.393939393939394,-0.30303030303030304,8.878787878787879
1604988672805,-0.9361702127659575,0.1702127659574468,-12.278523404255319
1604988672836,1.3548387096774193,-0.3225806451612903,18.575580645161292
1604988672868,-1.125,0.375,-18.009462499999998
1604988672901,0.9696969696969697,-0.36363636363636365,17.4850303030303
1604988672932,-0.967741935483871,0.3225806451612903,-18.62815483870967
1604988672964,1.0,-0.1875,18.03819374999999
1604988672996,-0.9375,0.1875,-18.05926874999999
1604988673029,0.9696969696969697,-0.12121212121212122,17.541636363636353
1604988673061,-0.9375,0.3125,-18.07493124999999
1604988673093,1.0,-0.1875,18.078831249999993
1604988673126,-0.9090909090909091,0.0,-17.52446666666666
1604988673158,0.9375,-0.0625,18.077899999999993
1604988673205,-0.6808510638297872,0.0,-12.320502127659571
1604988673236,1.1612903225806452,-0.12903225806451613,18.66254838709677
1604988673268,-1.1875,0.125,-18.070956249999995
1604988673300,1.1875,-0.125,18.070612499999996
1604988673333,-1.1515151515151516,0.06060606060606061,-17.554581818181816
1604988673364,1.2903225806451613,-0.12903225806451613,18.68091612903225
1604988673396,-1.25,0.0625,-18.123318749999996
1604988673429,1.2121212121212122,-0.06060606060606061,17.58524242424242
1604988673461,-1.25,0.125,-18.143956249999995
1604988673493,1.25,-0.1875,18.117043749999993
1604988673525,-1.1875,0.1875,-18.09321874999999
1604988673558,1.0303030303030303,-0.18181818181818182,17.52528484848484
1604988673605,-0.723404255319149,0.1276595744680851,-12.30714042553191
1604988673637,1.0625,-0.125,18.064412499999996
1604988673668,-1.096774193548387,0.06451612903225806,-18.62385161290322
1604988673700,1.0625,0.0625,18.032968749999995
1604988673733,-0.9696969696969697,-0.12121212121212122,-17.477472727272723
1604988673765,1.0,0.125,18.005743749999993
1604988673797,-1.0625,-0.125,-17.972818749999988
1604988673829,1.125,0.125,17.965899999999987
1604988673861,-1.125,-0.0625,-17.971018749999985
1604988673893,1.1875,0.0,17.931524999999983
1604988673925,-1.1875,0.0,-17.897206249999982
1604988673957,1.1875,0.125,17.867024999999984
1604988674005,-0.7916666666666666,-0.125,-11.89057083333332
1604988674036,1.2903225806451613,0.25806451612903225,18.390787096774172
1604988674069,-1.2121212121212122,-0.18181818181818182,-17.238757575757557
1604988674101,1.3125,0.25,17.74166249999998
1604988674133,-1.25,-0.125,-17.70353124999998
1604988674165,1.3125,0.1875,17.685081249999982
1604988674197,-1.3125,-0.1875,-17.68655624999998
1604988674229,1.4375,0.25,17.641337499999977
1604988674261,-1.5,-0.1875,-17.538799999999974
1604988674293,1.5,0.125,17.458218749999972
1604988674326,-1.393939393939394,0.0,-16.963351515151487
1604988674357,1.5483870967741935,0.0,18.105567741935456
1604988674404,-1.0638297872340425,0.0,-11.953706382978707
1604988674437,1.6363636363636365,0.12121212121212122,17.010115151515127
1604988674468,-1.8064516129032258,-0.25806451612903225,-18.078393548387073
1604988674501,1.696969696969697,0.30303030303030304,16.960103030303006
1604988674533,-1.6875,-0.375,-17.468843749999973
1604988674565,1.75,0.5,17.468618749999973
1604988674597,-1.8125,-0.875,-17.514856249999973
1604988674629,1.75,1.0,17.54913749999997
1604988674661,-1.75,-1.25,-17.604537499999967
1604988674693,1.8125,1.5625,17.704412499999968
1604988674726,-1.878787878787879,-1.5757575757575757,-17.227593939393905
1604988674757,2.0,1.4838709677419355,18.320541935483835
1604988674805,-1.2916666666666667,-0.75,-11.813116666666645
1604988674837,1.8125,0.4375,17.734381249999966
1604988674869,-1.8125,0.1875,-17.69115624999997
1604988674901,1.8125,-0.625,17.648537499999968
1604988674933,-1.8125,0.8125,-17.65569999999997
1604988674964,1.7419354838709677,-0.8387096774193549,18.301283870967712
1604988674996,-1.875,-0.125,-17.610137499999972
1604988675029,1.8181818181818181,0.6666666666666666,16.989006060606034
1604988675061,-1.8125,-0.625,-17.53046249999997
1604988675093,1.625,0.5,17.496656249999972
1604988675126,-1.5757575757575757,-0.42424242424242425,-16.947290909090885
1604988675157,1.5483870967741935,0.25806451612903225,18.039122580645135
1604988675205,-1.0,-0.08333333333333333,-11.669612499999985
1604988675236,1.4193548387096775,-0.12903225806451613,18.1148387096774
1604988675269,-1.2727272727272727,0.30303030303030304,-17.064593939393923
1604988675301,1.25,-0.1875,17.58371874999998
1604988675332,-1.4193548387096775,-0.1935483870967742,-18.125683870967723
1604988675365,1.3333333333333333,0.36363636363636365,17.013006060606042
1604988675396,-1.5483870967741935,-0.7741935483870968,-18.06831612903224
1604988675429,1.4545454545454546,0.9090909090909091,16.944563636363622
1604988675461,-1.4375,-1.0,-17.47251874999998
1604988675493,1.375,0.875,17.488124999999982
1604988675526,-1.393939393939394,-0.9696969696969697,-17.002987878787863
1604988675557,1.4838709677419355,1.096774193548387,18.136109677419338
1604988675604,-0.8936170212765957,-0.7659574468085106,-11.98126808510637
1604988675636,1.25,1.25,17.605506249999983
1604988675669,-1.2121212121212122,-1.2727272727272727,-17.069769696969676
1604988675701,1.3125,1.375,17.588868749999975
1604988675733,-1.25,-1.4375,-17.573937499999975
1604988675764,1.2903225806451613,1.5483870967741935,18.1144516129032
1604988675797,-1.1515151515151516,-1.393939393939394,-17.02604848484846
1604988675829,1.25,1.4375,17.596756249999974
1604988675861,-1.25,-1.375,-17.637043749999975
1604988675895,1.2352941176470589,1.3529411764705883,16.601358823529388
1604988675926,-1.2903225806451613,-1.4838709677419355,-18.19279354838707
1604988675973,0.851063829787234,1.0638297872340425,11.98208085106381
1604988676004,-1.2258064516129032,-1.6129032258064515,-18.1236709677419
1604988676037,1.1515151515151516,1.5757575757575757,17.01178787878785
1604988676069,-1.1875,-1.5625,-17.529537499999968
1604988676101,1.25,1.5625,17.50892499999997
1604988676133,-1.25,-1.625,-17.48900624999997
1604988676165,1.3125,1.8125,17.46773749999997
1604988676197,-1.3125,-1.75,-17.48135624999997
1604988676229,1.375,1.625,17.49741874999997
1604988676261,-1.375,-1.4375,-17.48199374999997
1604988676293,1.4375,1.4375,17.451331249999967
1604988676325,-1.4375,-1.5,-17.455906249999966
1604988676372,0.9787234042553191,1.1063829787234043,11.909297872340403
1604988676405,-1.393939393939394,-1.4545454545454546,-16.95404242424239
1604988676437,1.5,1.4375,17.479206249999965
1604988676468,-1.4838709677419355,-1.4193548387096775,-18.05943870967738
1604988676501,1.393939393939394,1.4545454545454546,16.9883636363636
1604988676533,-1.375,-1.5,-17.540699999999966
1604988676564,1.4193548387096775,1.6129032258064515,18.118677419354803
1604988676597,-1.2727272727272727,-1.4545454545454546,-17.054321212121184
1604988676629,1.3125,1.5,17.613031249999974
1604988676661,-1.25,-1.4375,-17.618387499999976
1604988676693,1.3125,1.5,17.59615624999998
1604988676725,-1.25,-1.4375,-17.600724999999976
1604988676773,0.8333333333333334,0.9166666666666666,11.756887499999985
1604988676805,-1.25,-1.375,-17.67134374999998
1604988676837,1.375,1.4375,17.699262499999982
1604988676868,-1.4838709677419355,-1.5483870967741935,-18.27272258064514
1604988676900,1.5,1.625,17.692512499999985
1604988676933,-1.4545454545454546,-1.696969696969697,-17.161909090909074
1604988676965,1.5,1.8125,17.723062499999983
1604988676997,-1.5,-2.0,-17.757199999999983
1604988677029,1.5,2.125,17.752831249999986
1604988677061,-1.5,-2.125,-17.753412499999985
1604988677093,1.375,1.75,17.767693749999985
1604988677125,-1.25,-1.4375,-17.793918749999985
1604988677172,0.8085106382978723,0.7659574468085106,12.110340425531904
1604988677205,-1.1515151515151516,-0.9090909090909091,-17.220581818181802
1604988677236,1.1612903225806452,0.9032258064516129,18.32298064516127
1604988677269,-1.1515151515151516,-0.9696969696969697,-17.20171515151513
1604988677301,1.125,1.0625,17.73108124999998
1604988677332,-1.2258064516129032,-1.3548387096774193,-18.28676129032256
1604988677365,1.1515151515151516,1.4545454545454546,17.200454545454527
1604988677397,-1.375,-1.6875,-17.648624999999974
1604988677429,1.25,1.375,17.624787499999975
1604988677461,-1.25,-0.875,-17.619618749999976
1604988677494,1.0909090909090908,0.30303030303030304,17.07766666666664
1604988677526,-1.125,0.125,-17.649518749999977
1604988677573,0.7659574468085106,-0.2553191489361702,12.004399999999984
1604988677605,-1.25,0.0,-17.58236874999998
1604988677637,1.1875,0.5,17.56077499999998
1604988677669,-1.1875,-0.6875,-17.58629374999998
1604988677701,1.0,0.5,17.65915624999998
1604988677733,-0.9375,-0.625,-17.71048124999998
1604988677765,0.9375,1.0,17.71562499999998
1604988677797,-1.125,-1.4375,-17.712824999999984
1604988677829,1.1875,1.4375,17.723899999999986
1604988677861,-1.1875,-1.4375,-17.746131249999983
1604988677894,1.0909090909090908,1.3333333333333333,17.237818181818167
1604988677925,-1.096774193548387,-1.4193548387096775,-18.40766451612901
1604988677972,0.723404255319149,0.9361702127659575,12.15521702127658
1604988678005,-1.0909090909090908,-1.3333333333333333,-17.31870909090907
1604988678037,1.25,1.5,17.85913749999998
1604988678068,-1.3548387096774193,-1.6129032258064515,-18.424593548387072
1604988678100,1.375,1.5625,17.840356249999978
1604988678133,-1.3333333333333333,-1.4545454545454546,-17.298842424242405
1604988678165,1.375,1.5,17.83625624999998
1604988678197,-1.3125,-1.4375,-17.84761874999998
1604988678229,1.3125,1.375,17.85614374999998
1604988678261,-1.3125,-1.375,-17.86384999999998
1604988678294,1.3333333333333333,1.3333333333333333,17.295739393939378
1604988678325,-1.4193548387096775,-1.3548387096774193,-18.384825806451595
1604988678373,0.9583333333333334,0.875,11.85134583333332
1604988678405,-1.4375,-1.25,-17.784093749999986
1604988678437,1.5,1.3125,17.82522499999999
1604988678468,-1.5483870967741935,-1.2903225806451613,-18.40720645161289
1604988678501,1.4545454545454546,1.1515151515151516,17.27165454545453
1604988678533,-1.4375,-0.8125,-17.778131249999987
1604988678565,1.4375,0.625,17.749418749999986
1604988678597,-1.375,-0.6875,-17.728631249999985
1604988678629,1.375,0.6875,17.71596249999999
1604988678661,-1.3125,-0.375,-17.72369374999999
1604988678694,1.3333333333333333,0.30303030303030304,17.174175757575743
1604988678725,-1.4193548387096775,-0.6451612903225806,-18.246238709677403
1604988678773,0.9166666666666666,0.7083333333333334,11.77364999999999
1604988678805,-1.25,-1.0625,-17.65526249999998
1604988678837,1.25,0.875,17.64236874999998
1604988678869,-1.25,-0.6875,-17.64579999999998
1604988678900,1.4193548387096775,0.45161290322580644,18.199838709677394
1604988678933,-1.3333333333333333,-0.18181818181818182,-17.09535151515149
1604988678979,1.0,0.30434782608695654,12.266078260869548
1604988679017,-1.2105263157894737,-0.3684210526315789,-14.851521052631561
1604988679043,1.8461538461538463,0.6153846153846154,21.699038461538432
1604988679061,-2.5555555555555554,-0.7777777777777778,-31.337033333333288
1604988679111,0.96,0.28,11.291023999999984
1604988679138,-1.7777777777777777,-0.4444444444444444,-20.926392592592567
1604988679172,1.4705882352941178,0.4117647058823529,16.606641176470568
1604988679205,-1.4545454545454546,-0.42424242424242425,-17.05140606060604
1604988679237,1.5,0.5625,17.54674999999998
1604988679269,-1.5,-0.625,-17.509524999999986
1604988679300,1.6774193548387097,0.5806451612903226,18.03838709677418
1604988679333,-1.6363636363636365,-0.48484848484848486,-16.93691515151514
1604988679365,1.6875,0.4375,17.47409999999999
1604988679396,-1.6774193548387097,-0.45161290322580644,-18.061380645161282
1604988679429,1.5151515151515151,0.36363636363636365,16.988860606060598
1604988679462,-1.393939393939394,-0.36363636363636365,-17.019024242424234
1604988679494,1.25,0.0,17.555999999999994
1604988679541,-0.8085106382978723,0.1702127659574468,-11.955761702127656
1604988679573,1.125,-0.4375,17.549331249999994
1604988679605,-1.125,0.375,-17.541668749999992
1604988679636,1.1612903225806452,-0.45161290322580644,18.131890322580638
1604988679668,-1.1875,0.5625,-17.590812499999995
1604988679700,1.125,-1.0,17.612937499999994
1604988679733,-1.1515151515151516,1.2727272727272727,-17.090775757575756
1604988679764,1.032258064516129,-1.5483870967741935,18.206754838709678
1604988679797,-1.0909090909090908,1.3333333333333333,-16.987666666666666
1604988679829,1.0,-1.1875,17.5668875
1604988679861,-1.0625,1.0625,-17.628756250000002
1604988679895,0.9411764705882353,-1.0,16.57918235294118
1604988679940,-0.8,0.7111111111111111,-12.541644444444447
1604988679973,1.1515151515151516,-0.6060606060606061,17.09397575757576
1604988680005,-1.25,0.0,-17.646175000000007
1604988680036,1.1612903225806452,0.12903225806451613,18.256735483870976
1604988680068,-1.125,0.125,-17.70314375000001
1604988680101,1.0909090909090908,-0.30303030303030304,17.162327272727282
1604988680132,-1.2903225806451613,0.3225806451612903,-18.265516129032264
1604988680165,1.2121212121212122,-0.48484848484848486,17.168775757575766
1604988680198,-1.2121212121212122,0.48484848484848486,-17.214963636363645
1604988680230,1.1875,-0.5625,17.791475000000013
1604988680261,-1.1612903225806452,0.7741935483870968,-18.401735483870983
1604988680310,0.6938775510204082,-0.6938775510204082,11.654457142857154
1604988680343,-1.0303030303030303,1.2727272727272727,-17.297436363636383
1604988680373,1.1333333333333333,-1.6,19.01172666666669
1604988680405,-1.0625,1.5625,-17.84740000000002
1604988680437,1.0625,-1.625,17.879318750000024
1604988680468,-1.096774193548387,1.6774193548387097,-18.503270967741962
1604988680500,1.125,-1.5625,17.941706250000024
1604988680532,-1.125,1.5,-17.933968750000027
1604988680565,1.0909090909090908,-1.393939393939394,17.401254545454574
1604988680596,-1.096774193548387,1.4838709677419355,-18.549277419354873
1604988680630,0.9411764705882353,-1.411764705882353,16.90570000000003
1604988680662,-0.9375,1.625,-17.966381250000033
1604988680695,0.9090909090909091,-1.5151515151515151,17.426012121212153
1604988680742,-0.6382978723404256,1.0212765957446808,-12.205608510638319
1604988680773,1.032258064516129,-1.5483870967741935,18.43002580645165
1604988680804,-1.032258064516129,1.4193548387096775,-18.400651612903264
1604988680837,1.0303030303030303,-1.2121212121212122,17.290751515151552
1604988680869,-1.125,1.25,-17.85559375000004
1604988680900,1.2903225806451613,-1.1612903225806452,18.4391290322581
1604988680933,-1.2727272727272727,1.1515151515151516,-17.292757575757612
1604988680964,1.4838709677419355,-0.7096774193548387,18.39886451612907
1604988680998,-1.2941176470588236,-0.058823529411764705,-16.786694117647095
1604988681029,1.4193548387096775,0.5161290322580645,18.405561290322616
1604988681061,-1.25,-0.625,-17.862218750000036
1604988681110,0.7755102040816326,0.3673469387755102,11.679534693877574
1604988681143,-1.0909090909090908,-0.30303030303030304,-17.344909090909123
1604988681172,1.2413793103448276,0.27586206896551724,19.745793103448314
1604988681205,-0.9696969696969697,-0.6060606060606061,-17.344739393939424
1604988681237,0.9375,1.0625,17.87650000000003
1604988681269,-0.875,-1.0,-17.83931250000003
1604988681301,0.875,0.9375,17.81988750000003
1604988681332,-0.8387096774193549,-1.096774193548387,-18.412838709677448
1604988681364,0.875,1.375,17.83208750000003
1604988681397,-0.8484848484848485,-1.2121212121212122,-17.27584848484851
1604988681429,1.0,1.3125,17.83191875000003
1604988681462,-1.0303030303030303,-1.1515151515151516,-17.30346666666669
1604988681509,0.7659574468085106,0.851063829787234,12.187957446808529
1604988681541,-1.0625,-1.25,-17.965843750000026
1604988681572,1.096774193548387,1.2903225806451613,18.580574193548415
1604988681605,-0.9696969696969697,-1.2121212121212122,-17.434987878787908
1604988681637,0.9375,1.3125,17.91032500000003
1604988681668,-0.8387096774193549,-1.4193548387096775,-18.453870967741963
1604988681700,0.75,1.375,17.87873125000003
1604988681733,-0.6060606060606061,-1.2727272727272727,-17.392436363636396
1604988681765,0.5625,1.1875,17.994531250000033
1604988681797,-0.4375,-1.125,-18.027643750000035
1604988681829,0.3125,1.0625,18.027493750000037
1604988681863,-0.23529411764705882,-1.0588235294117647,-16.978305882352977
1604988681909,0.17391304347826086,0.782608695652174,12.558608695652202
1604988681940,-0.3225806451612903,-1.2903225806451613,-18.6247161290323
1604988681972,0.3125,1.1875,18.012412500000043
1604988682005,-0.36363636363636365,-1.0909090909090908,-17.456327272727314
1604988682036,0.3225806451612903,1.096774193548387,18.59092903225811
1604988682069,-0.30303030303030304,-1.0303030303030303,-17.47309696969701
1604988682101,0.25,0.875,18.049787500000043
1604988682133,-0.3125,-0.75,-18.050550000000044
1604988682165,0.25,0.5,18.05485000000004
1604988682197,-0.3125,-0.4375,-17.99975625000004
1604988682230,0.24242424242424243,0.6060606060606061,17.46898181818186
1604988682262,-0.375,-1.0,-17.99188125000004
1604988682309,0.2978723404255319,0.6382978723404256,12.218761702127688
1604988682341,-0.5625,-0.75,-17.918493750000046
1604988682372,0.5161290322580645,0.967741935483871,18.48114193548392
1604988682405,-0.5454545454545454,-1.5757575757575757,-17.369860606060648
1604988682441,0.5,1.7777777777777777,15.901655555555598
1604988682469,-0.7142857142857143,-2.0714285714285716,-20.42922857142862
1604988682501,0.5625,1.4375,17.852125000000044
1604988682533,-0.625,-1.375,-17.839825000000044
1604988682565,0.625,1.4375,17.826987500000044
1604988682597,-0.625,-1.5,-17.80786250000004
1604988682629,0.5625,1.3125,17.796950000000045
1604988682662,-0.5454545454545454,-1.0303030303030303,-17.24770303030307
1604988682709,0.2978723404255319,0.5106382978723404,12.108506382978751
1604988682741,-0.375,-0.6875,-17.77347500000004
1604988682773,0.375,0.625,17.76611875000004
1604988682805,-0.4375,-0.6875,-17.77007500000004
1604988682837,0.4375,0.75,17.76864375000004
1604988682869,-0.4375,-0.75,-17.78045000000004
1604988682901,0.5,0.6875,17.77150000000004
1604988682932,-0.5161290322580645,-0.6451612903225806,-18.354161290322626
1604988682965,0.48484848484848486,0.6060606060606061,17.240333333333375
1604988682997,-0.4375,-0.5625,-17.788012500000043
1604988683029,0.4375,0.5,17.799862500000042
1604988683061,-0.4375,-0.4375,-17.814975000000043
1604988683109,0.3333333333333333,0.2916666666666667,11.869833333333363
1604988683140,-0.5806451612903226,-0.45161290322580644,-18.348283870967787
1604988683173,0.6060606060606061,0.42424242424242425,17.22044242424247
1604988683204,-0.5806451612903226,-0.3870967741935484,-18.340612903225857
1604988683237,0.5454545454545454,0.36363636363636365,17.249266666666713
1604988683269,-0.5,-0.3125,-17.804681250000048
1604988683301,0.5625,0.4375,17.81284375000005
1604988683332,-0.6451612903225806,-0.5161290322580645,-18.407967741935533
1604988683365,0.6666666666666666,0.5454545454545454,17.298315151515197
1604988683398,-0.6060606060606061,-0.6060606060606061,-17.30428484848489
1604988683430,0.5625,0.625,17.873068750000044
1604988683461,-0.5806451612903226,-0.1935483870967742,-18.47638709677424
1604988683510,0.3673469387755102,-0.04081632653061224,11.667155102040846
1604988683540,-0.4,-0.3333333333333333,-18.985420000000047
1604988683573,0.30303030303030304,0.7272727272727273,17.243163636363683
1604988683605,-0.3125,-0.9375,-17.79217500000005
1604988683637,0.3125,1.0625,17.81254375000005
1604988683668,-0.25806451612903225,-0.967741935483871,-18.37903870967747
1604988683701,0.24242424242424243,0.8484848484848485,17.271333333333384
1604988683732,-0.1935483870967742,-0.967741935483871,-18.410329032258122
1604988683764,0.125,1.0625,17.853618750000056
1604988683797,-0.12121212121212122,-0.9696969696969697,-17.314393939393995
1604988683830,0.18181818181818182,0.42424242424242425,17.292557575757634
1604988683861,-0.1935483870967742,0.25806451612903225,-18.392909677419418
1604988683908,0.1276595744680851,-0.3829787234042553,12.124272340425573
1604988683941,-0.12121212121212122,0.7878787878787878,-17.259781818181878
1604988683972,0.1935483870967742,-0.8387096774193549,18.373625806451674
1604988684005,-0.18181818181818182,0.9696969696969697,-17.243715151515215
1604988684037,0.1875,-1.0,17.80568750000006
1604988684068,-0.06451612903225806,1.096774193548387,-18.422148387096836
1604988684100,0.0625,-1.0,17.856418750000064
1604988684133,-0.06060606060606061,0.9090909090909091,-17.29491515151522
1604988684164,0.12903225806451613,-0.8387096774193549,18.38100000000007
1604988684198,-0.11764705882352941,0.7058823529411765,-16.76553529411771
1604988684230,0.1875,-0.8125,17.773681250000067
1604988684262,-0.1875,0.875,-17.74743125000007
1604988684309,0.1702127659574468,-0.5957446808510638,12.079748936170262
1604988684341,-0.25,0.875,-17.74940000000007
1604988684374,0.30303030303030304,-0.7878787878787878,17.227987878787946
1604988684405,-0.3225806451612903,0.8387096774193549,-18.36260645161298
1604988684437,0.3125,-0.8125,17.817675000000072
1604988684469,-0.3125,0.8125,-17.834800000000072
1604988684500,0.3225806451612903,-0.967741935483871,18.409283870967815
1604988684533,-0.30303030303030304,1.0303030303030303,-17.283975757575828
1604988684564,0.3225806451612903,-1.1612903225806452,18.41049032258072
1604988684597,-0.24242424242424243,1.0909090909090908,-17.294115151515218
1604988684630,0.12121212121212122,-1.1515151515151516,17.259157575757644
1604988684661,-0.12903225806451613,1.1612903225806452,-18.349425806451684
1604988684710,0.04081632653061224,-0.7755102040816326,11.61533877551025
1604988684741,-0.12903225806451613,1.1612903225806452,-18.378341935483945
1604988684773,0.125,-1.3125,17.851662500000074
1604988684805,-0.1875,1.5,-17.873875000000076
1604988684837,0.125,-1.4375,17.882337500000077
1604988684869,-0.125,1.125,-17.864843750000077
1604988684902,0.0,-1.2121212121212122,17.340836363636438
1604988684933,-0.06451612903225806,1.4838709677419355,-18.4062387096775
1604988684965,0.0625,-1.1875,17.806131250000078
1604988684997,-0.125,0.6875,-17.843687500000076
1604988685029,0.125,-0.5,17.844756250000074
1604988685061,-0.1875,0.5,-17.839037500000074
1604988685110,0.12244897959183673,-0.3673469387755102,11.646481632653106
1604988685141,-0.25806451612903225,0.45161290322580644,-18.423877419354913
1604988685172,0.1935483870967742,-0.3870967741935484,18.44960000000007
1604988685205,-0.24242424242424243,0.36363636363636365,-17.33863030303037
1604988685236,0.25806451612903225,-0.3870967741935484,18.444600000000072
1604988685269,-0.30303030303030304,0.24242424242424243,-17.312933333333405
1604988685300,0.1935483870967742,-0.1935483870967742,18.43572258064524
1604988685333,-0.12121212121212122,0.0,-17.32769696969704
1604988685366,0.0,0.06060606060606061,17.32265454545462
1604988685402,0.05555555555555555,0.0,-15.886694444444508
1604988685429,-0.14814814814814814,-0.2222222222222222,21.20518518518527
1604988685461,0.0625,0.125,-17.90172500000007
1604988685509,0.0,-0.08333333333333333,11.929729166666712
1604988685541,-0.0625,0.1875,-17.89182500000007
1604988685573,0.1875,-0.3125,17.85798750000007
1604988685604,-0.25806451612903225,0.3870967741935484,-18.400735483871042
1604988685637,0.30303030303030304,-0.36363636363636365,17.264563636363704
1604988685668,-0.3870967741935484,0.3870967741935484,-18.378567741935555
1604988685700,0.4375,-0.375,17.80001875000007
1604988685733,-0.48484848484848486,0.36363636363636365,-17.269284848484915
1604988685765,0.5625,-0.3125,17.815156250000072
1604988685797,-0.5,0.25,-17.836812500000075
1604988685830,0.42424242424242425,-0.18181818181818182,17.29484848484856
1604988685861,-0.3870967741935484,0.1935483870967742,-18.380451612903308
1604988685908,0.2553191489361702,-0.1276595744680851,12.108608510638351
1604988685941,-0.30303030303030304,0.18181818181818182,-17.229072727272808
1604988685972,0.3225806451612903,-0.12903225806451613,18.32445806451621
1604988686005,-0.24242424242424243,0.06060606060606061,-17.20592727272735
1604988686036,0.1935483870967742,0.0,18.32979354838718
1604988686069,-0.12121212121212122,0.18181818181818182,-17.209078787878866
1604988686101,0.125,0.0,17.712668750000084
1604988686133,-0.0625,-0.25,-17.707293750000083
1604988686164,0.12903225806451613,0.9032258064516129,18.331380645161378
1604988686198,-0.11764705882352941,-1.588235294117647,-16.783141176470668
1604988686231,0.18181818181818182,1.696969696969697,17.310818181818266
1604988686277,-0.08695652173913043,-0.8695652173913043,-12.397447826087019
1604988686309,0.125,1.0,17.791968750000088
1604988686340,-0.06451612903225806,-0.8387096774193549,-18.342890322580736
1604988686373,0.06060606060606061,0.6666666666666666,17.241284848484934
1604988686404,-0.06451612903225806,-0.6451612903225806,-18.367025806451704
1604988686437,0.06060606060606061,0.42424242424242425,17.24353939393948
1604988686468,-0.06451612903225806,-0.1935483870967742,-18.35069032258074
1604988686500,0.25,-0.375,17.71811875000009
1604988686533,-0.36363636363636365,0.5454545454545454,-17.180563636363726
1604988686565,0.5,-1.0,17.64116250000009
1604988686597,-0.5625,0.625,-17.658012500000087
1604988686630,0.5454545454545454,-0.6060606060606061,17.10518787878796
1604988686677,-0.3829787234042553,0.5106382978723404,-12.034374468085167
1604988686709,0.5,-0.5625,17.528700000000086
1604988686740,-1.4193548387096775,0.6451612903225806,-17.974780645161378
