1604729108341,337,291,208.5975
1604729108388,334,302,206.5125
1604729108444,330,308,207.204
1604729108489,330,305,207.5941
1604729108672,351,233,218.8525
1604729108751,347,167,208.0322
1604729108806,345,149,201.6359
1604729108852,338,128,197.9979
1604729108897,335,122,196.3488
1604729108955,334,124,197.5718
1604729109007,335,130,199.2209
1604729109057,340,155,204.9962
1604729109105,339,167,209.0337
1604729109141,336,188,213.8924
1604729109238,330,210,219.6472
1604729109279,328,218,221.4203
1604729109313,324,236,222.9754
1604729109356,323,245,223.7042
1604729109410,323,251,223.5295
1604729109452,326,252,224.2379
1604729109504,327,248,225.5109
1604729109546,330,231,225.6396
1604729109605,333,219,225.2465
1604729109643,342,195,223.5927
1604729109687,348,184,219.1655
1604729109738,354,174,212.1914
1604729109777,364,168,209.5405
1604729109821,363,164,208.2421
1604729109864,361,162,207.3965
1604729109918,355,159,208.2109
1604729109957,350,161,208.674
1604729110008,340,164,212.3849
1604729110055,323,171,216.5165
1604729110106,308,177,217.7342
1604729110153,280,186,218.881
1604729110206,264,191,215.6811
1604729110258,233,200,211.5853
1604729110306,216,203,212.4534
1604729110353,208,200,216.0494
1604729110406,225,190,211.4685
1604729110448,234,184,210.6925
1604729110494,250,181,213.8055
1604729110536,263,177,216.2937
1604729110583,292,174,216.5917
1604729110627,306,169,215.674
1604729110663,316,170,215.51
1604729110710,331,167,214.4055
1604729110747,329,166,213.3666
1604729110803,327,160,211.7692
1604729110853,306,150,210.3383
1604729110903,292,142,209.6086
1604729110942,281,138,209.8917
1604729110984,250,130,211.2766
1604729111071,228,142,217.124
1604729111112,211,157,219.0866
1604729111157,207,165,218.9983
1604729111196,200,180,220.6452
1604729111232,210,208,218.9134
1604729111295,217,224,215.1094
1604729111341,228,236,217.1213
1604729111554,331,253,220.0535
1604729111685,309,192,217.7116
1604729111725,301,184,215.6949
1604729111773,283,174,214.8446
1604729111818,255,168,213.8841
1604729111847,242,173,215.7193
1604729111908,232,186,207.3794
1604729111946,224,197,209.3604
1604729111988,228,208,211.5376
1604729112037,234,223,211.6318
1604729112080,240,231,210.2091
1604729112137,259,247,209.503
1604729112219,287,254,205.233
1604729112263,289,255,200.5039
1604729112295,290,244,190.3393
1604729112442,282,226,178.0529
1604729112483,278,217,175.7106
1604729112541,277,215,177.3422
1604729112587,284,219,186.3502
1604729112670,289,224,196.7132
1604729112709,290,238,203.4637
1604729112747,291,241,207.4221
1604729112790,287,244,209.8239
1604729112830,285,244,212.2416
1604729112878,284,245,213.2498
1604729113225,151,223,226.5577
1604729113273,156,219,226.3849
1604729113582,263,223,204.1229
1604729113716,241,231,203.7529
1604729113763,232,234,201.1705
1604729113850,199,235,206.38
1604729113896,194,230,207.9206
1604729114126,280,211,212.189
1604729114211,335,214,219.3989
1604729114258,352,215,220.3793
1604729114308,363,216,223.1288
1604729114428,373,222,227.3333
1604729114518,341,227,217.2419
1604729114644,289,239,208.8305
1604729114675,282,238,207.8656
1604729114722,279,237,207.4678
1604729114776,284,235,209.8538
1604729115094,396,225,228.25
1604729115140,397,216,218.8148
1604729115162,396,189,206.8595
1604729115217,390,171,203.5008
1604729115256,386,156,202.8197
1604729115302,381,143,201.2387
1604729115342,371,128,198.6875
1604729115380,341,104,191.5749
1604729115460,309,94,190.4642
1604729115542,284,90,193.2009
1604729115579,268,89,194.8578
1604729115626,268,85,194.4146
1604729115674,274,85,193.3365
1604729115752,316,85,188.3264
1604729115796,332,85,187.6296
1604729115828,348,93,190.2941
1604729115882,363,101,192.2155
1604729115920,363,105,193.8169
1604729115961,357,108,193.6649
1604729116010,349,108,193.3937
1604729116050,322,107,193.7384
1604729116286,191,146,218.0412
1604729116335,178,150,218.3759
1604729116374,163,158,219.7265
1604729116412,160,159,220.2352
1604729116454,165,161,221.462
1604729116480,174,160,220.4865
1604729116582,209,150,221.3417
1604729116674,224,148,220.1581
1604729116716,225,152,212.4235
1604729116753,218,156,214.0233
1604729116780,211,158,214.0862
1604729116938,177,184,221.0445
1604729116981,168,189,220.5398
1604729117026,177,193,218.7115
1604729117064,189,197,216.8193
1604729117315,338,210,218.5546
1604729117411,365,211,218.1733
1604729117466,364,211,216.422
1604729117926,257,230,194.5937
1604729117975,277,234,215.6268
1604729118079,299,235,221.3495
1604729118123,322,225,222.6836
1604729118177,329,219,221.6977
1604729118229,337,209,217.8338
1604729118277,336,200,214.3071
1604729118342,331,194,212.6859
1604729118558,228,206,187.0581
1604729118604,218,205,208.8083
1604729118879,242,127,207.837
1604729118921,249,127,206.51
1604729118982,251,137,207.4211
1604729119690,289,228,185.6387
1604729119817,242,223,158.4885
1604729119859,233,224,162.5904
1604729119901,228,225,167.724
1604729120161,274,214,217.4604
1604729120196,287,206,220.7892
1604729120257,308,181,220.3805
1604729120310,315,167,216.8735
1604729120346,315,134,206.088
1604729120387,316,119,200.5601
1604729120446,313,111,197.0034
1604729120488,315,98,193.7185
1604729120527,315,96,192.616
1604729120578,315,101,193.7242
1604729120619,310,115,198.5988
1604729120657,304,123,202.6295
1604729120711,292,134,207.1574
1604729120750,273,156,211.7955
1604729120793,256,167,214.8644
1604729120921,190,194,216.9074
1604729120976,177,196,222.2836
1604729121096,133,194,224.3323
1604729121144,134,191,224.5513
1604729121185,138,187,224.219
1604729121264,157,173,224.1109
1604729121295,168,167,224.1023
1604729121349,203,159,215.0035
1604729121544,329,151,208.2505
1604729121646,358,165,207.0576
1604729121727,372,195,210.6471
1604729121761,373,210,216.7727
1604729121811,371,238,220.9209
1604729121850,364,249,219.8324
1604729121877,360,261,222.6771
1604729121923,352,267,221.7871
1604729122152,238,248,193.9212
1604729122189,224,237,190.1201
1604729122231,215,226,192.558
1604729122278,208,223,199.3192
1604729122311,211,205,204.0645
1604729122365,214,196,202.4241
1604729122414,223,192,200.7665
1604729122494,259,174,214.5142
1604729122546,274,172,215.1915
1604729122587,306,182,216.2628
1604729122624,323,193,217.6466
1604729122722,340,245,219.8447
1604729122894,305,284,213.1169
1604729122944,300,281,209.9928
1604729123202,282,207,200.8125
1604729123245,283,211,202.7847
1604729123416,312,243,216.0591
1604729123455,313,245,218.6782
1604729123481,315,245,220.7625
1604729123533,320,244,222.3914
1604729123581,324,241,224.2937
1604729123619,341,227,223.9717
1604729123660,355,216,223.3
1604729123716,371,203,220.395
1604729123758,391,178,209.4012
1604729123961,395,125,198.9197
1604729124012,383,121,197.5497
1604729124052,351,126,197.174
1604729124092,333,129,197.9845
1604729124133,316,134,201.0649
1604729124162,307,135,202.328
1604729124215,305,137,204.0636
1604729124254,312,134,201.713
1604729124298,329,133,201.4738
1604729124329,342,130,199.2156
1604729124376,359,127,198.5046
1604729124426,392,127,201.1933
1604729124550,376,141,201.8016
1604729124588,355,146,203.3864
1604729124683,321,175,214.2591
1604729124723,316,186,217.2185
1604729124764,317,197,219.1481
1604729124812,326,209,221.2267
1604729124852,347,240,222.8712
1604729124893,350,252,222.9848
1604729124948,350,267,222.8011
1604729124995,337,284,220.1874
1604729125255,216,260,198.0284
1604729125293,218,252,200.6
1604729125348,225,244,206.024
1604729125385,250,230,212.2759
1604729125423,265,224,209.2372
1604729125465,279,221,210.6604
1604729125712,193,229,218.2675
1604729125756,181,235,225.7275
1604729125794,173,229,227.5371
1604729125922,193,216,215.1437
1604729126015,230,201,205.4462
1604729126055,275,184,217.935
1604729126095,299,176,217.9006
1604729126146,324,173,218.1813
1604729126230,372,165,209.6608
1604729126281,380,161,208.6055
1604729127115,363,284,217.4108
1604729127191,386,254,222.7261
1604729127752,292,252,214.4475
1604729127792,303,252,219.7824
1604729127836,312,250,221.3927
1604729127910,331,241,224.5561
1604729127947,343,234,223.0794
1604729127990,357,212,221.6497
1604729128031,357,202,218.1583
1604729128080,356,185,214.6702
1604729128117,338,152,207.0678
1604729128156,329,139,204.8586
1604729128201,317,129,202.4447
1604729128245,305,119,200.3468
1604729128276,304,119,200.9735
1604729128313,300,126,203.2466
1604729128345,297,131,204.2422
1604729128402,297,143,209.0305
1604729128446,297,156,212.2364
1604729128489,292,193,220.1775
1604729128528,292,210,221.9549
1604729128562,291,229,220.7988
1604729128617,292,257,218.101
1604729128657,292,258,217.5586
1604729128701,292,253,216.7558
1604729128748,292,240,216.9809
1604729128785,289,200,218.6282
1604729128821,285,180,216.8848
1604729128864,283,157,212.4988
1604729128912,277,143,210.2333
1604729128962,268,123,206.7794
1604729129011,266,123,207.2125
1604729129054,268,134,208.7704
1604729129092,274,148,211.5134
1604729129127,276,163,214.5592
1604729129158,277,183,218.6393
1604729129213,276,201,219.9589
1604729129257,265,237,218.1029
1604729129313,262,249,218.9082
1604729129345,267,256,216.5672
1604729129395,273,256,213.7549
1604729129448,281,247,210.3504
1604729129477,291,234,204.1276
1604729129701,311,184,200.0098
1604729129747,313,185,200.0042
1604729129921,315,225,213.2273
1604729129967,313,231,216.4789
1604729130013,316,232,221.3403
1604729130055,332,227,224.7647
1604729130094,340,222,225.2234
1604729130128,353,213,225.6762
1604729130181,365,208,227.3676
1604729130221,388,197,218.0
1604729130269,391,197,216.8667
1604729130312,388,200,213.507
1604729130351,387,207,215.4841
1604729130393,366,220,221.9696
1604729130435,352,225,217.5886
1604729130482,331,233,218.1929
1604729130596,241,248,204.3859
1604729130647,218,248,210.4948
1604729130684,219,246,212.9201
1604729130721,229,246,207.4832
1604729130931,338,244,217.6142
1604729130977,346,242,218.8336
1604729131022,356,246,219.9452
1604729131063,355,250,219.7284
1604729131113,352,250,218.9888
1604729131195,317,262,215.2109
1604729131227,304,267,213.1222
1604729131363,276,262,209.332
1604729131402,282,258,211.523
1604729131442,291,249,213.4866
1604729131491,307,241,216.0494
1604729131576,361,221,221.9262
1604729131622,390,210,219.1379
1604729131660,398,201,218.0
1604729131716,398,192,214.9333
1604729131753,375,164,206.1969
1604729131986,252,174,216.0538
1604729132032,241,179,214.5629
1604729132078,243,173,217.6113
1604729132111,267,165,213.0655
1604729132164,288,155,212.567
1604729132217,304,147,212.082
1604729132243,323,122,204.2012
1604729132290,325,113,200.9499
1604729132348,323,102,198.2348
1604729132658,166,184,224.9247
1604729132696,169,195,226.3437
1604729132728,178,207,226.2578
1604729132774,190,217,224.9346
1604729132917,261,253,217.4067
1604729133049,231,251,204.767
1604729133086,219,248,201.4888
1604729133115,214,248,205.2741
1604729133147,219,247,202.997
1604729133558,327,260,219.5243
1604729133782,254,282,204.3463
1604729133957,332,270,215.4268
1604729133994,347,258,218.8212
1604729134051,359,246,220.4936
1604729134093,374,233,222.3737
1604729134150,373,230,223.6545
1604729134334,288,245,213.827
1604729134381,273,253,213.1374
1604729134420,247,269,198.135
1604729134458,249,268,194.3242
1604729134627,340,247,219.9671
1604729134660,362,241,221.6717
1604729135015,290,268,212.9853
1604729135044,279,270,211.282
1604729135091,275,263,207.9026
1604729135131,283,252,208.7968
1604729135382,336,120,196.9662
1604729135421,327,109,193.8666
1604729135461,328,116,196.3915
1604729135501,330,127,199.4299
1604729135540,334,145,203.7503
1604729135587,340,184,213.5758
1604729135630,342,208,219.5102
1604729135685,347,232,222.4513
1604729135819,350,302,221.9072
1604729135857,357,291,224.8572
1604729135906,362,280,225.9304
1604729136336,335,244,221.357
1604729136377,308,247,218.1072
1604729136426,265,256,214.5188
1604729136483,253,254,213.281
1604729136521,242,248,213.2272
1604729136559,254,242,212.9091
1604729136601,267,238,213.5185
1604729136853,375,231,226.0588
1604729136891,355,240,218.5759
1604729136983,315,256,216.1354
1604729137019,298,262,211.3192
1604729137045,267,264,205.2996
1604729137092,265,259,206.7615
1604729137130,273,250,208.6097
1604729137161,285,245,208.1129
1604729137217,305,237,215.2312
1604729137256,341,220,220.3248
1604729137294,353,217,220.7601
1604729137336,356,213,221.9378
1604729137377,353,212,219.9262
1604729137408,340,210,217.4613
1604729137751,134,275,224.9196
1604729137795,104,273,222.5018
1604729137832,89,269,221.6201
1604729137878,84,269,221.3527
1604729137947,52,273,218.5168
1604729138005,40,270,217.8166
