1604995579744,-0.010101010101010102,-0.010101010101010102,0.0004526170798897995
1604995579776,0.00390625,0.0283203125,-0.07222841796874999
1604995579807,-0.011446409989594173,0.002081165452653486,0.0
1604995579840,-0.0073461891643709825,0.0073461891643709825,0.0
1604995579871,-0.012486992715920915,0.002081165452653486,-0.0011219562955255044
1604995579905,-0.01124567474048443,0.0017301038062283738,0.0
1604995579953,-0.004774305555555556,0.0008680555555555555,0.0
1604995579984,-0.011446409989594173,0.002081165452653486,0.0
1604995580015,-0.011446409989594173,0.002081165452653486,0.0
1604995580048,-0.009182736455463728,0.0009182736455463728,0.0
1604995580079,-0.007284079084287201,0.002081165452653486,0.0
1604995580111,-0.0078125,-0.0048828125,0.010570996093750007
1604995580145,-0.0034602076124567475,0.0008650519031141869,0.00021583044982697525
1604995580176,-0.002081165452653486,0.0,0.0005184183142560099
1604995580209,-0.0009182736455463728,0.0018365472910927456,7.575757575755906e-05
1604995580239,0.0,0.0011111111111111111,-0.00018544444444444253
1604995580272,0.0,-0.0009182736455463728,-0.00043480257116620876
1604995580306,0.0008650519031141869,0.0008650519031141869,-0.0007258650519031158
1604995580353,0.0018107741059302852,0.001358080579447714,-0.00037102761430510636
1604995580385,0.0009765625,-0.001953125,-0.0007337890625000176
1604995580416,0.002081165452653486,0.004162330905306972,-0.0004045785639958412
1604995580448,0.0009765625,-0.0009765625,-0.000347070312500003
1604995580479,0.0,0.002081165452653486,-0.0004191467221643964
1604995580511,-0.0009765625,0.00390625,0.0005192382812500007
1604995580543,-0.00390625,0.0078125,0.0
1604995580576,-0.005509641873278237,0.0036730945821854912,0.0
1604995580607,-0.009365244536940686,0.009365244536940686,0.0
1604995580641,-0.010380622837370242,0.010380622837370242,0.0
1604995580672,-0.013527575442247659,0.012486992715920915,0.0
1604995580705,-0.015610651974288337,0.013774104683195593,0.0
1604995580754,-0.006663890045814244,0.0049979175343606835,0.0
1604995580783,-0.022592152199762187,0.019024970273483946,0.0
1604995580815,-0.0185546875,0.0107421875,0.0
1604995580848,-0.01928374655647383,0.010101010101010102,0.0
1604995580879,-0.02081165452653486,0.009365244536940686,0.0
1604995580911,-0.017578125,0.0087890625,0.0
1604995580943,-0.021484375,0.005859375,0.0
1604995580975,-0.009765625,0.0068359375,0.0
1604995581008,-0.010101010101010102,0.0027548209366391185,0.0
1604995581040,-0.013671875,-0.0009765625,0.0
1604995581073,-0.0027548209366391185,0.0018365472910927456,0.0
1604995581104,-0.011446409989594173,-0.003121748178980229,0.0
1604995581152,0.0,0.0013020833333333333,0.0
1604995581185,-0.0073461891643709825,0.0009182736455463728,0.017776308539944892
1604995581216,-0.001040582726326743,0.0,-0.0001391259105098903
1604995581248,0.0029296875,-0.0009765625,-0.00165654296874998
1604995581280,0.0048828125,-0.0009765625,0.0
1604995581311,0.009365244536940686,0.002081165452653486,0.0
1604995581344,0.0073461891643709825,0.005509641873278237,0.0
1604995581376,0.009765625,0.0068359375,0.0
1604995581408,0.0107421875,0.0068359375,0.0
1604995581439,0.013527575442247659,0.004162330905306972,0.0
1604995581472,0.015610651974288337,-0.0009182736455463728,0.0
1604995581506,0.015570934256055362,0.0,0.0
1604995581567,0.005374899220639613,0.0008062348830959419,0.0
1604995581584,0.06920415224913495,0.010380622837370242,0.0
1604995581621,0.015339663988312637,0.0,0.0
1604995581649,0.026785714285714284,-0.002551020408163265,0.0
1604995581680,0.01768990634755463,0.001040582726326743,0.0
1604995581712,0.017578125,-0.0078125,0.0
1604995581743,0.01664932362122789,0.004162330905306972,0.0
1604995581775,0.0126953125,0.0048828125,0.0
1604995581807,0.015625,-0.001953125,0.0
1604995581855,0.005208333333333333,-0.002170138888888889,0.0
1604995581878,0.011342155009451797,0.0,0.0
1604995581903,0.0016,-0.0032,0.017298720000000004
1604995581951,-0.00043402777777777775,0.0008680555555555555,0.002110416666666658
1604995582000,-0.0012494793835901709,-0.0008329862557267805,0.0023494793835901803
1604995582019,-0.024930747922437674,-0.002770083102493075,0.01289390581717449
1604995582047,-0.003826530612244898,-0.012755102040816327,0.0
1604995582079,-0.0068359375,-0.0048828125,0.0
1604995582111,-0.0068359375,-0.0048828125,0.0
1604995582143,0.03125,-0.015625,0.0
1604995582176,-0.051423324150596875,0.0018365472910927456,0.0
1604995582207,0.021852237252861603,-0.018730489073881373,0.0
1604995582240,-0.015610651974288337,-0.004591368227731864,0.0
1604995582272,-0.015625,-0.009765625,0.0
1604995582304,-0.0166015625,-0.0087890625,0.0
1604995582352,-0.006944444444444444,-0.006510416666666667,0.0
1604995582386,-0.012110726643598616,-0.01124567474048443,0.0
1604995582416,-0.015555555555555555,-0.016666666666666666,0.0
1604995582447,-0.012486992715920915,-0.01664932362122789,0.0
1604995582479,-0.0107421875,-0.013671875,0.0
1604995582511,-0.0087890625,-0.0126953125,0.0
1604995582543,-0.0078125,-0.009765625,0.0
1604995582576,-0.005509641873278237,-0.0036730945821854912,0.0
1604995582608,-0.0048828125,-0.0029296875,0.0
1604995582639,-0.004162330905306972,-0.001040582726326743,-0.043826742976066604
1604995582672,-0.0018365472910927456,0.0009182736455463728,-9.513314967860435e-05
1604995582704,-0.00390625,0.001953125,-9.960937500000377e-05
1604995582756,0.0011094674556213018,0.0018491124260355029,0.00013184171597633548
1604995582783,0.0,0.00823045267489712,0.0
1604995582816,-0.0036730945821854912,0.010101010101010102,0.0
1604995582848,-0.001953125,0.0166015625,0.0
1604995582879,-0.004162330905306972,0.019771071800208116,0.0
1604995582911,-0.001953125,0.0234375,0.0
1604995582943,-0.001953125,0.0263671875,0.0
1604995582980,-0.0007304601899196494,0.019722425127830533,0.0
1604995583008,0.0012755102040816326,0.036989795918367346,0.0
1604995583040,0.001953125,0.025390625,0.0
1604995583073,0.004591368227731864,0.024793388429752067,0.0
1604995583103,0.0044444444444444444,0.021111111111111112,0.0
1604995583151,0.0026041666666666665,0.006076388888888889,0.0
1604995583183,0.0048828125,0.0107421875,0.0
1604995583215,-0.0009765625,0.015625,0.0
1604995583248,-0.0018365472910927456,0.015610651974288337,0.0
1604995583295,-0.0004526935264825713,0.005432322317790856,0.0
1604995583314,0.013850415512465374,0.030470914127423823,0.0
1604995583344,0.0033333333333333335,0.0044444444444444444,0.0
1604995583376,-0.0009765625,0.0078125,0.0
1604995583408,0.0078125,-0.001953125,0.040884472656250004
1604995583440,-0.0048828125,0.00390625,0.005128222656249987
1604995583472,-0.001953125,-0.0068359375,0.016582714843750013
1604995583504,0.0068359375,-0.0068359375,0.005978125000000001
1604995583551,-0.0004526935264825713,-0.0018107741059302852,-0.0023461294703485775
1604995583583,0.0146484375,-0.0341796875,-0.009924414062499998
1604995583615,0.001953125,0.00390625,0.0
1604995583647,-0.0009765625,-0.0166015625,0.0
1604995583680,0.023875114784205693,-0.020202020202020204,0.0
1604995583723,0.003244997295835587,-0.009194159004867496,0.0
1604995583750,0.00411522633744856,-0.027434842249657063,0.0
1604995583780,0.0044444444444444444,-0.02,0.0
1604995583807,0.00823045267489712,-0.03566529492455418,0.0
1604995583844,0.004382761139517896,-0.018261504747991233,0.0
1604995583872,0.007653061224489796,-0.03316326530612245,0.0
1604995583920,0.0026041666666666665,-0.009982638888888888,0.0
1604995583952,0.0048828125,-0.0185546875,0.0
1604995583988,0.004629629629629629,-0.014660493827160493,0.0
1604995584015,0.00823045267489712,-0.023319615912208505,0.0
1604995584047,0.0048828125,-0.0146484375,0.0
1604995584079,0.0048828125,-0.01171875,0.0
1604995584112,0.004591368227731864,-0.006427915518824609,0.0
1604995584144,0.001953125,-0.0029296875,0.0
1604995584180,0.0,-0.0007716049382716049,-0.03322947530864198
1604995584208,-0.0012755102040816326,0.002551020408163265,6.020408163265776e-05
1604995584241,-0.0018365472910927456,0.0036730945821854912,0.0
1604995584272,-0.003121748178980229,0.002081165452653486,0.0001222684703433994
1604995584319,-0.001358080579447714,0.0018107741059302852,0.0
1604995584352,-0.004591368227731864,0.004591368227731864,0.0
1604995584384,-0.005859375,0.00390625,0.0
1604995584415,-0.006243496357960458,0.009365244536940686,0.0
1604995584447,-0.009765625,0.0068359375,0.0
1604995584479,-0.009765625,0.009765625,0.0
1604995584511,-0.0126953125,0.0087890625,0.0
1604995584543,-0.0126953125,0.0126953125,0.0
1604995584576,-0.012855831037649219,0.014692378328741965,0.0
1604995584607,-0.015608740894901144,0.018730489073881373,0.0
1604995584640,-0.018365472910927456,0.01652892561983471,0.0
1604995584672,-0.0107421875,0.015625,0.0
1604995584724,-0.005547337278106509,0.00628698224852071,0.0
1604995584751,-0.0205761316872428,0.023319615912208505,0.0
1604995584784,-0.013774104683195593,0.014692378328741965,0.0
1604995584815,-0.013527575442247659,0.014568158168574402,0.0
1604995584852,-0.013148283418553688,0.008035062089116142,0.0
1604995584879,-0.00823045267489712,0.0054869684499314125,0.0
1604995584911,-0.0126953125,0.0009765625,0.0
1604995584943,-0.005859375,0.001953125,0.0
1604995584976,0.0,0.0018365472910927456,0.004830303030303028
1604995585009,-0.006427915518824609,-0.0009182736455463728,-0.0011112947658402077
1604995585040,0.002081165452653486,-0.004162330905306972,-0.002004162330905324
1604995585072,0.001953125,0.0009765625,-0.0011906250000000007
1604995585120,0.0026041666666666665,0.0,-0.0005595486111111084
1604995585151,0.006243496357960458,0.0,-0.0013150884495317413
1604995585183,0.005859375,-0.0009765625,-0.0010466796874999962
1604995585216,0.006427915518824609,-0.0009182736455463728,-0.0009313131313131466
1604995585248,0.0078125,0.0,0.0
1604995585284,0.007716049382716049,0.0038580246913580245,0.0
1604995585311,0.013717421124828532,0.0054869684499314125,0.0
1604995585343,0.0107421875,0.0029296875,0.0
1604995585376,0.011019283746556474,0.0009182736455463728,0.0
1604995585408,0.0126953125,0.001953125,0.0
1604995585456,0.006510416666666667,0.0026041666666666665,0.0
1604995585477,0.03854875283446712,0.013605442176870748,0.0
1604995585519,0.00963718820861678,0.003968253968253968,0.0
1604995585552,0.015610651974288337,0.0027548209366391185,0.0
1604995585583,0.01664932362122789,0.001040582726326743,0.0
1604995585616,0.014692378328741965,0.0009182736455463728,0.0
1604995585648,0.0166015625,0.0048828125,0.0
1604995585696,0.0078125,0.0,0.0
1604995585729,0.013774104683195593,0.0018365472910927456,0.0
1604995585744,0.07111111111111111,-0.022222222222222223,0.0
1604995585775,0.013527575442247659,-0.004162330905306972,0.0
1604995585807,0.013671875,-0.0078125,0.0
1604995585841,0.006920415224913495,-0.005190311418685121,0.0
1604995585872,0.005202913631633715,0.0,0.0
1604995585919,0.001358080579447714,-0.0018107741059302852,0.0
1604995585951,0.001953125,-0.0009765625,0.024947167968750017
1604995585983,-0.0029296875,-0.00390625,0.0006805664062499994
1604995586015,-0.009765625,-0.0029296875,0.0043259765625
1604995586048,0.0009182736455463728,-0.0073461891643709825,0.0
1604995586079,0.001040582726326743,-0.011446409989594173,0.0
1604995586111,0.0009765625,-0.0087890625,0.0
1604995586144,-0.0018365472910927456,-0.009182736455463728,0.0
1604995586175,0.012486992715920915,-0.002081165452653486,0.0
1604995586208,-0.015610651974288337,-0.02203856749311295,0.0
1604995586240,0.009765625,-0.0126953125,0.0
1604995586272,0.01953125,-0.0234375,0.0
1604995586324,-0.0029585798816568047,-0.008505917159763314,0.0
1604995586351,-0.019204389574759947,-0.01646090534979424,0.0
1604995586383,-0.0126953125,-0.0166015625,0.0
1604995586415,-0.015625,-0.0166015625,0.0
1604995586447,-0.013671875,-0.0166015625,0.0
1604995586479,-0.015625,-0.0166015625,0.0
1604995586512,-0.014692378328741965,-0.010101010101010102,0.0
1604995586543,-0.01768990634755463,-0.009365244536940686,0.0
1604995586576,-0.01652892561983471,-0.0073461891643709825,0.0
1604995586608,-0.0185546875,-0.0078125,0.0
1604995586640,-0.0166015625,-0.0048828125,0.0
1604995586672,-0.0126953125,-0.00390625,0.0
1604995586721,-0.0058309037900874635,-0.0008329862557267805,0.0
1604995586755,-0.00865051903114187,0.0,-0.052142387543252594
1604995586784,-0.01070154577883472,0.0023781212841854932,-0.0017353151010701404
1604995586816,-0.005859375,0.00390625,7.089843749999436e-05
1604995586848,-0.00390625,0.0048828125,0.0011168945312499956
1604995586879,-0.003121748178980229,0.009365244536940686,0.0
1604995586911,-0.001953125,0.009765625,0.0
1604995586944,-0.0027548209366391185,0.011019283746556474,0.0
1604995586976,-0.0068359375,0.0234375,0.0
1604995587009,-0.006427915518824609,0.028466483011937556,0.0
1604995587040,-0.005202913631633715,0.03329864724245578,0.0
1604995587072,-0.0029296875,0.0341796875,0.0
1604995587120,-0.00043402777777777775,0.013454861111111112,0.0
1604995587151,0.0,0.029136316337148804,0.0
1604995587183,0.001953125,0.0244140625,0.0
1604995587215,0.005859375,0.0166015625,0.0
1604995587247,0.001953125,0.0185546875,0.0
1604995587280,0.0009182736455463728,0.020202020202020204,0.0
1604995587311,0.007284079084287201,0.01664932362122789,0.0
1604995587343,0.005859375,0.0146484375,0.0
1604995587375,0.0048828125,0.0078125,0.0
1604995587408,0.0036730945821854912,0.005509641873278237,0.0
1604995587440,0.0048828125,-0.0029296875,0.045709863281249985
1604995587487,0.0,0.0,0.005767858759619747
1604995587520,-0.0073461891643709825,-0.014692378328741965,0.01150376492194672
1604995587551,0.001040582726326743,-0.008324661810613945,0.007048283038501571
1604995587584,0.0018365472910927456,-0.004591368227731864,-0.0026004591368227643
1604995587616,0.0029296875,-0.005859375,0.0
1604995587647,0.008324661810613945,-0.014568158168574402,0.0
1604995587679,0.0078125,0.01953125,0.0
1604995587711,0.017578125,-0.0234375,0.0
1604995587743,0.005859375,-0.0087890625,0.0
1604995587775,0.013671875,-0.01171875,0.0
1604995587808,0.011019283746556474,-0.010101010101010102,0.0
1604995587841,0.01652892561983471,-0.014692378328741965,0.0
1604995587887,0.008506616257088847,-0.008979206049149339,0.0
1604995587920,0.011937557392102846,-0.010101010101010102,0.0
1604995587952,0.0224609375,-0.0126953125,0.0
1604995587983,0.014568158168574402,-0.014568158168574402,0.0
1604995588015,0.0126953125,-0.0048828125,0.0
1604995588048,0.012855831037649219,-0.0073461891643709825,0.0
1604995588079,0.008324661810613945,-0.009365244536940686,0.0
1604995588111,0.0068359375,0.0,0.0
1604995588144,0.0036730945821854912,-0.0073461891643709825,0.0
1604995588175,0.002081165452653486,0.002081165452653486,-0.04207783558792925
1604995588225,-0.0004,-0.0016,0.00030768000000000483
1604995588255,-0.0022222222222222222,0.0033333333333333335,0.0
1604995588288,-0.0027548209366391185,0.0018365472910927456,0.0
1604995588319,-0.006243496357960458,0.004162330905306972,0.0
1604995588351,-0.0068359375,-0.001953125,0.0
1604995588384,-0.0073461891643709825,0.0,0.0
1604995588416,-0.0078125,-0.0068359375,0.0
1604995588447,-0.008324661810613945,-0.003121748178980229,0.0
1604995588480,-0.009182736455463728,-0.0036730945821854912,0.0
1604995588512,-0.0107421875,-0.0087890625,0.0
1604995588543,-0.01664932362122789,-0.009365244536940686,0.0
1604995588575,-0.0068359375,-0.0087890625,0.0
1604995588608,-0.011019283746556474,-0.0073461891643709825,0.012275573921028465
1604995588655,-0.004074241738343142,-0.0036215482118605704,0.00046817564508827456
1604995588688,-0.008264462809917356,-0.009182736455463728,0.0012042240587695058
1604995588719,-0.005202913631633715,-0.006243496357960458,0.0009511966701352659
1604995588751,-0.0048828125,-0.0068359375,0.0014966796875000021
1604995588783,-0.001953125,-0.00390625,0.0009951171875000053
1604995588815,-0.0029296875,-0.0029296875,0.0011565429687500073
1604995588847,-0.0009765625,-0.0029296875,0.0008719726562499974
1604995588879,0.0,0.0009765625,0.0008342773437499951
1604995588912,-0.0009182736455463728,0.0009182736455463728,0.001015151515151521
1604995588943,-0.001040582726326743,0.001040582726326743,0.0009268470343392104
1604995588976,-0.0009182736455463728,0.0,0.00011524334251608503
1604995589009,-0.0009182736455463728,0.0009182736455463728,-3.4618916437099133e-05
1604995589055,-0.000945179584120983,0.0,-7.741020793951278e-05
1604995589088,-0.0036730945821854912,0.0009182736455463728,-0.00010376492194673971
1604995589120,-0.0048828125,0.0,-0.0006934570312499833
1604995589151,-0.006243496357960458,-0.001040582726326743,-0.0009701352757544203
1604995589183,-0.0068359375,-0.0009765625,-0.000560937500000025
1604995589216,-0.006427915518824609,0.0009182736455463728,-0.0012539026629935696
1604995589248,-0.0087890625,0.0,-2.8124999999989964e-05
1604995589279,-0.009365244536940686,0.002081165452653486,-0.000468678459937567
1604995589311,-0.0078125,0.0048828125,-5.810546874998601e-05
1604995589344,-0.005509641873278237,0.006427915518824609,0.000570523415977953
1604995589376,-0.00390625,0.0126953125,0.00046552734374999405
1604995589408,-0.0029296875,0.013671875,0.0003341796874999914
1604995589456,-0.0008680555555555555,0.007378472222222222,0.0001887152777777882
1604995589487,-0.001040582726326743,0.019771071800208116,0.00163642039542143
1604995589520,0.0,0.021120293847566574,0.0013468319559228677
1604995589552,0.0009765625,0.0205078125,0.001978710937499989
1604995589583,0.002081165452653486,0.021852237252861603,0.0018931321540062418
1604995589616,0.0009182736455463728,0.014692378328741965,0.0010661157024793402
1604995589647,0.001040582726326743,0.013527575442247659,0.0008965660770031321
1604995589679,0.0009765625,0.0087890625,0.0007065429687500013
1604995589711,0.0009765625,0.0068359375,0.0002723632812499932
1604995589743,0.001953125,0.0009765625,-0.000491503906249996
1604995589776,0.0009182736455463728,0.0,0.00012635445362717352
1604995589809,0.0036730945821854912,-0.0027548209366391185,-7.22681359044975e-05
1604995589856,0.001358080579447714,-0.0018107741059302852,-9.157990040742786e-05
1604995589887,0.004162330905306972,-0.005202913631633715,-0.0011295525494276755
1604995589919,0.005859375,-0.00390625,-0.0005336914062500087
1604995589952,0.005509641873278237,-0.0036730945821854912,-8.347107438014366e-05
1604995589985,0.006427915518824609,-0.0036730945821854912,-0.0006112947658402344
1604995590015,0.01,-0.0044444444444444444,0.00034377777777778974
1604995590047,0.009765625,-0.0029296875,-0.00041054687500000075
1604995590080,0.011937557392102846,-0.0027548209366391185,-0.0005629935720844838
1604995590111,0.013527575442247659,-0.003121748178980229,-0.0008168574401664897
1604995590143,0.013671875,-0.0029296875,-0.0009446289062499946
1604995590176,0.014692378328741965,-0.0027548209366391185,-0.0009899908172635503
1604995590209,0.014692378328741965,-0.0027548209366391185,-0.0010210284664830302
1604995590255,0.007088846880907372,-0.000945179584120983,-0.0004859168241965965
1604995590287,0.013671875,-0.0029296875,-0.0010724609374999916
1604995590320,0.011937557392102846,-0.0027548209366391185,-0.00044003673094581417
1604995590351,0.012486992715920915,-0.001040582726326743,-0.0007216441207075965
1604995590383,0.009765625,0.0,-0.0005309570312500012
1604995590416,0.008264462809917356,0.0,-4.6280991735533726e-05
1604995590448,0.0048828125,0.0,0.0006278320312499974
1604995590480,0.00390625,-0.00390625,0.00024423828125000324
1604995590511,-0.002081165452653486,0.0,0.0015998959417273615
1604995590544,-0.0009182736455463728,-0.0018365472910927456,-0.00024462809917355776
1604995590575,-0.002081165452653486,-0.009365244536940686,0.000106763787721119
1604995590609,-0.005190311418685121,0.0,-0.0007681660899654025
1604995590657,-0.0026041666666666665,-0.0013020833333333333,-0.00016688368055555673
1604995590688,-0.008324661810613945,-0.005202913631633715,-0.0007634755463059302
1604995590719,-0.007284079084287201,-0.007284079084287201,-0.0006233090530697082
1604995590751,-0.0087890625,-0.0078125,-0.000868945312500008
1604995590783,-0.009765625,-0.01171875,-0.0012519531249999827
1604995590815,-0.009765625,-0.0126953125,-0.0012097656249999977
1604995590847,-0.009765625,-0.013671875,-0.0014494140625000151
1604995590879,-0.0087890625,-0.0146484375,-0.0014164062500000019
1604995590912,-0.009182736455463728,-0.013774104683195593,0.0
1604995590943,-0.01040582726326743,-0.014568158168574402,0.0
1604995590976,-0.006427915518824609,-0.011937557392102846,0.0
1604995591008,-0.0087890625,-0.01171875,0.0
1604995591056,-0.00390625,-0.005642361111111111,0.0
1604995591088,-0.0107421875,-0.01171875,0.0
1604995591132,-0.002066115702479339,-0.0046487603305785125,0.0
1604995591152,-0.015,-0.015,0.0
1604995591183,-0.009365244536940686,-0.004162330905306972,-0.008980749219562939
1604995591215,-0.0048828125,-0.0009765625,4.1113281250004796e-05
1604995591247,-0.005859375,-0.0009765625,-0.00043173828125001035
1604995591279,-0.005859375,0.0009765625,0.00047099609375000906
1604995591312,-0.0027548209366391185,0.0027548209366391185,0.0008528007346189091
1604995591344,-0.0048828125,0.0048828125,0.0
1604995591376,-0.00390625,0.01171875,0.0
1604995591408,-0.0048828125,0.015625,0.0
1604995591455,-0.002716161158895428,0.008148483476686284,0.0
1604995591487,-0.005859375,0.0205078125,0.0
1604995591520,-0.005509641873278237,0.021120293847566574,0.009697061524334256
1604995591551,-0.005202913631633715,0.022892819979188347,0.002734339229968787
1604995591583,-0.00390625,0.0234375,0.0032152343749999868
1604995591615,-0.00390625,0.0205078125,0.0025961914062500036
1604995591647,-0.00390625,0.021484375,0.0028691406249999885
1604995591680,-0.0027548209366391185,0.017447199265381085,0.0025739210284664803
1604995591711,-0.003121748178980229,0.018730489073881373,0.002536420395421436
1604995591745,-0.0008650519031141869,0.014705882352941176,0.0023903114186851313
1604995591777,0.0009765625,0.0126953125,0.0012943359375000019
1604995591808,0.0,0.009365244536940686,0.0016694068678459884
1604995591855,-0.0004526935264825713,-0.0022634676324128564,-3.064735174287102e-05
1604995591888,0.0,-0.0009182736455463728,0.00033480257116620367
1604995591919,0.0,0.001040582726326743,-0.00022081165452653042
1604995591952,0.0018365472910927456,-0.0009182736455463728,0.00014389348025711728
1604995591983,0.002081165452653486,-0.003121748178980229,0.00024401664932361815
1604995592015,0.00390625,-0.0029296875,-0.0012321289062499907
1604995592047,0.0048828125,-0.0029296875,-0.00042597656250001337
1604995592079,0.005859375,0.001953125,-3.457031249998188e-05
1604995592112,0.006427915518824609,-0.0027548209366391185,-2.2405876951344526e-05
1604995592143,0.009365244536940686,-0.001040582726326743,-4.1831425598333695e-05
1604995592177,0.00865051903114187,-0.0017301038062283738,-0.0003025951557093319
1604995592208,0.009365244536940686,-0.005202913631633715,-0.0005185223725286165
1604995592255,0.005432322317790856,0.0,-0.0004848800362154827
1604995592287,0.0146484375,-0.0009765625,-0.000984570312500016
1604995592320,0.013774104683195593,0.0009182736455463728,-0.0008967860422405791
1604995592352,0.015625,-0.00390625,-0.00041220703125000036
1604995592384,0.015625,-0.0009765625,-0.00149296874999999
1604995592415,0.018730489073881373,-0.008324661810613945,-0.0011075962539021918
1604995592447,0.0166015625,-0.00390625,-0.0010493164062500004
1604995592479,0.017578125,-0.0048828125,-0.0017730468749999895
1604995592512,0.014692378328741965,-0.006427915518824609,-0.0016639118457300384
1604995592543,0.012486992715920915,-0.008324661810613945,-0.0018690946930280945
1604995592577,0.012975778546712802,0.0008650519031141869,-0.0013220588235294132
1604995592609,0.005859375,-0.0078125,-0.0004793945312500103
1604995592655,0.004253308128544423,0.001890359168241966,-0.00010453686200377214
1604995592687,0.001953125,0.0,0.0014553710937499909
1604995592719,-0.001953125,-0.0009765625,0.0023718749999999955
1604995592752,-0.0009182736455463728,-0.0009182736455463728,0.0007745638200183709
1604995592783,-0.003121748178980229,0.0,-0.0004880332986472363
1604995592816,-0.0018365472910927456,-0.004591368227731864,-0.0013278236914600532
1604995592847,-0.003121748178980229,-0.008324661810613945,-0.0008886576482830525
1604995592879,-0.001953125,-0.0087890625,-0.0013591796874999895
1604995592911,-0.00390625,-0.005859375,-0.0015222656250000188
1604995592944,-0.0036730945821854912,-0.011937557392102846,-0.001060514233241504
1604995592977,-0.005509641873278237,-0.005509641873278237,-0.000681818181818162
1604995593008,-0.007284079084287201,-0.015608740894901144,-0.0011535900104058523
1604995593056,-0.0030381944444444445,-0.005642361111111111,-0.0002113281249999963
1604995593087,-0.008324661810613945,-0.014568158168574402,-0.0008091571279916824
1604995593119,-0.0078125,-0.013671875,-0.0009676757812499825
1604995593151,-0.0068359375,-0.013671875,-0.001013085937500019
1604995593183,-0.0078125,-0.01171875,-4.970703124998477e-05
1604995593215,-0.0068359375,-0.0107421875,-0.0005485351562500018
1604995593248,-0.004591368227731864,-0.006427915518824609,-8.943985307621054e-05
1604995593279,-0.007284079084287201,-0.007284079084287201,0.00018439125910509795
1604995593312,-0.005509641873278237,-0.0018365472910927456,0.00026657483930211386
1604995593344,-0.0078125,0.0009765625,-0.00017500000000000848
1604995593377,-0.006427915518824609,0.0036730945821854912,-0.0003104683195592261
1604995593408,-0.008324661810613945,0.006243496357960458,0.0008047866805411128
1604995593457,-0.003748438150770512,0.003331945022907122,0.000221282798833814
1604995593487,-0.01,0.014444444444444444,0.0011040000000000166
1604995593519,-0.01171875,0.013671875,0.0009447265624999979
1604995593551,-0.0126953125,0.0166015625,0.0026079101562499762
1604995593583,-0.0126953125,0.017578125,0.0013194335937500024
1604995593616,-0.013774104683195593,0.017447199265381085,0.0019538108356290215
1604995593647,-0.014568158168574402,0.018730489073881373,0.002125598335067634
1604995593679,-0.0146484375,0.015625,0.001756640625
1604995593712,-0.011937557392102846,0.012855831037649219,0.0015984389348025747
1604995593744,-0.0126953125,0.0107421875,0.0015133789062500014
1604995593777,-0.010101010101010102,0.0073461891643709825,0.0009823691460055233
1604995593807,-0.011111111111111112,0.006666666666666667,0.0010545555555555412
1604995593855,-0.0030381944444444445,0.0013020833333333333,-0.00016770833333333722
1604995593887,-0.0048828125,0.0,-0.0005248046874999912
1604995593920,-0.0018365472910927456,0.0,-0.0015832874196510525
1604995593952,0.0,-0.001953125,-0.0026094726562500004
1604995593984,0.0009765625,-0.0009765625,-0.0028383789062499942
1604995594015,0.004162330905306972,-0.001040582726326743,-0.003862018730489071
1604995594047,0.00390625,-0.0009765625,-0.003380761718750014
1604995594079,0.0029296875,0.0,-0.003570019531249996
1604995594111,0.00390625,0.0,0.0
1604995594144,0.0036730945821854912,0.0009182736455463728,0.0
1604995594177,0.0036730945821854912,0.0009182736455463728,-0.012162534435261713
1604995594223,0.001890359168241966,0.0004725897920604915,-0.0025516540642722034
1604995594255,0.0087890625,0.0029296875,-0.0048970703125000015
1604995594287,0.0068359375,0.0,-0.0047660156250000085
1604995594319,0.0078125,-0.001953125,-0.004770507812499991
1604995594352,0.009182736455463728,-0.0009182736455463728,-0.004067768595041323
1604995594384,0.009765625,-0.0029296875,-0.004127343750000012
1604995594415,0.011446409989594173,-0.003121748178980229,0.0
1604995594447,0.0107421875,-0.0068359375,0.0
1604995594480,0.011937557392102846,-0.010101010101010102,0.0
1604995594512,0.009765625,-0.013671875,0.0
1604995594543,0.01040582726326743,-0.002081165452653486,0.0
1604995594577,0.006920415224913495,-0.006055363321799308,0.0
1604995594625,0.003472222222222222,-0.001736111111111111,0.0
1604995594656,0.008324661810613945,-0.005202913631633715,0.0
1604995594689,0.006427915518824609,-0.0009182736455463728,0.0
1604995594720,0.009365244536940686,-0.019771071800208116,0.0
1604995594752,0.0087890625,-0.005859375,0.0
1604995594784,0.0087890625,-0.0029296875,0.0
1604995594815,0.01040582726326743,-0.01040582726326743,0.0
1604995594847,0.01171875,-0.0166015625,0.0
1604995594880,0.011937557392102846,-0.013774104683195593,0.0
1604995594912,0.013671875,-0.0166015625,0.0
1604995594944,0.0146484375,-0.0166015625,0.0
1604995594976,0.013671875,-0.017578125,0.0
1604995595025,0.006247396917950854,-0.008746355685131196,0.0
1604995595055,0.01888888888888889,-0.011111111111111112,0.0
1604995595088,0.008264462809917356,-0.01652892561983471,0.0
1604995595120,0.0126953125,-0.013671875,0.0
