1604994817300,-0.015432098765432098,0.0,0.08932499999999999
1604994817328,-0.01020408163265306,0.00510204081632653,0.0057135204081632815
1604994817361,-0.012855831037649219,0.004591368227731864,0.010329109274563823
1604994817392,-0.009365244536940686,0.003121748178980229,-0.0005490114464099966
1604994817425,-0.008264462809917356,0.004591368227731864,0.0021016528925619886
1604994817458,0.004591368227731864,-0.0073461891643709825,-0.0008660238751147983
1604994817505,-0.005885015844273427,0.0036215482118605704,0.001412313263920325
1604994817537,0.005859375,-0.00390625,0.001412313263920325
1604994817569,-0.0009765625,0.00390625,0.13436494140625002
1604994817601,-0.0029296875,0.0029296875,0.0012160156249999832
1604994817633,-0.0009765625,0.0,0.0005569335937500031
1604994817664,0.0,0.001040582726326743,-6.0249739854307395e-05
1604994817697,0.0018365472910927456,-0.0009182736455463728,-0.00058099173553719
1604994817728,0.0,0.0,-0.0015805411030176922
1604994817761,0.0009182736455463728,0.0,-0.0016943985307621722
1604994817793,0.0,-0.0009765625,-0.0024877929687500133
1604994817825,0.0009765625,-0.0029296875,-0.00329697265624998
1604994817857,-0.001953125,0.0009765625,-0.0029786132812500143
1604994817905,-0.0030381944444444445,-0.0030381944444444445,-0.0006696180555555555
1604994817937,0.00390625,0.0068359375,-0.002461230468749992
1604994817969,-0.0029296875,0.0029296875,-0.003524218750000002
1604994818001,-0.005859375,0.0009765625,-0.003945312499999992
1604994818032,-0.006243496357960458,-0.002081165452653486,-0.0018927159209157268
1604994818064,-0.0068359375,-0.0009765625,-0.0010369140624999912
1604994818098,-0.006920415224913495,-0.0034602076124567475,-0.0010369140624999912
1604994818129,-0.012486992715920915,0.001040582726326743,-0.0010369140624999912
1604994818160,-0.003121748178980229,-0.001040582726326743,-0.0010369140624999912
1604994818193,-0.013774104683195593,0.004591368227731864,-0.0010369140624999912
1604994818225,-0.0107421875,0.0029296875,-0.0010369140624999912
1604994818257,-0.015625,0.009765625,-0.0010369140624999912
1604994818305,-0.006076388888888889,0.003472222222222222,-0.0010369140624999912
1604994818338,-0.010101010101010102,0.0009182736455463728,-0.0010369140624999912
1604994818370,-0.0068359375,0.00390625,-0.0010369140624999912
1604994818401,-0.006243496357960458,0.001040582726326743,0.11171529656607701
1604994818434,-0.006427915518824609,0.0036730945821854912,0.11171529656607701
1604994818465,-0.007284079084287201,0.006243496357960458,0.11171529656607701
1604994818497,-0.0078125,0.001953125,0.11171529656607701
1604994818528,-0.009365244536940686,0.004162330905306972,0.11171529656607701
1604994818561,-0.010101010101010102,0.0036730945821854912,0.11171529656607701
1604994818593,-0.0087890625,0.009765625,0.11171529656607701
1604994818625,-0.0126953125,0.0009765625,0.10263730468750001
1604994818658,-0.012855831037649219,0.0018365472910927456,0.10263730468750001
1604994818704,-0.007561436672967864,0.0014177693761814746,0.04956885633270322
1604994818737,-0.01652892561983471,0.0036730945821854912,0.04956885633270322
1604994818768,-0.018730489073881373,0.006243496357960458,0.04956885633270322
1604994818801,-0.015610651974288337,0.015610651974288337,0.04956885633270322
1604994818832,-0.013527575442247659,0.01664932362122789,0.04956885633270322
1604994818865,-0.006427915518824609,0.015610651974288337,0.04956885633270322
1604994818896,-0.007284079084287201,0.013527575442247659,0.04956885633270322
1604994818929,0.0073461891643709825,0.02203856749311295,0.04956885633270322
1604994818961,0.005859375,0.0166015625,0.04956885633270322
1604994818993,0.009765625,0.0146484375,0.04956885633270322
1604994819026,0.011019283746556474,0.010101010101010102,0.04956885633270322
1604994819057,0.015608740894901144,0.011446409989594173,0.04956885633270322
1604994819105,0.006076388888888889,0.006076388888888889,0.04956885633270322
1604994819136,0.01664932362122789,0.007284079084287201,0.04956885633270322
1604994819170,0.014705882352941176,0.004325259515570935,0.04956885633270322
1604994819201,0.01768990634755463,0.004162330905306972,0.04956885633270322
1604994819233,0.017578125,-0.0009765625,0.04956885633270322
1604994819265,0.01953125,-0.0009765625,0.04956885633270322
1604994819297,0.017578125,-0.0029296875,0.04956885633270322
1604994819329,0.0146484375,-0.0068359375,0.04956885633270322
1604994819361,0.013671875,-0.0146484375,0.04956885633270322
1604994819393,0.0068359375,-0.0126953125,0.04956885633270322
1604994819426,0.011937557392102846,-0.017447199265381085,0.04956885633270322
1604994819474,0.003472222222222222,-0.005642361111111111,0.04956885633270322
1604994819505,-0.002081165452653486,-0.009365244536940686,0.04956885633270322
1604994819537,-0.00390625,-0.0146484375,0.04956885633270322
1604994819568,-0.006243496357960458,0.0,0.04956885633270322
1604994819601,-0.0073461891643709825,-0.017447199265381085,0.04956885633270322
1604994819632,-0.01040582726326743,-0.018730489073881373,0.04956885633270322
1604994819665,-0.009182736455463728,-0.011937557392102846,0.04956885633270322
1604994819698,-0.012855831037649219,-0.009182736455463728,0.04956885633270322
1604994819729,-0.01768990634755463,-0.004162330905306972,0.04956885633270322
1604994819761,-0.0185546875,0.0009765625,0.04956885633270322
1604994819793,-0.0185546875,0.0048828125,0.04956885633270322
1604994819826,-0.017447199265381085,0.005509641873278237,0.04956885633270322
1604994819874,-0.008246527777777778,0.004340277777777778,0.04956885633270322
1604994819905,-0.018730489073881373,0.011446409989594173,0.04956885633270322
1604994819937,-0.017578125,0.013671875,0.04956885633270322
1604994819969,-0.0146484375,0.015625,0.04956885633270322
1604994820000,-0.012486992715920915,0.013527575442247659,0.04956885633270322
1604994820032,-0.0087890625,0.0126953125,0.04956885633270322
1604994820064,-0.00390625,0.0146484375,0.04956885633270322
1604994820096,-0.001953125,0.01171875,0.04956885633270322
1604994820129,0.0009182736455463728,0.010101010101010102,0.04956885633270322
1604994820161,0.0029296875,0.0107421875,0.04956885633270322
1604994820193,0.0048828125,0.0107421875,0.04956885633270322
1604994820225,0.0078125,0.009765625,0.04956885633270322
1604994820272,0.004074241738343142,0.004526935264825713,0.04956885633270322
1604994820305,0.009182736455463728,0.005509641873278237,0.04956885633270322
1604994820336,0.009365244536940686,0.001040582726326743,0.04956885633270322
1604994820370,0.01124567474048443,0.0025951557093425604,0.04956885633270322
1604994820401,0.013527575442247659,0.003121748178980229,0.04956885633270322
1604994820432,0.012486992715920915,-0.002081165452653486,0.04956885633270322
1604994820464,0.0126953125,-0.001953125,0.04956885633270322
1604994820497,0.011937557392102846,-0.0018365472910927456,0.04956885633270322
1604994820530,0.011937557392102846,-0.004591368227731864,0.10991340679522496
1604994820577,0.005885015844273427,-0.0009053870529651426,-0.0001922136713444989
1604994820597,0.0375,-0.01,0.0006765000000000044
1604994820626,0.016646848989298454,-0.009512485136741973,-0.001197859690844221
1604994820672,0.006143667296786389,-0.0023629489603024575,-0.00010486767485822547
1604994820705,0.012855831037649219,-0.011937557392102846,-0.00010486767485822547
1604994820736,0.013527575442247659,-0.013527575442247659,-0.00010486767485822547
1604994820769,0.010101010101010102,-0.011937557392102846,-0.00010486767485822547
1604994820806,0.006574141709276844,-0.010226442658875092,-0.00010486767485822547
1604994820833,0.009602194787379973,-0.024691358024691357,-0.00010486767485822547
1604994820865,0.00390625,-0.017578125,-0.00010486767485822547
1604994820915,0.0,-0.0072,-0.00010486767485822547
1604994820935,-0.0025,-0.04,-0.00010486767485822547
1604994820963,-0.007653061224489796,-0.01913265306122449,-0.00010486767485822547
1604994820993,-0.0077777777777777776,-0.013333333333333334,-0.00010486767485822547
1604994821027,-0.007785467128027681,-0.010380622837370242,-0.00010486767485822547
1604994821072,-0.005925925925925926,-0.0044444444444444444,0.057455654320987655
1604994821104,-0.013671875,-0.0068359375,0.057455654320987655
1604994821136,-0.0146484375,-0.00390625,0.057455654320987655
1604994821169,-0.015610651974288337,0.0018365472910927456,0.057455654320987655
1604994821200,-0.018730489073881373,0.006243496357960458,0.12775806451612903
1604994821233,-0.01928374655647383,0.010101010101010102,0.0007822773186409555
1604994821264,-0.022892819979188347,0.01768990634755463,0.0007822773186409555
1604994821297,-0.017447199265381085,0.009182736455463728,0.0007822773186409555
1604994821328,-0.019771071800208116,0.013527575442247659,0.0007822773186409555
1604994821361,-0.014692378328741965,0.008264462809917356,0.0007822773186409555
1604994821393,-0.013671875,0.015625,0.0007822773186409555
1604994821441,-0.00390625,0.006076388888888889,0.0007822773186409555
1604994821473,-0.005859375,0.015625,0.0007822773186409555
1604994821504,-0.002081165452653486,0.015608740894901144,0.0007822773186409555
1604994821537,0.0009182736455463728,0.014692378328741965,0.0007822773186409555
1604994821568,0.005202913631633715,0.015608740894901144,0.0007822773186409555
1604994821601,0.0073461891643709825,0.012855831037649219,0.0007822773186409555
1604994821632,0.012486992715920915,0.012486992715920915,0.0007822773186409555
1604994821664,0.0126953125,0.009765625,0.0007822773186409555
1604994821702,0.01038781163434903,0.00554016620498615,0.0007822773186409555
1604994821729,0.02194787379972565,0.0054869684499314125,0.0007822773186409555
1604994821761,0.0166015625,0.0,0.0007822773186409555
1604994821794,0.014692378328741965,-0.0018365472910927456,0.0007822773186409555
1604994821825,0.01768990634755463,-0.002081165452653486,0.0007822773186409555
1604994821873,0.007378472222222222,-0.0008680555555555555,0.0007822773186409555
1604994821906,0.013774104683195593,-0.006427915518824609,0.0007822773186409555
1604994821937,0.015608740894901144,-0.005202913631633715,0.0007822773186409555
1604994821969,0.0126953125,-0.0087890625,0.0007822773186409555
1604994822001,0.0126953125,-0.01171875,0.0007822773186409555
1604994822033,0.01171875,-0.0126953125,0.0007822773186409555
1604994822064,0.009365244536940686,-0.014568158168574402,0.0007822773186409555
1604994822097,0.008264462809917356,-0.013774104683195593,0.0007822773186409555
1604994822143,0.0023629489603024575,-0.007561436672967864,0.0007822773186409555
1604994822171,0.0,-0.021683673469387755,0.0007822773186409555
1604994822193,-0.002066115702479339,-0.030991735537190084,0.0007822773186409555
1604994822225,-0.001953125,-0.01171875,0.0007822773186409555
1604994822273,-0.0008680555555555555,-0.003472222222222222,0.0007822773186409555
1604994822305,-0.0048828125,-0.01171875,0.0007822773186409555
1604994822337,-0.0048828125,-0.0087890625,0.0007822773186409555
1604994822370,-0.008264462809917356,-0.005509641873278237,0.0007822773186409555
1604994822401,-0.011446409989594173,-0.004162330905306972,0.0007822773186409555
1604994822433,-0.0107421875,-0.00390625,0.0007822773186409555
1604994822465,-0.01171875,-0.0009765625,0.0007822773186409555
1604994822496,-0.014568158168574402,0.001040582726326743,0.0007822773186409555
1604994822528,-0.013671875,0.00390625,0.0007822773186409555
1604994822562,-0.012975778546712802,0.005190311418685121,0.0007822773186409555
1604994822594,-0.013671875,0.0087890625,0.0007822773186409555
1604994822641,-0.005885015844273427,0.004074241738343142,0.0007822773186409555
1604994822673,-0.01171875,0.009765625,0.0007822773186409555
1604994822705,-0.01171875,0.01171875,0.0007822773186409555
1604994822736,-0.011446409989594173,0.012486992715920915,0.0007822773186409555
1604994822770,-0.004325259515570935,0.01124567474048443,0.0007822773186409555
1604994822800,-0.0044444444444444444,0.012222222222222223,0.0007822773186409555
1604994822833,-0.004591368227731864,0.011937557392102846,0.0007822773186409555
1604994822865,0.0,0.01171875,0.15089589843749998
1604994822896,0.003121748178980229,0.011446409989594173,0.0010472424557752481
1604994822928,0.0048828125,0.009765625,0.0010706054687499855
1604994822961,0.006427915518824609,0.008264462809917356,0.0004606060606060572
1604994822994,0.0073461891643709825,0.005509641873278237,0.0009985307621671279
1604994823041,0.004074241738343142,0.003168854685377999,0.0005606156631960221
1604994823073,0.009765625,0.00390625,0.0006146484375000039
1604994823105,0.0107421875,0.00390625,0.000491113281249983
1604994823136,0.012486992715920915,0.001040582726326743,-3.1009365244531215e-05
1604994823168,0.01171875,0.0,3.974609375001492e-05
1604994823201,0.012855831037649219,-0.0009182736455463728,-0.0002739210284664938
1604994823232,0.014568158168574402,-0.001040582726326743,-0.0009085327783558728
1604994823264,0.013671875,-0.0029296875,-0.0004983398437500008
1604994823296,0.0146484375,-0.001953125,-0.0007175781250000068
1604994823329,0.013774104683195593,-0.0036730945821854912,-0.0006118457300275544
1604994823361,0.015625,-0.0048828125,-0.0005511718749999783
1604994823394,0.013774104683195593,-0.005509641873278237,-0.0003526170798898205
1604994823441,0.006337709370755998,-0.003168854685377999,-0.0003599366229062883
1604994823473,0.01171875,-0.0068359375,-0.00028408203124999365
1604994823504,0.011446409989594173,-0.011446409989594173,-0.0004372528616025209
1604994823545,0.005353955978584176,-0.007138607971445568,-0.0004280190362879133
1604994823569,0.010416666666666666,-0.020833333333333332,-0.00026597222222221915
1604994823600,0.003121748178980229,-0.012486992715920915,0.00028626430801246676
1604994823633,-0.0027548209366391185,-0.012855831037649219,0.000842424242424256
1604994823664,-0.001040582726326743,-0.012486992715920915,0.0007952133194588847
1604994823696,-0.00390625,-0.0087890625,-0.0005627929687500033
1604994823728,-0.0048828125,-0.0087890625,0.00034169921875001896
1604994823761,-0.006427915518824609,-0.0073461891643709825,1.5886134067931537e-05
1604994823793,-0.0068359375,-0.0068359375,0.00015400390625000537
1604994823841,-0.005208333333333333,-0.0026041666666666665,0.000203255208333333
1604994823873,-0.009765625,-0.005859375,0.00029013671875000036
1604994823905,-0.01171875,-0.001953125,0.0003276367187499962
1604994823937,-0.015625,0.001953125,0.0006758789062500103
1604994823969,-0.0146484375,0.001953125,0.0007535156250000064
1604994824001,-0.0146484375,0.0048828125,0.0009248046875000027
1604994824032,-0.01664932362122789,0.006243496357960458,0.0020427679500520262
1604994824069,-0.010226442658875092,0.005843681519357195,0.0009437545653761881
1604994824097,-0.016581632653061226,0.01403061224489796,0.0022929846938775406
1604994824129,-0.0107421875,0.01171875,0.001412109374999998
1604994824160,-0.009365244536940686,0.014568158168574402,0.002327055150884495
1604994824194,-0.006055363321799308,0.012110726643598616,0.0021316608996539838
1604994824242,-0.002170138888888889,0.006510416666666667,0.0007755208333333331
1604994824272,0.0,0.014444444444444444,0.0021884444444444286
1604994824306,0.0025951557093425604,0.01124567474048443,0.0008484429065744086
1604994824336,0.006666666666666667,0.011111111111111112,0.001175333333333318
1604994824368,0.0068359375,0.0087890625,0.0014615234375000008
1604994824418,0.0032,0.0028,0.0004365600000000086
1604994824432,0.05102040816326531,0.030612244897959183,0.006375510204081565
1604994824465,0.009182736455463728,0.004591368227731864,0.0012204775022956942
1604994824497,0.0107421875,0.0009765625,-0.0007771484375000137
1604994824529,0.0126953125,0.0009765625,-0.0002535156250000059
1604994824577,0.004774305555555556,-0.0013020833333333333,-8.025173611111065e-05
1604994824593,0.05859375,0.0,-0.003440624999999975
1604994824641,0.006510416666666667,-0.0008680555555555555,-0.0006667534722222257
1604994824672,0.015608740894901144,-0.003121748178980229,-0.0007263267429760448
1604994824705,0.013774104683195593,-0.0018365472910927456,-0.0010051423324150726
1604994824737,0.0146484375,-0.00390625,-0.0017592773437500042
1604994824769,0.013671875,-0.0048828125,-0.0013176757812499995
1604994824800,0.014568158168574402,-0.006243496357960458,-0.0024832466181061194
1604994824832,0.0126953125,-0.0068359375,-0.0025159179687500033
1604994824865,0.011019283746556474,-0.0073461891643709825,-0.00254426078971534
1604994824898,0.009182736455463728,-0.010101010101010102,-0.0028007346189164476
1604994824929,0.007284079084287201,-0.013527575442247659,-0.002707492195629553
1604994824962,0.0036730945821854912,-0.011937557392102846,-0.0022867768595041236
1604994824993,0.002081165452653486,-0.014568158168574402,-0.0013934443288241435
1604994825041,-0.0013020833333333333,-0.005642361111111111,-0.00040924479166667044
1604994825073,-0.00390625,-0.0107421875,-0.0013981445312499785
1604994825104,-0.005202913631633715,-0.011446409989594173,-0.0013981445312499785
1604994825137,-0.005509641873278237,-0.008264462809917356,-0.0013981445312499785
1604994825169,-0.0107421875,-0.0078125,-0.0013981445312499785
1604994825201,-0.01171875,-0.0078125,-0.0013981445312499785
1604994825232,-0.013527575442247659,-0.004162330905306972,-0.0013981445312499785
1604994825265,-0.015610651974288337,-0.0018365472910927456,-0.0013981445312499785
1604994825296,-0.01768990634755463,0.002081165452653486,-0.0013981445312499785
1604994825329,-0.017447199265381085,0.0036730945821854912,-0.0013981445312499785
1604994825362,-0.018365472910927456,0.006427915518824609,-0.0013981445312499785
1604994825394,-0.0185546875,0.009765625,-0.0013981445312499785
1604994825441,-0.009053870529651425,0.006790402897238569,-0.0013981445312499785
1604994825473,-0.0166015625,0.013671875,-0.0013981445312499785
1604994825505,-0.013671875,0.017578125,0.16594160156249999
1604994825536,-0.011446409989594173,0.018730489073881373,0.16594160156249999
1604994825573,-0.005843681519357195,0.013148283418553688,0.12722848794740688
1604994825601,-0.008928571428571428,0.02806122448979592,0.00197397959183672
1604994825633,-0.0009765625,0.0185546875,0.00030341796874999716
1604994825664,0.003121748178980229,0.01768990634755463,-0.0010672216441207046
1604994825697,0.008264462809917356,0.011937557392102846,-0.002084113865932045
1604994825729,0.009765625,0.0107421875,-0.0016669921874999938
1604994825762,0.011019283746556474,0.006427915518824609,-0.0022853994490358107
1604994825793,0.012486992715920915,-0.001040582726326743,-0.002851092611862649
1604994825842,0.006247396917950854,0.00041649312786339027,-0.0010097042898792122
1604994825872,0.017777777777777778,-0.006666666666666667,-0.0010097042898792122
1604994825904,0.015625,-0.0029296875,-0.0010097042898792122
1604994825937,0.01652892561983471,-0.009182736455463728,-0.0010097042898792122
1604994825969,0.0166015625,0.0,-0.0010097042898792122
1604994826001,0.0166015625,-0.0107421875,-0.0010097042898792122
1604994826034,0.015610651974288337,-0.011019283746556474,-0.0010097042898792122
1604994826064,0.017777777777777778,-0.008888888888888889,-0.0010097042898792122
1604994826097,0.013774104683195593,-0.009182736455463728,-0.0010097042898792122
1604994826129,0.0107421875,-0.021484375,-0.0010097042898792122
1604994826162,0.0073461891643709825,-0.010101010101010102,-0.0010097042898792122
1604994826210,0.0026041666666666665,-0.0078125,-0.0010097042898792122
1604994826243,0.0018365472910927456,-0.011937557392102846,-0.0010097042898792122
1604994826272,-0.0023781212841854932,-0.020214030915576695,-0.0010097042898792122
1604994826304,-0.00390625,-0.0146484375,-0.0010097042898792122
1604994826337,-0.006427915518824609,-0.011937557392102846,-0.0010097042898792122
1604994826368,-0.009365244536940686,-0.011446409989594173,-0.0010097042898792122
1604994826400,-0.0126953125,-0.009765625,-0.0010097042898792122
1604994826433,-0.013774104683195593,-0.008264462809917356,-0.0010097042898792122
1604994826466,-0.013774104683195593,-0.005509641873278237,-0.0010097042898792122
1604994826498,-0.017578125,0.0,-0.0010097042898792122
1604994826529,-0.019771071800208116,0.001040582726326743,-0.0010097042898792122
1604994826561,-0.0185546875,0.005859375,-0.0010097042898792122
1604994826608,-0.009053870529651425,0.0036215482118605704,0.0553883657763694
1604994826645,-0.013878743608473338,0.008765522279035792,0.0553883657763694
1604994826673,-0.02295918367346939,0.01913265306122449,0.15608086734693877
1604994826705,-0.0146484375,0.015625,0.15608086734693877
1604994826736,-0.014568158168574402,0.018730489073881373,0.15608086734693877
1604994826768,-0.009765625,0.021484375,0.15608086734693877
1604994826801,-0.0073461891643709825,0.021120293847566574,0.15608086734693877
1604994826832,-0.003121748178980229,0.02081165452653486,0.15608086734693877
1604994826864,0.001953125,0.0205078125,0.15608086734693877
1604994826898,0.004325259515570935,0.012110726643598616,0.15608086734693877
1604994826929,0.009365244536940686,0.012486992715920915,0.15608086734693877
1604994826962,0.011019283746556474,0.0018365472910927456,0.11689430670339761
1604994827008,0.006616257088846881,0.0004725897920604915,0.11689430670339761
1604994827040,0.0166015625,0.0029296875,0.11689430670339761
1604994827072,0.0166015625,0.0,0.11689430670339761
1604994827105,0.014692378328741965,-0.006427915518824609,0.11689430670339761
1604994827136,0.01768990634755463,-0.003121748178980229,0.11689430670339761
1604994827168,0.0185546875,-0.0078125,0.11702138671875001
1604994827200,0.0185546875,-0.0048828125,0.0009817382812500053
1604994827232,0.017578125,-0.0078125,-0.00019003906250000813
1604994827264,0.015625,-0.009765625,-0.0006742187500000107
1604994827297,0.012855831037649219,-0.009182736455463728,-0.0004237832874196519
1604994827329,0.0126953125,-0.0078125,-0.0004237832874196519
1604994827362,0.011937557392102846,-0.013774104683195593,-0.0004237832874196519
1604994827409,0.002716161158895428,-0.009053870529651425,-0.0004237832874196519
1604994827441,0.0048828125,-0.0029296875,-0.0004237832874196519
1604994827472,0.003121748178980229,-0.019771071800208116,-0.0004237832874196519
1604994827505,0.0,-0.014692378328741965,-0.0004237832874196519
1604994827537,0.0009765625,-0.0107421875,0.123725
1604994827568,-0.003121748178980229,-0.018730489073881373,0.123725
1604994827600,-0.0048828125,-0.0146484375,0.123725
1604994827632,-0.0087890625,-0.013671875,0.123725
1604994827665,-0.008264462809917356,-0.011937557392102846,0.123725
1604994827697,-0.0107421875,-0.009765625,0.123725
1604994827729,-0.013671875,-0.00390625,0.123725
1604994827763,-0.014705882352941176,-0.0017301038062283738,0.123725
1604994827810,-0.008601177003168854,0.0,0.123725
1604994827841,-0.022892819979188347,0.002081165452653486,0.123725
1604994827874,-0.020202020202020204,0.0018365472910927456,0.123725
1604994827905,-0.023933402705515087,0.005202913631633715,0.123725
1604994827937,-0.0224609375,0.005859375,0.123725
1604994827970,-0.018365472910927456,0.0073461891643709825,0.123725
1604994828001,-0.02081165452653486,0.015608740894901144,0.123725
1604994828033,-0.015625,0.0185546875,0.123725
1604994828065,-0.013671875,0.01953125,0.123725
1604994828097,-0.0107421875,0.0185546875,0.123725
1604994828129,-0.0068359375,0.01953125,0.123725
1604994828178,-0.0020824656393169513,0.0058309037900874635,0.123725
1604994828211,0.0,0.011937557392102846,0.123725
1604994828241,0.0033333333333333335,0.005555555555555556,0.123725
1604994828273,0.0068359375,0.0068359375,0.123725
1604994828304,0.011446409989594173,-0.003121748178980229,0.123725
1604994828337,0.009182736455463728,-0.0018365472910927456,0.123725
1604994828369,0.0146484375,0.0,0.123725
1604994828401,0.015625,0.0009765625,0.123725
1604994828433,0.0146484375,-0.0048828125,0.123725
1604994828465,0.0185546875,-0.0029296875,0.123725
1604994828498,0.014692378328741965,-0.0073461891643709825,0.123725
1604994828529,0.02081165452653486,-0.009365244536940686,0.123725
1604994828577,0.0078125,-0.006076388888888889,0.123725
1604994828609,0.0205078125,-0.01171875,0.123725
1604994828641,0.021484375,-0.01171875,0.123725
1604994828673,0.0166015625,-0.001953125,0.123725
1604994828705,0.0146484375,-0.015625,0.123725
1604994828737,0.0166015625,-0.021484375,0.123725
1604994828768,0.014568158168574402,-0.03329864724245578,0.123725
1604994828800,0.0087890625,-0.0126953125,0.123725
1604994828832,0.005859375,-0.0107421875,0.123725
1604994828865,0.004591368227731864,-0.021120293847566574,0.123725
1604994828896,0.006243496357960458,-0.019771071800208116,0.123725
1604994828929,-0.0027548209366391185,-0.017447199265381085,0.123725
