1604932540486,-0.01171875,0.013671875,-0.004635253906250025
1604932540518,0.005859375,-0.021484375,-0.08853056640624998
1604932540550,-0.0078125,0.0,-0.015378613281250009
1604932541120,-0.0002185287780855648,0.00017236072637734687,0.0
1604932541138,-0.012345679012345678,0.024691358024691357,0.0
1604932541150,-0.034722222222222224,0.034722222222222224,0.0
1604932541165,-0.017777777777777778,0.022222222222222223,0.0
1604932541180,-0.013333333333333334,0.008888888888888889,0.0
1604932541196,-0.0078125,-0.01171875,0.0
1604932541211,-0.022222222222222223,0.057777777777777775,0.0
1604932541227,-0.01171875,0.0234375,0.0
1604932541242,-0.013333333333333334,0.013333333333333334,0.09362711111111113
1604932541257,-0.013333333333333334,0.017777777777777778,0.006526666666666693
1604932541273,-0.0078125,0.02734375,0.003462109375000022
1604932541289,-0.02734375,0.02734375,0.005252734374999957
1604932541305,-0.00390625,0.015625,0.0
1604932541321,-0.00390625,0.01953125,0.00370742187499995
1604932541350,-0.0011890606420927466,0.008323424494649227,-0.00042342449464922457
1604932541383,-0.0009182736455463728,0.0036730945821854912,0.0007985307621671438
1604932541415,-0.0009765625,0.001953125,0.0008146484374999818
1604932541446,-0.001040582726326743,0.003121748178980229,0.0008454734651404787
1604932541480,-0.0008650519031141869,0.0008650519031141869,0.00016712802768167708
1604932541526,-0.0014177693761814746,0.000945179584120983,0.00029621928166351745
1604932541558,-0.0029296875,0.001953125,0.0013446289062499783
1604932541591,-0.0009182736455463728,0.0,0.0007532598714416925
1604932541622,-0.007284079084287201,0.003121748178980229,0.0017850156087409123
1604932541655,-0.004591368227731864,-0.0009182736455463728,0.0
1604932541686,-0.006243496357960458,0.002081165452653486,0.0
1604932541719,-0.0036730945821854912,-0.0027548209366391185,0.0
1604932541750,-0.014568158168574402,0.003121748178980229,0.0
1604932541782,-0.0048828125,0.001953125,0.0
1604932541815,-0.013774104683195593,-0.0018365472910927456,0.0
1604932541846,-0.013527575442247659,0.002081165452653486,0.0
1604932541880,-0.010380622837370242,-0.005190311418685121,0.0
1604932541926,-0.005198487712665407,0.006616257088846881,0.0
1604932541958,-0.0126953125,0.0,0.0
1604932541990,-0.0107421875,0.0009765625,0.0
1604932542023,-0.011019283746556474,0.0027548209366391185,0.0
1604932542054,-0.011446409989594173,0.0,0.0
1604932542091,-0.007304601899196494,0.0,0.0003056245434623749
1604932542119,-0.008928571428571428,-0.0012755102040816326,-0.0006417091836734556
1604932542151,-0.0078125,-0.00390625,-0.0003540039062500111
1604932542183,-0.005859375,0.00390625,0.0003597656250000081
1604932542214,-0.003121748178980229,-0.002081165452653486,-0.0001760665972945034
1604932542248,-0.0008650519031141869,0.0008650519031141869,-0.00026003460207612704
1604932542285,0.0014609203798392988,0.0007304601899196494,-0.0007077428780131415
1604932542326,0.002379535990481856,0.001189767995240928,-0.0005080309339678843
1604932542358,0.0078125,-0.001953125,-0.0007985351562499743
1604932542390,0.0078125,0.0,-0.000877246093750006
1604932542422,0.0107421875,-0.001953125,0.0
1604932542456,0.010380622837370242,-0.0017301038062283738,0.0
1604932542486,0.014444444444444444,-0.0022222222222222222,-0.0022813333333333375
1604932542519,0.013774104683195593,-0.0009182736455463728,0.0
1604932542550,0.01664932362122789,-0.002081165452653486,0.0
1604932542583,0.014692378328741965,-0.0009182736455463728,0.0
1604932542614,0.01664932362122789,-0.001040582726326743,0.0
1604932542647,0.013774104683195593,-0.0009182736455463728,0.0
1604932542695,0.006076388888888889,-0.00043402777777777775,0.0
1604932542726,0.013527575442247659,0.0,0.0
1604932542758,0.009765625,-0.0009765625,0.0
1604932542790,0.0078125,0.0,0.0
1604932542822,0.00390625,0.0009765625,0.0013736328124999975
1604932542855,-0.0018365472910927456,-0.0018365472910927456,0.0020543617998163466
1604932542887,-0.0029296875,-0.0029296875,0.001822070312500007
1604932542919,-0.00390625,-0.0029296875,0.0
1604932542950,-0.007284079084287201,-0.003121748178980229,0.0
1604932542982,-0.0087890625,-0.005859375,0.0
1604932543014,-0.009765625,-0.0068359375,0.0
1604932543047,-0.009182736455463728,-0.011019283746556474,0.0
1604932543094,-0.0036215482118605704,-0.004979628791308284,0.0
1604932543127,-0.006427915518824609,-0.011019283746556474,0.0
1604932543158,-0.007284079084287201,-0.012486992715920915,0.006893756503642036
1604932543190,-0.0068359375,-0.009765625,-0.0014333984375000108
1604932543222,-0.005859375,-0.0068359375,-0.001374121093749986
1604932543255,-0.008264462809917356,-0.004591368227731864,-0.0018170798898071688
1604932543303,-0.003472222222222222,-0.00043402777777777775,-0.0007682291666666711
1604932543342,-0.006574621959237344,-0.0006574621959237344,-0.0011266272189349015
1604932543372,-0.011111111111111112,0.0011111111111111111,0.0
1604932543400,-0.012755102040816327,0.002551020408163265,0.0
1604932543416,-0.04296875,0.015625,0.0
1604932543447,-0.011446409989594173,0.001040582726326743,-0.010397710718002077
1604932543494,-0.0036215482118605704,-0.0004526935264825713,0.0
1604932543526,-0.009765625,0.001953125,0.0
1604932543572,-0.002835538752362949,0.0004725897920604915,0.0
1604932543591,-0.019390581717451522,0.0221606648199446,0.0
1604932543622,-0.005202913631633715,0.006243496357960458,0.0
1604932543655,-0.0018365472910927456,0.004591368227731864,0.0
1604932543686,-0.001040582726326743,0.006243496357960458,0.0
1604932543735,0.0008329862557267805,0.0029154518950437317,0.0
1604932543757,0.006198347107438017,0.01859504132231405,0.0
1604932543784,0.00823045267489712,0.010973936899862825,0.0
1604932543814,0.008888888888888889,0.012222222222222223,0.0
1604932543848,0.007785467128027681,0.009515570934256055,0.0
1604932543906,0.002972651605231867,0.0032699167657550534,0.0
1604932543941,0.00816326530612245,0.006530612244897959,0.0
1604932543958,0.03460207612456748,0.031141868512110725,0.0
1604932544008,0.004,0.0028,0.0
1604932544035,0.013717421124828532,0.010973936899862825,0.0
1604932544055,0.02,0.0225,0.0
1604932544086,0.006243496357960458,0.011446409989594173,0.0
1604932544118,0.0048828125,0.0107421875,0.0
1604932544150,0.001953125,0.0107421875,0.0
1604932544183,0.0027548209366391185,0.004591368227731864,0.0
1604932544230,0.002716161158895428,0.0022634676324128564,0.0
1604932544253,0.00945179584120983,-0.001890359168241966,0.0
1604932544294,0.002379535990481856,-0.001784651992861392,0.0
1604932544326,0.0068359375,-0.0048828125,0.0
1604932544358,0.0048828125,-0.009765625,0.0
1604932544390,0.0068359375,-0.0107421875,0.0
1604932544423,0.006427915518824609,-0.011019283746556474,0.0
1604932544455,0.0078125,-0.0107421875,0.0
1604932544486,0.008324661810613945,-0.01040582726326743,0.0
1604932544518,0.0078125,-0.0078125,0.0
1604932544550,0.0078125,-0.0068359375,0.0
1604932544583,0.004591368227731864,-0.006427915518824609,0.0
1604932544614,0.005202913631633715,-0.005202913631633715,0.018360145681581664
1604932544648,0.0017301038062283738,-0.0034602076124567475,0.002217301038062304
1604932544695,0.0009053870529651426,-0.0022634676324128564,0.0017038931643277404
1604932544726,0.0,-0.004162330905306972,0.0032819979188345436
1604932544758,-0.0009765625,-0.0029296875,0.002694921875000006
1604932544791,-0.0009182736455463728,-0.0009182736455463728,0.0031491276400367452
1604932544823,-0.001953125,-0.0009765625,0.0024260742187499906
1604932544856,-0.0036730945821854912,-0.0018365472910927456,0.0024748393021120263
1604932544886,-0.0044444444444444444,0.0011111111111111111,0.001878444444444464
1604932544919,-0.004591368227731864,0.0,0.001020477502295684
1604932544950,-0.006243496357960458,-0.001040582726326743,0.0007356919875130006
1604932544982,-0.0068359375,-0.0009765625,-0.0005780273437500094
1604932545014,-0.0078125,-0.0009765625,-0.0006748046875000024
1604932545048,-0.007785467128027681,-0.0008650519031141869,-0.00042802768166089785
1604932545095,-0.004074241738343142,-0.0009053870529651426,-0.00042430964237211106
1604932545126,-0.01040582726326743,-0.003121748178980229,-0.0007787721123829383
1604932545158,-0.0107421875,-0.001953125,-0.0009059570312499876
1604932545191,-0.010101010101010102,-0.0018365472910927456,-0.0014190082644628336
1604932545222,-0.01040582726326743,-0.004162330905306972,-0.0004421436004162119
1604932545254,-0.0107421875,-0.00390625,-0.001508593750000009
1604932545287,-0.009182736455463728,-0.004591368227731864,-0.0010442607897153417
1604932545319,-0.0087890625,-0.005859375,-0.0017176757812499832
1604932545351,-0.0087890625,-0.0068359375,-0.0012703125000000093
1604932545383,-0.0087890625,-0.0048828125,-0.001765332031250011
1604932545415,-0.0078125,-0.005859375,-0.002810156250000001
1604932545446,-0.008324661810613945,-0.004162330905306972,-0.0034092611862643
1604932545494,-0.00390625,-0.0008680555555555555,-0.0010055989583333351
1604932545527,-0.0073461891643709825,-0.0018365472910927456,-0.0029485766758493887
1604932545564,-0.005843681519357195,-0.0007304601899196494,-0.0028328707085463786
1604932545591,-0.010973936899862825,0.0013717421124828531,-0.004895061728395062
1604932545622,-0.006243496357960458,0.001040582726326743,-0.0041240374609781486
1604932545654,-0.0048828125,0.0009765625,-0.003182910156250024
1604932545686,-0.00390625,0.0009765625,-0.002986718749999978
1604932545718,-0.001953125,0.0048828125,-0.0017954101562500102
1604932545750,0.0009765625,0.00390625,-0.0027656249999999938
1604932545783,0.005509641873278237,0.0027548209366391185,-0.0022268135904499643
1604932545814,0.007284079084287201,0.003121748178980229,-0.002450052029136318
1604932545847,0.008264462809917356,0.005509641873278237,-0.0024325068870523292
1604932545895,0.004340277777777778,0.0030381944444444445,0.0
1604932546154,0.0003279617179231079,0.0002832396654790477,0.0
1604932546167,0.05917159763313609,0.0650887573964497,0.0
1604932546186,0.024930747922437674,0.0443213296398892,0.0
1604932546197,0.06611570247933884,0.14049586776859505,0.0
1604932546217,0.02,0.0425,0.0
1604932546233,0.02734375,0.06640625,0.0
1604932546248,0.02666666666666667,0.07111111111111111,0.0
1604932546264,0.015625,0.05078125,0.0
1604932546279,0.03111111111111111,0.06222222222222222,0.0
1604932546294,0.013333333333333334,0.03111111111111111,0.0
1604932546312,0.012345679012345678,0.018518518518518517,0.0
1604932546343,0.005202913631633715,0.004162330905306972,0.008059833506763795
1604932546364,0.009070294784580499,0.0,0.0026013605442176827
1604932546391,0.006858710562414266,0.0,0.0
1604932546431,0.003125,-0.00125,0.0
1604932546458,0.00823045267489712,-0.006858710562414266,0.0
1604932546495,0.004382761139517896,-0.005113221329437546,0.0
1604932546520,0.0096,-0.0128,0.0
1604932546550,0.0077777777777777776,-0.01,0.0
1604932546599,0.0024989587671803417,-0.003748438150770512,0.0
1604932546621,0.014462809917355372,-0.01859504132231405,0.0
1604932546663,0.0045351473922902496,-0.005668934240362812,0.0
1604932546699,0.006172839506172839,-0.007716049382716049,0.0
1604932546737,0.006232686980609419,-0.006232686980609419,0.0
1604932547029,0.00019938074685682116,-0.00018765246762994934,0.0
1604932547055,0.011834319526627219,-0.010355029585798817,0.0
1604932547070,0.03111111111111111,-0.02666666666666667,0.0
1604932547086,0.0234375,-0.0234375,0.0
1604932547101,0.017777777777777778,-0.022222222222222223,0.0
1604932547117,0.01171875,-0.015625,0.10343007812499994
1604932547132,0.013333333333333334,-0.017777777777777778,0.0
1604932547148,0.0078125,-0.01171875,0.014507031249999969
1604932547164,0.0078125,-0.015625,0.005904296875000048
1604932547180,0.0,-0.01171875,0.011030468750000022
1604932547195,-0.0044444444444444444,-0.008888888888888889,0.01229466666666667
1604932547210,-0.008888888888888889,-0.013333333333333334,0.008751555555555544
1604932547226,-0.0078125,-0.0078125,0.012409374999999945
1604932547241,-0.013333333333333334,-0.022222222222222223,0.00632755555555554
1604932547256,-0.013333333333333334,-0.022222222222222223,0.00842977777777782
1604932547286,-0.0022222222222222222,-0.0077777777777777776,0.0015497777777777819
1604932547318,-0.0029296875,-0.0068359375,0.0008534179687499921
1604932547351,-0.0027548209366391185,-0.0073461891643709825,0.0008449035812672353
1604932547383,-0.0029296875,-0.0087890625,-0.000155371093750023
1604932547446,-0.0007558578987150416,-0.0022675736961451248,0.00015328798185941482
1604932547468,-0.008264462809917356,-0.01652892561983471,-0.001611157024793377
1604932547494,-0.0073964497041420114,-0.010355029585798817,-0.00021834319526628886
1604932547526,-0.0048828125,-0.0048828125,0.00013398437500000693
1604932547558,-0.005859375,-0.00390625,-0.0005249023437499944
1604932547590,-0.0068359375,-0.0009765625,-0.0005015625000000246
1604932547622,-0.0068359375,0.0009765625,4.88281250000111e-05
1604932547655,-0.006427915518824609,0.0009182736455463728,-0.0002277318640954917
1604932547686,-0.008324661810613945,0.001040582726326743,-0.00041155046826222517
1604932547719,-0.0073461891643709825,0.0018365472910927456,-0.0008363636363636315
1604932547750,-0.008324661810613945,0.002081165452653486,-0.0004943808532778627
1604932547784,-0.006920415224913495,0.0025951557093425604,2.6989619377173487e-05
1604932547835,-0.0030757400999615533,0.0007689350249903883,-0.0009171856978085393
1604932547862,-0.012345679012345678,0.0027434842249657062,0.0017866941015089288
1604932547900,-0.006232686980609419,0.0013850415512465374,-0.0006194598337950094
1604932547926,-0.011834319526627219,0.0029585798816568047,-0.0013193786982248412
1604932547958,-0.0087890625,0.0009765625,-0.00010244140625001452
1604932547990,-0.0078125,0.001953125,-0.000918066406250001
1604932548022,-0.0078125,0.0009765625,-0.0005329101562499827
1604932548055,-0.0073461891643709825,0.0009182736455463728,-0.0005298438934802815
1604932548086,-0.008324661810613945,0.002081165452653486,-0.0012616024973985162
1604932548120,-0.006920415224913495,0.0,-0.001256141868512112
1604932548151,-0.007284079084287201,0.001040582726326743,-0.0014833506763787716
1604932548183,-0.0068359375,0.0,-0.0020574218750000206
1604932548216,-0.005509641873278237,0.0,-0.0016438016528925578
1604932548262,-0.002835538752362949,0.0,-0.0010305765595463145
1604932548294,-0.0048828125,0.0009765625,-0.0029630859374999985
1604932548326,-0.0048828125,0.001953125,-0.0020111328124999828
1604932548359,-0.004591368227731864,0.0009182736455463728,-0.0018740128558310547
1604932548390,-0.005202913631633715,0.002081165452653486,-0.0028809573361082124
1604932548439,-0.0012494793835901709,0.0008329862557267805,-0.0005884631403581872
1604932548467,-0.003826530612244898,0.002551020408163265,-0.002495025510204072
1604932548486,-0.002770083102493075,0.002770083102493075,-0.005103047091412718
1604932548518,0.0,0.0009765625,-0.0010796875000000095
1604932548550,0.001953125,0.00390625,-0.0016196289062500036
1604932548594,0.002066115702479339,0.002066115702479339,-0.0005962809917355421
1604932548615,0.009070294784580499,0.013605442176870748,-0.0028224489795918243
1604932548662,0.0022634676324128564,0.004074241738343142,-0.0006194658216387544
1604932548694,0.0048828125,0.009765625,-0.000960253906249986
1604932548726,0.00390625,0.0107421875,-0.0011291015625000123
1604932548758,0.0048828125,0.0126953125,0.0
1604932548791,0.004591368227731864,0.011019283746556474,0.0
1604932548822,0.005202913631633715,0.012486992715920915,0.0
1604932548855,0.005509641873278237,0.011019283746556474,0.0
1604932548886,0.006243496357960458,0.013527575442247659,0.0
1604932548918,0.005859375,0.0126953125,0.0
1604932548955,0.004382761139517896,0.008765522279035792,0.0
1604932548983,0.007653061224489796,0.01913265306122449,0.0
1604932549030,0.002716161158895428,0.004979628791308284,0.0
1604932549063,0.004591368227731864,0.008264462809917356,0.0
1604932549094,0.006243496357960458,0.009365244536940686,0.0
1604932549126,0.0048828125,0.0107421875,0.0
1604932549157,0.007284079084287201,0.005202913631633715,0.0
1604932549190,0.006427915518824609,0.0027548209366391185,0.0
1604932549223,0.006427915518824609,-0.0009182736455463728,0.0
1604932549255,0.0087890625,-0.0029296875,0.0
1604932549286,0.008324661810613945,-0.009365244536940686,0.0
1604932549323,0.005843681519357195,-0.008035062089116142,0.0
1604932549351,0.011479591836734694,-0.01403061224489796,0.0
1604932549383,0.009765625,-0.01171875,0.0
1604932549430,0.004074241738343142,-0.005432322317790856,0.0
1604932549463,0.009182736455463728,-0.011937557392102846,0.0
1604932549494,0.009365244536940686,-0.011446409989594173,0.0
1604932549526,0.009765625,-0.01171875,0.0
1604932549558,0.009765625,-0.0126953125,0.0
1604932549590,0.009765625,-0.0087890625,0.0
1604932549637,0.004074241738343142,-0.004074241738343142,0.0
1604932549655,0.024691358024691357,-0.024691358024691357,0.0
1604932549686,0.008324661810613945,-0.008324661810613945,0.0
1604932549724,0.004847645429362881,-0.0034626038781163434,0.0
1604932549751,0.00823045267489712,-0.009602194787379973,0.0
1604932549787,0.0038580246913580245,-0.0038580246913580245,0.0
1604932549834,0.0018107741059302852,-0.002716161158895428,0.013042688999547315
1604932549862,0.002551020408163265,-0.007653061224489796,0.0037082908163265206
1604932549895,0.0018365472910927456,-0.006427915518824609,0.0036011937557392246
1604932549926,-0.001040582726326743,-0.006243496357960458,0.003523204994797075
1604932549969,-0.0016224986479177934,-0.003244997295835587,0.001922769064359105
1604932549990,-0.011337868480725623,-0.011337868480725623,0.006033786848072623
1604932550036,-0.002835538752362949,-0.0014177693761814746,0.001892816635160668
1604932550059,-0.011342155009451797,-0.003780718336483932,0.0032712665406427342
1604932550086,-0.00823045267489712,-0.0013717421124828531,0.002562139917695496
1604932550119,-0.004591368227731864,0.0,0.0003052341597795946
1604932550150,-0.006243496357960458,0.0,-0.0005708636836628442
1604932550183,-0.005509641873278237,0.0009182736455463728,-0.0003249770431588445
1604932550234,-0.002691272587466359,0.00038446751249519417,-0.00030334486735871424
1604932550262,-0.008928571428571428,0.002551020408163265,-0.0010815051020408289
1604932550310,-0.003472222222222222,0.0008680555555555555,-0.0009423611111111106
1604932550339,-0.01070154577883472,0.0035671819262782403,-0.0006521997621878597
1604932550358,-0.0221606648199446,0.00554016620498615,-0.005039335180055388
1604932550390,-0.0087890625,0.001953125,-0.0004197265625000002
1604932550422,-0.009765625,0.001953125,-0.0014288085937499972
1604932550454,-0.009765625,0.001953125,-0.0009251953125000156
1604932550504,-0.004,0.0008,-0.00016204000000000178
1604932550530,-0.014792899408284023,0.0,-0.002488017751479267
1604932550558,-0.012755102040816327,0.0,-0.00015803571428570396
1604932550591,-0.009182736455463728,-0.0009182736455463728,-0.0017165289256198437
1604932550630,-0.005917159763313609,-0.0013149243918474688,-0.0007710059171597579
1604932550676,-0.004253308128544423,-0.0014177693761814746,-0.0010961247637051048
1604932550699,-0.015122873345935728,-0.005671077504725898,-0.005773345935727798
1604932550726,-0.010973936899862825,-0.0054869684499314125,-0.004931550068587109
1604932550758,-0.0068359375,-0.0048828125,-0.0030628906250000087
1604932550790,-0.0068359375,-0.0029296875,-0.003184960937499981
1604932550822,-0.0078125,-0.001953125,-0.0032877929687500085
1604932550854,-0.0078125,-0.0009765625,-0.002835449218750008
1604932550886,-0.0087890625,0.0,-0.002477929687499991
1604932550918,-0.0087890625,0.001953125,-0.0023469726562500015
1604932550951,-0.0073461891643709825,0.0036730945821854912,-0.0023547291092745667
1604932550988,-0.005843681519357195,0.003652300949598247,-0.0014915266617969308
1604932551030,-0.003968253968253968,0.003968253968253968,-0.0011884353741496534
1604932551062,-0.00390625,0.0078125,-0.002171289062499998
1604932551095,-0.0027548209366391185,0.010101010101010102,-0.001022773186409574
1604932551125,-0.0022222222222222222,0.015555555555555555,0.0
1604932551158,0.0,0.013774104683195593,0.0
1604932551191,0.0009182736455463728,0.01652892561983471,0.0
1604932551223,0.001953125,0.017578125,0.0
1604932551259,0.0015432098765432098,0.012345679012345678,0.0
1604932551286,0.00411522633744856,0.023319615912208505,0.0
1604932551319,0.0027548209366391185,0.012855831037649219,0.0
1604932551350,0.003121748178980229,0.013527575442247659,0.0
1604932551383,0.0027548209366391185,0.010101010101010102,0.0
1604932551431,0.0013020833333333333,0.003472222222222222,0.0
1604932551462,0.001040582726326743,0.008324661810613945,0.0
1604932551495,0.0018365472910927456,0.0036730945821854912,0.0
1604932551541,0.0014177693761814746,0.0014177693761814746,0.0
1604932551567,0.004437869822485207,0.0029585798816568047,-0.034705769230769214
1604932551590,0.013232514177693762,0.005671077504725898,-0.004323062381852557
1604932551622,0.00390625,-0.001953125,-0.0010416015624999941
1604932551654,0.00390625,-0.0009765625,-0.00045419921875000657
1604932551686,0.00390625,-0.005859375,0.0
1604932551718,0.00390625,-0.005859375,0.0
1604932551751,0.0018365472910927456,-0.0073461891643709825,0.0
1604932551782,-0.002081165452653486,-0.011446409989594173,0.0
1604932551832,0.0,-0.004,0.0
1604932551864,0.0009765625,-0.009765625,0.0
1604932551894,0.0011111111111111111,-0.014444444444444444,0.0
1604932551926,0.0,-0.013671875,0.0
1604932551958,0.001953125,-0.013671875,0.0
1604932551990,0.001953125,-0.01171875,0.0
1604932552022,0.001953125,-0.01171875,0.0
1604932552054,0.0029296875,-0.0107421875,0.0
1604932552086,0.0029296875,-0.0078125,0.030485644531249995
1604932552118,0.00390625,-0.0087890625,0.0036490234375000097
1604932552151,0.0036730945821854912,-0.006427915518824609,0.0033412304866850292
1604932552184,0.0036730945821854912,-0.005509641873278237,0.0030449954086317747
1604932552230,0.0023629489603024575,-0.001890359168241966,0.0018047731568998173
1604932552262,0.00390625,-0.00390625,0.0031606445312499787
1604932552294,0.005859375,0.0,0.003173828125
1604932552327,0.004591368227731864,-0.0009182736455463728,0.002992011019283765
1604932552358,0.007284079084287201,-0.002081165452653486,0.0019146722164412107
1604932552390,0.0068359375,-0.0029296875,0.0011499023437499811
1604932552431,0.004759071980963712,-0.001784651992861392,0.00013480071386080846
1604932552454,0.017013232514177693,-0.00945179584120983,-0.00012192816635162486
1604932552486,0.009765625,-0.00390625,-0.0003093750000000006
1604932552519,0.009182736455463728,-0.004591368227731864,-0.000660146923783279
1604932552551,0.0107421875,-0.00390625,-0.0006060546875000239
1604932552583,0.009765625,-0.00390625,-0.0013707031249999835
1604932552629,0.005198487712665407,-0.0014177693761814746,-0.0005561436672967932
1604932552661,0.009765625,-0.0029296875,-0.00022548828124999143
1604932552694,0.009182736455463728,-0.0027548209366391185,-0.0005492194674012747
1604932552726,0.0087890625,-0.001953125,0.0001774414062499785
1604932552762,0.005401234567901234,-0.0015432098765432098,0.0001712962962963028
1604932552790,0.007653061224489796,-0.0012755102040816326,0.0009368622448979554
1604932552822,0.0048828125,0.0,0.0007026367187500104
1604932552855,0.0036730945821854912,-0.0009182736455463728,0.0008115702479338916
1604932552886,0.003121748178980229,0.0,-0.0001546305931321707
1604932552919,0.0018365472910927456,0.0,-6.400367309456678e-05
1604932552951,0.001953125,0.0009765625,-0.0007510742187500086
1604932552983,0.001953125,0.0,-0.0020359375000000013
1604932553030,0.001358080579447714,0.0,-0.0012587143503847975
1604932553062,0.0048828125,0.001953125,-0.0031287109374999733
1604932553098,0.004629629629629629,0.0023148148148148147,0.0
1604932553126,0.008928571428571428,0.007653061224489796,0.0
1604932553159,0.005509641873278237,0.008264462809917356,0.0
1604932553190,0.005202913631633715,0.011446409989594173,0.0
1604932553222,0.0009765625,0.013671875,0.0
1604932553254,0.0009765625,0.015625,0.0
1604932553286,-0.0009765625,0.015625,0.0
1604932553319,-0.0018365472910927456,0.015610651974288337,0.0
1604932553350,-0.003121748178980229,0.014568158168574402,0.0
1604932553399,-0.00041649312786339027,0.006247396917950854,0.0
1604932553430,-0.002081165452653486,0.009365244536940686,0.0
1604932553462,0.0,0.005859375,0.0
1604932553495,0.0009182736455463728,0.005509641873278237,0.0
1604932553527,0.0009765625,0.0009765625,0.0
1604932553558,0.0,0.004162330905306972,0.0
1604932553591,0.0,0.0036730945821854912,0.0
1604932553622,-0.003121748178980229,0.004162330905306972,-0.002185639958376699
1604932553654,-0.001953125,0.001953125,0.000942968749999995
1604932553686,0.0,0.0048828125,-0.0009914062499999932
1604932553718,-0.00390625,0.001953125,0.0003096679687499826
1604932553750,-0.0009765625,0.0048828125,-0.0006621093749999973
1604932553799,-0.001665972511453561,0.0008329862557267805,0.00036247396917951457
1604932553830,-0.004162330905306972,0.002081165452653486,-0.0016964620187304947
1604932553863,-0.0036730945821854912,0.005509641873278237,0.0
1604932553895,-0.005859375,0.0029296875,-0.0030371093750000133
1604932553927,-0.0029296875,0.001953125,0.0
1604932553958,-0.005202913631633715,0.003121748178980229,0.0
1604932553990,-0.001953125,0.001953125,-0.007042773437499983
1604932554022,-0.001953125,0.0029296875,-0.004720019531250008
1604932554055,-0.005509641873278237,0.005509641873278237,-1.0192837465563819e-05
1604932554086,-0.003121748178980229,0.003121748178980229,-0.0029706555671175977
1604932554118,-0.0029296875,0.0048828125,-0.004010839843749975
1604932554152,-0.0034602076124567475,0.0017301038062283738,-0.002256055363321803
1604932554199,-0.001358080579447714,0.0004526935264825713,-0.0014018560434585778
1604932554231,-0.0029296875,0.0078125,-0.0030270507812500125
1604932554262,-0.003121748178980229,0.001040582726326743,-0.0030810613943808482
1604932554294,-0.00390625,-0.0078125,-0.0010392578124999996
1604932554326,-0.00390625,0.001953125,-0.0027445312500000013
1604932554357,-0.006243496357960458,0.001040582726326743,0.0
1604932554390,-0.004591368227731864,0.0027548209366391185,-0.0030292929292929324
1604932554422,-0.0048828125,-0.005859375,0.0
1604932554454,-0.0068359375,-0.001953125,0.0
1604932554487,-0.009182736455463728,0.010101010101010102,0.0
1604932554519,-0.0048828125,0.0078125,0.0
1604932554551,-0.0087890625,-0.0126953125,0.0
1604932554598,-0.004979628791308284,-0.006790402897238569,0.0
1604932554630,-0.013671875,-0.015625,0.0
1604932554662,-0.0166015625,-0.0166015625,0.0
1604932554695,-0.015610651974288337,-0.015610651974288337,0.0
1604932554727,-0.017578125,-0.0146484375,0.0
1604932554758,-0.018730489073881373,-0.013527575442247659,0.0
1604932554790,-0.015625,-0.0126953125,0.0
1604932554822,-0.013671875,-0.0078125,0.0
1604932554854,-0.0126953125,-0.0068359375,0.0
1604932554887,-0.011019283746556474,-0.0009182736455463728,0.0
1604932554934,-0.0036215482118605704,-0.0004526935264825713,0.0
1604932554961,-0.013717421124828532,-0.00411522633744856,0.0
1604932554998,-0.003652300949598247,-0.0014609203798392988,0.0
1604932555030,-0.00390625,0.0029296875,0.0
1604932555470,-0.00015495867768595042,2.5826446280991735e-05,-6.439772727272726e-05
1604932555486,0.0,-0.0078125,0.0019640624999999745
1604932555501,0.0044444444444444444,-0.017777777777777778,0.0
1604932555516,0.0044444444444444444,-0.013333333333333334,0.0
1604932555531,0.0044444444444444444,-0.017777777777777778,0.0
1604932555547,0.0078125,-0.0234375,0.0
1604932555562,0.008888888888888889,-0.022222222222222223,0.0
1604932555577,0.0044444444444444444,-0.02666666666666667,0.0
1604932555593,0.0078125,-0.0234375,0.0
1604932555609,0.01171875,-0.015625,0.0
1604932555625,0.015625,-0.015625,0.0
1604932555640,0.022222222222222223,-0.022222222222222223,0.0
1604932555655,0.022222222222222223,-0.02666666666666667,0.08782844444444449
1604932555687,0.0068359375,-0.0048828125,0.0022317382812499925
1604932555719,0.0078125,-0.00390625,0.002202734375000015
1604932555750,0.008324661810613945,-0.005202913631633715,0.002746826222684679
1604932555798,0.003472222222222222,-0.002170138888888889,0.0010702690972222244
1604932555830,0.0078125,-0.0048828125,0.002131542968750011
1604932555862,0.0078125,-0.00390625,0.0024907226562499996
1604932555894,0.0068359375,-0.00390625,0.0024415039062500032
1604932555926,0.0078125,-0.001953125,0.0021957031250000036
1604932555958,0.0078125,0.0,0.0019313476562499987
1604932555990,0.0078125,0.0,0.0016582031249999796
1604932556022,0.0078125,-0.001953125,0.0014751953125000106
1604932556055,0.009182736455463728,-0.0009182736455463728,0.0014776859504132373
1604932556086,0.01040582726326743,-0.001040582726326743,0.0006013527575442244
1604932556118,0.0107421875,-0.0009765625,0.0015687499999999799
1604932556167,0.004581424406497293,-0.00041649312786339027,0.0004768429820907984
1604932556200,0.011019283746556474,0.0,0.0011337006427915523
1604932556230,0.011111111111111112,0.0,0.0009627777777777801
1604932556263,0.009182736455463728,0.0,0.0014486685032139483
1604932556295,0.009765625,0.0009765625,0.0012776367187500026
1604932556326,0.009365244536940686,0.0,0.0016369406867846107
1604932556359,0.008264462809917356,0.0009182736455463728,0.0009084481175390136
1604932556390,0.008324661810613945,0.001040582726326743,0.0007691987513007398
1604932556423,0.0073461891643709825,0.0009182736455463728,0.000948393021120302
1604932556454,0.007284079084287201,0.003121748178980229,0.0001785639958376522
1604932556487,0.0073461891643709825,0.0018365472910927456,0.0005899908172635561
1604932556519,0.0078125,0.0029296875,0.0006781250000000016
1604932556567,0.00390625,0.0026041666666666665,5.4210069444443005e-05
1604932556598,0.009365244536940686,0.003121748178980229,0.0
1604932556630,0.0068359375,0.0078125,0.0
1604932556662,0.0068359375,0.0078125,0.0
1604932556694,0.0048828125,0.009765625,0.0
1604932556726,0.0048828125,0.009765625,0.0
1604932556758,0.0029296875,0.0126953125,0.0
1604932556790,0.00390625,0.0107421875,0.0
1604932556822,0.0029296875,0.01171875,0.0
1604932556855,0.0027548209366391185,0.010101010101010102,0.0
1604932556886,0.003121748178980229,0.011446409989594173,0.0
1604932556919,0.0018365472910927456,0.010101010101010102,0.0
1604932556966,0.0004526935264825713,0.0036215482118605704,0.0
1604932556998,0.0,0.0068359375,0.0
1604932557030,0.0,0.005859375,-0.002726660156250005
1604932557063,0.0,0.004591368227731864,-0.0028041322314049516
1604932557094,0.0,0.002081165452653486,-0.0032658688865765057
1604932557126,0.0,0.0009765625,-0.002704980468749979
1604932557158,0.0,0.00390625,-0.003320019531249996
1604932557190,-0.001953125,0.0009765625,-0.002751562499999999
1604932557222,-0.00390625,0.0,-0.0027984375000000006
1604932557255,-0.0027548209366391185,0.0027548209366391185,-0.002110927456382002
1604932557288,-0.0036730945821854912,0.0018365472910927456,-0.002171441689623507
1604932557320,-0.005859375,0.001953125,-0.001963281250000004
1604932557366,-0.002835538752362949,0.0014177693761814746,-0.0010603497164461335
1604932557398,-0.005859375,0.00390625,-0.0024916992187500042
1604932557430,-0.0087890625,-0.0068359375,-0.0011130859374999802
1604932557462,-0.005859375,-0.0029296875,0.0
1604932557494,-0.0078125,0.01171875,-0.0034746093750000207
1604932557526,-0.0078125,0.0048828125,0.0
1604932557559,-0.008264462809917356,0.0018365472910927456,0.0
1604932557590,-0.01040582726326743,0.005202913631633715,-0.006157232049947961
1604932557622,-0.009765625,-0.0009765625,0.0
1604932557655,-0.010101010101010102,0.0,0.0
1604932557687,-0.0107421875,0.00390625,0.0
1604932557721,-0.01124567474048443,0.0025951557093425604,0.0
1604932557766,-0.006913580246913581,0.003950617283950617,0.0
1604932557798,-0.015625,-0.0068359375,0.0
1604932557829,-0.01768990634755463,-0.001040582726326743,0.0
1604932557862,-0.014692378328741965,0.0018365472910927456,0.0
1604932557894,-0.0166015625,-0.0048828125,0.0
1604932557926,-0.017578125,-0.0029296875,0.0
1604932557958,-0.017578125,0.0,0.0
1604932557990,-0.015625,-0.0068359375,0.0
1604932558022,-0.015625,-0.01171875,0.0
1604932558054,-0.015625,-0.0078125,0.0
1604932558086,-0.013671875,-0.0068359375,0.0
1604932558134,-0.006510416666666667,-0.003472222222222222,0.0
1604932558166,-0.0078125,-0.005859375,0.0
1604932558198,-0.0048828125,-0.0087890625,0.0
1604932558500,4.385772553835358e-05,-0.00032893294153765187,0.0
1604932558515,0.04,-0.02666666666666667,0.0
1604932558530,0.04,-0.017777777777777778,0.0003124444444444584
1604932558546,0.0390625,-0.0078125,0.015031249999999996
1604932558561,0.044444444444444446,-0.0044444444444444444,0.013243111111111148
1604932558576,0.04888888888888889,-0.008888888888888889,0.01567155555555549
1604932558592,0.04296875,-0.00390625,0.01329179687500004
1604932558609,0.03460207612456748,-0.006920415224913495,0.010725951557093383
1604932558624,0.04888888888888889,-0.008888888888888889,0.012449777777777879
1604932558640,0.04296875,-0.01171875,0.010730078124999931
1604932558656,0.04296875,-0.0078125,0.008138671875000059
1604932558672,0.0390625,-0.01171875,0.010304296875000007
1604932558694,0.01859504132231405,-0.004132231404958678,0.003313636363636319
1604932558726,0.0078125,-0.001953125,0.002605078125000021
1604932558758,0.0068359375,-0.001953125,0.0017408203125000021
1604932558789,0.008324661810613945,-0.002081165452653486,0.0019959417273673064
1604932558824,0.005714285714285714,-0.0016326530612244899,0.001851346938775508
1604932558854,0.0077777777777777776,-0.0022222222222222222,0.0014276666666666908
1604932558886,0.0078125,-0.0029296875,0.0015336914062499818
1604932558935,0.003331945022907122,-0.0012494793835901709,0.0005880049979175341
1604932558967,0.0068359375,-0.0009765625,0.0015733398437499935
1604932559000,0.005509641873278237,-0.0027548209366391185,0.0016583103764922023
1604932559031,0.006243496357960458,-0.001040582726326743,0.0022038501560874
1604932559062,0.004162330905306972,-0.002081165452653486,0.0014852237252861629
1604932559094,0.00390625,-0.001953125,0.0012813476562500148
1604932559126,0.00390625,0.0,0.0019806640624999983
1604932559158,0.0029296875,0.0,0.0014553710937499909
1604932559190,0.001953125,0.0,0.0012000000000000066
1604932559223,0.0018365472910927456,0.0018365472910927456,0.0002283746556473955
1604932559255,0.001953125,0.001953125,-0.0010720703125000064
1604932559286,0.002081165452653486,0.002081165452653486,-0.001758480749219557
1604932559319,0.0009182736455463728,0.0027548209366391185,-0.0022155188246097348
1604932559367,0.0,0.0008680555555555555,-0.0012063368055555597
1604932559398,0.001040582726326743,0.003121748178980229,-0.003926638917793978
1604932559430,-0.0009765625,0.00390625,-0.0034678710937499913
1604932559462,-0.0009765625,0.0029296875,-0.0037873046874999927
1604932559494,0.0,0.0029296875,-0.004070996093750001
1604932559526,-0.001953125,0.0029296875,-0.0033485351562499988
1604932559558,-0.0009765625,0.00390625,-0.0037875976562500024
1604932559590,-0.001953125,0.0029296875,-0.0027767578125000025
1604932559622,-0.001953125,0.0029296875,-0.003693261718750007
1604932559655,-0.0009182736455463728,0.0027548209366391185,-0.0028447199265380914
1604932559688,-0.0036730945821854912,0.0009182736455463728,0.0
1604932559733,-0.0014814814814814814,0.0009876543209876543,-0.0031138271604938387
1604932559766,0.0,0.0027548209366391185,-0.002373461891643695
1604932559798,-0.00390625,0.0009765625,-0.0032295898437500054
1604932559830,0.0009765625,0.00390625,-0.002943749999999995
1604932559862,-0.001953125,0.0009765625,-0.0024011718750000105
1604932559895,-0.0018365472910927456,0.0018365472910927456,-0.0024089072543618003
1604932559926,0.0,0.003121748178980229,-0.002210197710717997
1604932559958,-0.0009765625,0.001953125,-0.0016189453124999947
1604932559990,-0.0009765625,0.0009765625,-0.0024730468750000095
1604932560023,0.0,0.0009182736455463728,-0.0013465564738291947
1604932560054,0.0,0.001040582726326743,-0.0012791883454734598
1604932560087,0.0,0.0009182736455463728,-0.0013513314967860508
1604932560134,0.0009053870529651426,-0.0009053870529651426,-0.0003337709370755955
1604932560166,0.0,-0.001953125,0.00027246093749999645
1604932560198,-0.0009765625,-0.005859375,0.0006787109374999933
1604932560230,0.0,-0.001953125,0.0006047851562500095
1604932560262,0.0009765625,-0.0029296875,0.0007673828124999948
1604932560295,0.0,-0.0027548209366391185,0.0
1604932560327,0.0009765625,-0.005859375,0.0
1604932560358,0.002081165452653486,-0.003121748178980229,0.0
1604932560390,0.0009765625,-0.0078125,0.008488574218750003
1604932560423,0.0018365472910927456,-0.0027548209366391185,0.0029362718089990763
1604932560454,0.002081165452653486,-0.005202913631633715,0.003107804370447446
1604932560487,0.0027548209366391185,-0.0009182736455463728,0.0
1604932560535,0.0008680555555555555,-0.002170138888888889,0.0
1604932560567,0.001953125,-0.0029296875,0.0
1604932560598,0.002081165452653486,-0.001040582726326743,0.015501664932362132
1604932560630,0.0029296875,-0.0009765625,0.0039194335937499936
1604932560662,0.001953125,-0.001953125,0.003422656250000017
1604932560694,0.001953125,-0.0009765625,0.003675781249999982
1604932560726,0.0029296875,-0.0009765625,0.003871874999999997
1604932560759,0.0018365472910927456,-0.0009182736455463728,0.0029405876951331573
1604932560790,0.003121748178980229,-0.001040582726326743,0.003980332986472416
1604932560823,0.0036730945821854912,-0.0018365472910927456,0.003070431588613418
1604932560855,0.0029296875,-0.0009765625,0.002202343750000002
1604932560887,0.0029296875,-0.0009765625,0.002848046874999982
1604932560935,0.001736111111111111,-0.00043402777777777775,0.0011475694444444467
1604932560967,0.0029296875,-0.001953125,0.0020202148437500067
1604932560999,0.001953125,0.0,0.002430175781249988
1604932561031,0.0029296875,-0.0009765625,0.002198339843750008
1604932561062,0.003121748178980229,0.0,0.0017803329864724343
1604932561094,0.001953125,0.0,0.0017284179687500068
1604932561126,0.001953125,0.0009765625,0.0007697265624999894
1604932561158,0.001953125,0.001953125,0.0010273437499999927
1604932561190,0.001953125,0.0029296875,0.0001231445312500079
1604932561222,0.0009765625,0.00390625,0.0010933593749999915
1604932561255,0.0018365472910927456,0.004591368227731864,0.0005011937557392232
1604932561287,0.0009765625,0.0048828125,0.0002758789062499989
1604932561334,0.0004526935264825713,0.002716161158895428,0.00031439565414214803
1604932561367,0.0009182736455463728,0.0027548209366391185,-9.201101928374743e-05
1604932561398,0.0,0.005202913631633715,-6.784599375650818e-05
1604932561431,0.0009182736455463728,0.004591368227731864,0.0003939393939393958
1604932561462,0.0,0.005202913631633715,-0.0004737773152965599
1604932561494,0.0,0.0068359375,0.00016123046874999547
1604932561526,-0.0009765625,0.005859375,-0.0004641601562500042
1604932561558,-0.0009765625,0.0068359375,0.00028740234374999285
1604932561590,0.0,0.0068359375,-0.0005372070312499866
1604932561622,-0.0009765625,0.0078125,0.000324316406249997
1604932561655,0.0,0.010101010101010102,0.00023140495867766863
1604932561687,0.0,0.0078125,-0.0006964843750000005
1604932561734,0.0004526935264825713,0.005432322317790856,-5.350837483024067e-05
1604932561766,0.001953125,0.0068359375,-0.00158212890624998
1604932561798,0.001953125,0.005859375,-0.0004423828125000029
1604932561830,0.001953125,-0.0048828125,-0.000594140625000017
1604932561863,0.0009182736455463728,0.0,6.455463728191289e-05
1604932561894,0.003121748178980229,0.015608740894901144,0.000726014568158166
1604932561926,-0.0009765625,-0.0146484375,7.20703125000055e-05
1604932561958,0.0009765625,0.0029296875,0.0008630859375000077
1604932561990,-0.0009765625,-0.0009765625,0.0015015624999999977
1604932562022,0.0,-0.00390625,0.0004866210937500004
1604932562054,-0.0009765625,-0.0078125,0.0010038085937499885
1604932562088,-0.0017301038062283738,-0.00865051903114187,5.7179930795852784e-05
1604932562134,-0.0004725897920604915,-0.004253308128544423,0.0001648865784499124
1604932562167,-0.0018365472910927456,-0.011019283746556474,-0.000317814508723606
1604932562199,-0.0009765625,-0.0107421875,0.00010927734374999165
1604932562230,-0.001040582726326743,-0.012486992715920915,-0.0006563995837669028
1604932562262,-0.0009765625,-0.01171875,-0.0005209960937500036
1604932562296,-0.0008650519031141869,-0.009515570934256055,-0.0006443771626297588
1604932562326,-0.0011111111111111111,-0.011111111111111112,-0.0011924444444444285
1604932562358,-0.0009765625,-0.0087890625,-0.00020966796875002136
1604932562390,-0.0009765625,-0.0087890625,-0.0014013671874999745
1604932562422,-0.0009765625,-0.0087890625,-0.0005951171875000216
1604932562454,0.0,-0.0068359375,-0.00025605468749997917
1604932562487,-0.0009182736455463728,-0.004591368227731864,-0.0011112947658402338
1604932562534,0.0,-0.0018107741059302852,-0.00022458125848799648
1604932562566,0.0009765625,-0.0009765625,-0.00020625000000001892
1604932562598,0.0,0.0009765625,-0.0002488281249999891
1604932562630,0.0,0.0048828125,-0.00047070312499999933
1604932562662,0.0,0.0078125,0.0006750976562499844
1604932562694,0.0009765625,0.009765625,0.0005132812499999972
1604932562727,0.0009182736455463728,0.010101010101010102,0.00054775022956843
1604932562758,0.002081165452653486,0.013527575442247659,0.0001152965660769858
1604932562791,0.0018365472910927456,0.011937557392102846,0.0001573921028466534
1604932562823,0.001953125,0.0146484375,-0.0002784179687499999
1604932562855,0.0029296875,0.013671875,0.0007004882812499946
1604932562887,0.0029296875,0.013671875,0.00026708984375001243
1604932562935,0.0008680555555555555,0.005642361111111111,1.3281249999996803e-05
1604932562967,0.001953125,0.01171875,-8.730468749998388e-05
1604932562998,0.002081165452653486,0.005202913631633715,-0.00022799167533821626
1604932563030,0.001953125,0.0029296875,-0.0001785156249999864
1604932563063,0.0,0.004591368227731864,8.84297520661282e-05
1604932563094,0.0,0.005202913631633715,0.0006298647242455772
1604932563126,-0.00390625,-0.0107421875,0.00022363281249998535
1604932563159,-0.0009182736455463728,0.010101010101010102,-0.0004482093663911872
1604932563193,-0.0034602076124567475,-0.0017301038062283738,-0.00032249134948095486
1604932563223,-0.0044444444444444444,-0.014444444444444444,-0.0019501111111111097
1604932563255,-0.00390625,0.005859375,-0.002732910156250018
1604932563286,-0.005202913631633715,0.001040582726326743,-0.0033192507804370355
1604932563335,-0.001665972511453561,-0.001665972511453561,-0.0012535193669304496
1604932563366,-0.004162330905306972,-0.006243496357960458,-0.004236836628511956
1604932563398,-0.0029296875,-0.0029296875,-0.0038782226562500133
1604932563430,-0.00390625,-0.0068359375,0.0
1604932563462,-0.00390625,-0.0048828125,0.0
1604932563494,-0.0048828125,-0.005859375,0.0
1604932563526,-0.001953125,-0.0048828125,0.0
1604932563558,-0.0048828125,-0.0048828125,-0.020458300781249994
1604932563590,-0.0068359375,-0.0048828125,0.0
1604932563624,-0.0017301038062283738,-0.0008650519031141869,-0.006482179930795855
1604932563655,-0.005202913631633715,-0.001040582726326743,-0.0041981269510925874
1604932563702,-0.0022634676324128564,-0.0004526935264825713,-0.001862833861475785
1604932563734,-0.00390625,0.0,-0.0032199218750000036
1604932563766,-0.00390625,0.0009765625,-0.0035474609374999966
1604932563798,-0.00390625,0.0009765625,-0.003269238281250003
1604932563830,-0.00390625,0.0009765625,-0.0028323242187500014
1604932563862,-0.0029296875,0.0,-0.002594921875000003
1604932563894,-0.0029296875,0.001953125,-0.002006933593749996
1604932563926,-0.001953125,0.0,-0.0018904296875000004
1604932563958,-0.0029296875,0.0,-0.0014883789062500041
1604932563990,-0.001953125,0.0009765625,-0.0011747070312499996
1604932564022,-0.0029296875,0.0,1.0839843749999023e-05
1604932564056,-0.0017301038062283738,-0.0017301038062283738,1.5570934256080539e-06
1604932564102,-0.000945179584120983,-0.0004725897920604915,0.00021620982986767298
1604932564134,-0.0009765625,-0.001953125,0.0
1604932564166,0.0,-0.0029296875,0.0
1604932564198,0.0009765625,-0.00390625,0.0
1604932564230,0.001953125,-0.005859375,0.0
1604932564263,0.0018365472910927456,-0.0036730945821854912,0.0
1604932564295,0.0009765625,-0.005859375,0.0
1604932564326,0.002081165452653486,-0.004162330905306972,0.0
1604932564358,0.001953125,-0.0029296875,0.0
1604932564390,0.0029296875,-0.0009765625,0.0
1604932564423,0.0027548209366391185,-0.0036730945821854912,0.0
1604932564455,0.00390625,-0.0029296875,0.0
1604932564503,0.001736111111111111,-0.0008680555555555555,0.013577430555555554
1604932564535,0.0048828125,-0.001953125,0.0033572265625000097
1604932564566,0.004162330905306972,-0.003121748178980229,0.0041634755463059395
1604932564598,0.00390625,-0.001953125,0.0036026367187499964
1604932564630,0.0048828125,-0.0029296875,0.003910449218750001
1604932564662,0.00390625,-0.0029296875,0.0031480468750000046
1604932564694,0.00390625,-0.0029296875,0.003551953124999979
1604932564726,0.00390625,-0.0029296875,0.002953515625000014
1604932564759,0.0027548209366391185,-0.0027548209366391185,0.0026945821854912864
1604932564790,0.004162330905306972,-0.001040582726326743,0.0018877211238293406
1604932564823,0.0027548209366391185,0.0,0.0019794306703397545
1604932564855,0.00390625,0.001953125,0.00208857421875
1604932564902,0.0018107741059302852,0.001358080579447714,0.000967632412856491
1604932564935,0.0036730945821854912,0.004591368227731864,0.001509641873278242
1604932564966,0.004162330905306972,0.008324661810613945,0.001985952133194593
1604932564998,0.0048828125,0.009765625,0.0012583007812499991
1604932565030,0.00390625,0.0107421875,0.0006732421875000061
1604932565062,0.0029296875,0.0146484375,0.0010349609374999957
1604932565094,0.00390625,0.013671875,0.0006933593750000078
1604932565126,0.00390625,0.0146484375,-0.0001744140625000168
1604932565159,0.0036730945821854912,0.014692378328741965,0.0004398530762167249
1604932565190,0.004162330905306972,0.014568158168574402,-0.0004742976066597405
1604932565223,0.0027548209366391185,0.011019283746556474,-0.00032598714416895295
1604932565255,0.00390625,0.0078125,-9.570312500001288e-05
1604932565302,0.0004526935264825713,-0.001358080579447714,-0.00034730647351742983
1604932565334,0.0,0.0078125,-0.0004425781249999816
1604932565367,0.0,0.0036730945821854912,-0.00041680440771350266
1604932565398,-0.002081165452653486,0.006243496357960458,0.0
1604932565430,-0.0029296875,0.015625,0.0
1604932565462,-0.001953125,-0.0048828125,0.0
1604932565495,-0.0018365472910927456,0.012855831037649219,-0.01045142332415059
1604932565526,-0.003121748178980229,0.003121748178980229,-0.004482622268470358
1604932565558,-0.0029296875,0.0078125,0.0
1604932565591,-0.0018365472910927456,0.0027548209366391185,-0.008050596877869605
1604932565623,-0.0029296875,-0.0009765625,-0.00489169921874999
1604932565655,-0.00390625,-0.005859375,-0.003372558593750019
1604932565702,-0.0009053870529651426,-0.0009053870529651426,-0.0019405613399728367
1604932565735,-0.0036730945821854912,-0.0073461891643709825,-0.0030435261707988776
1604932565767,-0.00390625,-0.0107421875,0.0
1604932565800,-0.004591368227731864,-0.010101010101010102,0.0
1604932565830,-0.0044444444444444444,-0.015555555555555555,0.0
1604932565862,-0.00390625,-0.013671875,0.0
1604932565894,-0.0048828125,-0.0146484375,0.0
1604932565926,-0.00390625,-0.015625,0.0
1604932565958,-0.0048828125,-0.0166015625,0.0
1604932565990,-0.005859375,-0.013671875,0.0
1604932566023,-0.004591368227731864,-0.012855831037649219,0.0
1604932566055,-0.005859375,-0.015625,0.0
1604932566103,-0.0013020833333333333,-0.006944444444444444,0.0
1604932566135,-0.0029296875,-0.013671875,0.0
1604932566167,-0.0029296875,-0.013671875,0.0
1604932566198,-0.002081165452653486,-0.011446409989594173,0.0
1604932566232,-0.0034602076124567475,-0.0034602076124567475,0.0
1604932566263,-0.002081165452653486,-0.002081165452653486,0.0
1604932566294,0.0,0.002081165452653486,0.0
1604932566327,0.0,0.0027548209366391185,0.0
1604932566359,0.001953125,0.001953125,0.0
1604932566390,0.001040582726326743,0.004162330905306972,0.0
1604932566422,0.0029296875,0.001953125,0.0
1604932566456,0.0034602076124567475,0.0034602076124567475,0.0
1604932566502,0.0014177693761814746,0.0014177693761814746,0.0
1604932566869,0.00011136766922317338,5.939609025235914e-05,7.579535077103547e-05
1604932566884,0.017777777777777778,0.0,0.021966222222222186
1604932566901,0.01384083044982699,0.0,0.016604152249134925
1604932566916,0.017777777777777778,-0.0044444444444444444,0.01856444444444441
1604932566932,0.01953125,-0.00390625,0.012360156250000087
1604932566948,0.01953125,-0.0078125,0.01423164062499993
1604932566964,0.01953125,-0.00390625,0.008785937500000007
1604932566978,0.025510204081632654,-0.01020408163265306,0.012972448979591801
1604932566994,0.015625,-0.00390625,0.00908398437500002
1604932567010,0.015625,0.0,0.011624218750000082
1604932567025,0.013333333333333334,-0.0044444444444444444,0.007705333333333329
1604932567040,0.013333333333333334,-0.0044444444444444444,0.007949333333333218
1604932567057,0.010380622837370242,0.0,0.00671314878892734
1604932567072,0.008888888888888889,0.0,0.005616888888888904
1604932567094,0.004132231404958678,0.0,0.0024518595041322353
1604932567127,0.0018365472910927456,0.0,0.0011811753902663097
1604932567158,0.001040582726326743,-0.001040582726326743,0.0012921956295525324
1604932567191,0.0,-0.0009182736455463728,-0.0002497704315886055
1604932567223,0.0009765625,-0.0009765625,0.0009454101562499928
1604932567271,0.0,0.0,0.00011115451388889043
1604932567302,0.001040582726326743,-0.001040582726326743,0.0005305931321540229
1604932567334,-0.0009765625,-0.0009765625,0.0004114257812500022
1604932567366,0.0,0.0,0.0003844726562499956
1604932567398,0.0,0.0009765625,-8.652343750001346e-05
1604932567430,0.0,0.0,-0.0010091796875000003
1604932567462,0.0,0.0009765625,-0.00011513671874999187
1604932567494,-0.0009765625,0.0009765625,-0.0008371093750000058
1604932567527,-0.0009182736455463728,0.0009182736455463728,-0.0013160697887970609
1604932567558,-0.002081165452653486,0.001040582726326743,-0.000722580645161292
1604932567591,-0.0018365472910927456,0.0018365472910927456,-0.001602571166207514
1604932567623,-0.001953125,0.0009765625,-0.0011547851562500044
1604932567670,-0.0009053870529651426,0.0004526935264825713,-0.0009447261204164845
1604932567702,-0.001953125,0.001953125,-0.0025759765624999986
1604932567734,-0.001953125,0.0009765625,-0.0023462890625000066
1604932567767,-0.0018365472910927456,0.0018365472910927456,-0.0026998163452708916
1604932567798,-0.002081165452653486,0.001040582726326743,-0.0023032258064515907
1604932567831,-0.0018365472910927456,0.0009182736455463728,-0.0029692378328742153
1604932567862,-0.002081165452653486,0.002081165452653486,-0.0031029136316337107
1604932567894,-0.001953125,0.0009765625,-0.0028611328125
1604932567926,-0.001953125,0.0009765625,-0.002976953124999987
1604932567974,-0.0008680555555555555,0.00043402777777777775,-0.0012955729166666725
1604932568000,-0.0014792899408284023,0.0014792899408284023,-0.004696745562130152
1604932568024,-0.001736111111111111,0.003472222222222222,-0.005254340277777775
1604932568070,-0.0004725897920604915,0.000945179584120983,-0.0017591209829867763
1604932568102,0.0,0.0009765625,-0.0030804687499999817
1604932568134,0.0009765625,0.0009765625,-0.003567187500000013
1604932568166,0.0009765625,0.0009765625,-0.003261523437499997
1604932568199,0.0027548209366391185,0.0027548209366391185,-0.0030438934802571086
1604932568295,0.00021701388888888888,0.00010850694444444444,-0.00030449218750000197
1604932568309,0.01020408163265306,0.01020408163265306,-0.014949489795918347
1604932568324,0.008888888888888889,0.0044444444444444444,-0.010711111111111097
1604932568340,0.0078125,0.01171875,-0.010517578124999982
1604932568359,0.002770083102493075,0.00554016620498615,-0.005007756232686981
1604932568391,0.001953125,0.0009765625,-0.0018136718750000058
1604932568439,0.0008680555555555555,0.0008680555555555555,-0.000616276041666666
1604932568471,0.0009765625,0.001953125,-0.0006181640624999957
1604932568501,0.0011111111111111111,0.0022222222222222222,-4.444444444445139e-05
1604932568534,0.0,0.0018365472910927456,1.4692378328746872e-05
1604932568567,-0.0009182736455463728,0.0,0.0006383838383838382
1604932568598,-0.001040582726326743,-0.001040582726326743,0.0008483870967741868
1604932568631,-0.0009182736455463728,0.0,0.0018292011019283786
1604932568661,-0.0011111111111111111,-0.0022222222222222222,0.0016408888888888857
1604932568694,-0.0009182736455463728,-0.0018365472910927456,0.0022549127640036767
1604932568726,-0.0009765625,-0.001953125,0.0023224609375000066
1604932568758,0.0,-0.001953125,0.0027105468749999972
1604932568790,-0.0009765625,-0.0029296875,0.003009179687499988
1604932568839,0.0,-0.0012494793835901709,0.001326822157434401
1604932568871,0.0,-0.00390625,0.0
1604932568902,0.001040582726326743,-0.002081165452653486,0.0
1604932568934,0.001953125,-0.00390625,0.0
1604932568966,0.0009765625,-0.0029296875,0.0
1604932568998,0.0029296875,-0.00390625,0.015876855468750006
1604932569030,0.001953125,-0.00390625,0.0037338867187499958
1604932569062,0.001953125,-0.0029296875,0.003493847656250021
1604932569094,0.001953125,-0.0029296875,0.003241308593749992
1604932569601,7.002555932915514e-05,-7.78061770323946e-05,9.093480231395566e-05
1604932569617,0.0,0.0,0.007867578125000052
1604932569633,0.0,0.00390625,0.0030999999999999917
1604932569648,0.0,0.0044444444444444444,0.0027848888888888724
1604932569664,-0.00390625,0.0,0.0042996093749999575
1604932569679,0.0044444444444444444,0.0,-0.00026888888888884643
1604932569695,0.0,-0.00390625,-0.0024121093750000266
1604932569710,0.0044444444444444444,-0.013333333333333334,-0.003299111111111112
1604932569725,0.0044444444444444444,-0.017777777777777778,-0.004680444444444447
1604932569742,0.0034602076124567475,-0.01730103806228374,-0.004615224913494797
1604932569757,0.0044444444444444444,-0.02666666666666667,-0.005193333333333309
1604932569772,0.0044444444444444444,-0.035555555555555556,-0.008238666666666682
1604932569798,0.0014792899408284023,-0.014792899408284023,-0.00299866863905324
1604932569830,0.0009765625,-0.013671875,0.0
1604932569862,0.0009765625,-0.0146484375,0.0
1604932569894,0.0009765625,-0.0146484375,0.0
1604932569926,0.0,-0.01171875,0.0
1604932569959,0.0009182736455463728,-0.013774104683195593,0.0
