1604932540454,448,59,228.7778
1604932540486,436,73,224.0313
1604932540518,442,51,133.376
1604932540550,434,51,117.6283
1604932541120,363,107,13.4521
1604932541138,359,115,13.5405
1604932541150,354,120,13.5841
1604932541165,350,125,13.6163
1604932541180,347,127,25.0528
1604932541196,345,124,13.0796
1604932541211,340,137,13.0369
1604932541227,337,143,13.1266
1604932541242,334,146,138.6944
1604932541257,331,150,140.1629
1604932541273,329,157,141.0492
1604932541289,322,164,142.3939
1604932541305,321,168,14.0171
1604932541321,320,173,143.343
1604932541350,319,180,142.9869
1604932541383,318,184,143.8565
1604932541415,317,186,144.6907
1604932541446,316,189,145.5032
1604932541480,315,190,145.6964
1604932541526,312,192,146.3232
1604932541558,309,194,147.7001
1604932541591,308,194,148.5204
1604932541622,301,197,150.2358
1604932541655,296,196,14.2818
1604932541686,290,198,14.359
1604932541719,286,195,14.3309
1604932541750,272,198,14.3122
1604932541782,267,200,14.2295
1604932541815,252,198,14.1497
1604932541846,239,200,14.176
1604932541880,227,194,14.1348
1604932541926,216,208,14.1208
1604932541958,203,208,14.1214
1604932541990,192,209,14.0952
1604932542023,180,212,14.0961
1604932542054,169,212,14.0972
1604932542091,159,212,150.6542
1604932542119,152,211,150.1511
1604932542151,144,207,149.7886
1604932542183,138,211,150.157
1604932542214,135,209,149.9878
1604932542248,134,210,149.6872
1604932542285,136,211,148.7183
1604932542326,140,213,147.8643
1604932542358,148,211,147.0466
1604932542390,156,211,146.1483
1604932542422,167,209,26.9857
1604932542456,179,207,26.8835
1604932542486,192,205,144.0951
1604932542519,207,204,15.3351
1604932542550,223,202,15.983
1604932542583,239,201,15.3518
1604932542614,255,200,15.5415
1604932542647,270,199,14.6163
1604932542695,284,198,14.9704
1604932542726,297,198,13.7048
1604932542758,307,197,13.7058
1604932542790,315,197,14.2069
1604932542822,319,198,145.5017
1604932542855,317,196,147.7389
1604932542887,314,193,149.6047
1604932542919,310,190,14.4702
1604932542950,303,187,14.5901
1604932542982,294,181,14.7481
1604932543014,284,174,14.8488
1604932543047,274,162,14.9208
1604932543094,266,151,14.9848
1604932543127,259,139,30.7962
1604932543158,252,127,156.2296
1604932543190,245,117,154.7618
1604932543222,239,110,153.3547
1604932543255,230,105,151.3759
1604932543303,222,104,149.6059
1604932543342,212,103,147.8923
1604932543372,202,104,14.2543
1604932543400,192,106,15.1722
1604932543416,181,110,13.6451
1604932543447,170,111,137.9001
1604932543494,162,110,13.2142
1604932543526,152,112,12.85
1604932543572,146,113,12.5761
1604932543591,139,121,13.5493
1604932543622,134,127,13.4604
1604932543655,132,132,13.2384
1604932543686,131,138,12.8894
1604932543735,133,145,12.1132
1604932543757,136,154,11.9139
1604932543784,142,162,11.7736
1604932543814,150,173,11.8585
1604932543848,159,184,12.1053
1604932543906,169,195,11.5486
1604932543941,179,203,11.7603
1604932543958,189,212,11.5826
1604932544008,199,219,12.1966
1604932544035,209,227,11.6032
1604932544055,217,236,11.9181
1604932544086,223,247,12.1427
1604932544118,228,258,12.1447
1604932544150,230,269,12.3382
1604932544183,233,274,12.3524
1604932544230,239,279,12.2974
1604932544253,244,278,12.3381
1604932544294,248,275,12.8505
1604932544326,255,270,12.9989
1604932544358,260,260,13.157
1604932544390,267,249,13.1586
1604932544423,274,237,13.1931
1604932544455,282,226,13.3502
1604932544486,290,216,13.7454
1604932544518,298,208,14.006
1604932544550,306,201,14.1853
1604932544583,311,194,28.2666
1604932544614,316,189,155.5442
1604932544648,318,185,158.1074
1604932544695,320,180,161.8713
1604932544726,320,176,165.0253
1604932544758,319,173,167.7849
1604932544791,318,172,171.2143
1604932544823,316,171,173.6986
1604932544856,312,169,176.3937
1604932544886,308,170,178.0843
1604932544919,303,170,179.1956
1604932544950,297,169,179.9026
1604932544982,290,168,179.3107
1604932545014,282,167,178.6197
1604932545048,273,166,178.1249
1604932545095,264,164,177.1876
1604932545126,254,161,176.4392
1604932545158,243,159,175.5115
1604932545191,232,157,173.9662
1604932545222,222,153,173.5413
1604932545254,211,149,171.9965
1604932545287,201,144,170.8593
1604932545319,192,138,169.1004
1604932545351,183,131,167.7996
1604932545383,174,126,165.9919
1604932545415,166,120,163.1143
1604932545446,158,116,159.838
1604932545494,149,114,157.5211
1604932545527,141,112,154.3101
1604932545564,133,111,150.4319
1604932545591,125,112,146.8634
1604932545622,119,113,142.9002
1604932545654,114,114,139.6409
1604932545686,110,115,136.5825
1604932545718,108,120,134.744
1604932545750,109,124,131.912
1604932545783,115,127,129.487
1604932545814,122,130,127.1325
1604932545847,131,136,124.4835
1604932545895,141,143,13.0355
1604932546154,163,162,12.1288
1604932546167,173,173,12.1105
1604932546186,182,189,12.1557
1604932546197,190,206,12.1946
1604932546217,198,223,12.2986
1604932546233,205,240,12.3049
1604932546248,211,256,12.4174
1604932546264,215,269,12.416
1604932546279,222,283,12.4742
1604932546294,225,290,12.4184
1604932546312,229,296,12.4135
1604932546343,234,300,132.229
1604932546364,238,300,133.3762
1604932546391,243,300,12.6946
1604932546431,248,298,12.6203
1604932546458,254,293,12.7776
1604932546495,260,286,13.292
1604932546520,266,278,13.361
1604932546550,273,269,13.6327
1604932546599,279,260,13.2033
1604932546621,286,251,13.3577
1604932546663,294,241,13.3472
1604932546699,302,231,13.7095
1604932546737,311,222,13.9916
1604932547029,328,206,14.2224
1604932547055,336,199,14.6035
1604932547070,343,193,14.9093
1604932547086,349,187,15.0311
1604932547101,353,182,15.1919
1604932547117,356,178,159.8543
1604932547132,359,174,31.693
1604932547148,361,171,163.5681
1604932547164,363,167,165.0796
1604932547180,363,164,167.9034
1604932547195,362,162,170.6697
1604932547210,360,159,172.6388
1604932547226,358,157,175.8156
1604932547241,355,152,177.2393
1604932547256,352,147,179.136
1604932547286,350,140,180.5308
1604932547318,347,133,181.4047
1604932547351,344,125,182.3248
1604932547383,341,116,182.1657
1604932547446,338,107,182.7741
1604932547468,334,99,181.9943
1604932547494,329,92,181.8467
1604932547526,324,87,181.9839
1604932547558,318,83,181.4464
1604932547590,311,82,180.9328
1604932547622,304,83,180.9828
1604932547655,297,84,180.7348
1604932547686,289,85,180.3393
1604932547719,281,87,179.4285
1604932547750,273,89,178.9534
1604932547784,265,92,178.9846
1604932547835,257,94,176.599
1604932547862,248,96,177.9015
1604932547900,239,98,177.007
1604932547926,231,100,176.1151
1604932547958,222,101,176.0102
1604932547990,214,103,175.0701
1604932548022,206,104,174.5244
1604932548055,198,105,173.9474
1604932548086,190,107,172.735
1604932548120,182,107,171.2829
1604932548151,175,108,169.8574
1604932548183,168,108,167.7506
1604932548216,162,108,165.9605
1604932548262,156,108,163.7798
1604932548294,151,109,160.7456
1604932548326,146,111,158.6862
1604932548359,141,112,156.6454
1604932548390,136,114,153.8768
1604932548439,133,116,152.4639
1604932548467,130,118,150.5078
1604932548486,129,119,148.6656
1604932548518,129,120,147.56
1604932548550,131,124,145.9015
1604932548594,135,128,144.7471
1604932548615,139,134,143.5024
1604932548662,144,143,142.134
1604932548694,149,153,141.1507
1604932548726,153,164,139.9945
1604932548758,158,177,14.0813
1604932548791,163,189,13.8303
1604932548822,168,201,13.5494
1604932548855,174,213,13.3873
1604932548886,180,226,13.2797
1604932548918,186,239,13.2508
1604932548955,192,251,13.1095
1604932548983,198,266,12.8731
1604932549030,204,277,12.5711
1604932549063,209,286,12.5528
1604932549094,215,295,12.4909
1604932549126,220,306,12.4055
1604932549157,227,311,12.257
1604932549190,234,314,12.2083
1604932549223,241,313,12.3562
1604932549255,250,310,12.3112
1604932549286,258,301,12.4917
1604932549323,266,290,12.3282
1604932549351,275,279,12.342
1604932549383,285,267,12.894
1604932549430,294,255,13.0415
1604932549463,304,242,13.21
1604932549494,313,231,13.3442
1604932549526,323,219,13.7341
1604932549558,333,206,13.9967
1604932549590,343,197,14.2165
1604932549637,352,188,14.8438
1604932549655,360,180,15.0222
1604932549686,368,172,15.3622
1604932549724,375,167,15.8106
1604932549751,381,160,16.1158
1604932549787,386,155,16.5093
1604932549834,390,149,168.8058
1604932549862,392,143,171.7131
1604932549895,394,136,175.6348
1604932549926,393,130,179.0206
1604932549969,390,124,182.5758
1604932549990,385,119,185.2367
1604932550036,379,116,189.2419
1604932550059,373,114,190.9724
1604932550086,367,113,192.8402
1604932550119,362,113,193.1726
1604932550150,356,113,192.624
1604932550183,350,114,192.2701
1604932550234,343,115,191.4811
1604932550262,336,117,190.6332
1604932550310,328,119,188.462
1604932550339,319,122,187.9135
1604932550358,311,124,186.0943
1604932550390,302,126,185.6645
1604932550422,292,128,184.2014
1604932550454,282,130,183.254
1604932550504,272,132,182.8489
1604932550530,262,132,181.167
1604932550558,252,132,181.0431
1604932550591,242,131,179.1738
1604932550630,233,129,178.0011
1604932550676,224,126,175.6817
1604932550699,216,123,172.6276
1604932550726,208,119,169.0325
1604932550758,201,114,165.8961
1604932550790,194,111,162.6347
1604932550822,186,109,159.268
1604932550854,178,108,156.3645
1604932550886,169,108,153.8271
1604932550918,160,110,151.4238
1604932550951,152,114,148.8595
1604932550988,144,119,146.8176
1604932551030,137,126,144.7212
1604932551062,133,134,142.4978
1604932551095,130,145,141.384
1604932551125,128,159,26.1557
1604932551158,128,174,25.9201
1604932551191,129,192,13.7033
1604932551223,131,210,13.5512
1604932551259,133,226,13.3687
1604932551286,136,243,12.9222
1604932551319,139,257,12.7994
1604932551350,142,270,12.5742
1604932551383,145,281,12.1489
1604932551431,148,289,11.823
1604932551462,149,297,11.7539
1604932551495,151,301,11.7329
1604932551541,154,304,11.6872
1604932551567,157,306,117.9229
1604932551590,164,309,115.636
1604932551622,168,307,114.5694
1604932551654,172,306,114.1043
1604932551686,176,300,11.0499
1604932551718,180,294,11.2282
1604932551751,182,286,11.5057
1604932551782,180,275,11.4809
1604932551832,180,265,11.4992
1604932551864,181,255,11.7232
1604932551894,182,242,12.235
1604932551926,182,228,12.3125
1604932551958,184,214,12.4602
1604932551990,186,202,12.9648
1604932552022,188,190,13.2163
1604932552054,191,179,27.4536
1604932552086,194,171,145.3216
1604932552118,198,162,149.0582
1604932552151,202,155,152.6968
1604932552184,206,149,156.0128
1604932552230,211,145,159.8317
1604932552262,215,141,163.0682
1604932552294,221,141,166.3182
1604932552327,226,140,169.5765
1604932552358,233,138,171.4165
1604932552390,240,135,172.594
1604932552431,248,132,172.8206
1604932552454,257,127,172.7561
1604932552486,267,123,172.4393
1604932552519,277,118,171.7204
1604932552551,288,114,171.0998
1604932552583,298,110,169.6962
1604932552629,309,107,168.5194
1604932552661,319,104,168.2885
1604932552694,329,101,167.6904
1604932552726,338,99,167.8721
1604932552762,345,97,168.0941
1604932552790,351,96,168.8286
1604932552822,356,96,169.5481
1604932552855,360,95,170.4319
1604932552886,363,95,170.2833
1604932552919,365,95,170.2136
1604932552951,367,96,169.4445
1604932552983,369,96,167.3597
1604932553030,372,96,164.5792
1604932553062,377,98,161.3754
1604932553098,383,101,16.9362
1604932553126,390,107,16.1986
1604932553159,396,116,16.4086
1604932553190,401,127,15.576
1604932553222,402,141,28.9753
1604932553254,403,157,15.0987
1604932553286,402,173,28.8433
1604932553319,400,190,15.6886
1604932553350,397,204,15.6298
1604932553399,396,219,28.7379
1604932553430,394,228,15.4024
1604932553462,394,234,15.3061
1604932553495,395,240,15.3126
1604932553527,396,241,15.2676
1604932553558,396,245,15.3354
1604932553591,396,249,15.4307
1604932553622,393,253,159.275
1604932553654,391,255,160.2406
1604932553686,391,260,159.2254
1604932553718,387,262,159.5425
1604932553750,386,267,158.8645
1604932553799,382,269,159.7348
1604932553830,378,271,158.1045
1604932553863,374,277,29.2436
1604932553895,368,280,154.9945
1604932553927,365,282,28.5289
1604932553958,360,285,27.9091
1604932553990,358,287,147.7827
1604932554022,356,290,142.9494
1604932554055,350,296,142.9383
1604932554086,347,299,140.0835
1604932554118,344,304,135.9764
1604932554152,340,306,133.3684
1604932554199,337,307,130.2717
1604932554231,334,315,127.172
1604932554262,331,316,124.2111
1604932554294,327,308,123.1469
1604932554326,323,310,120.3365
1604932554357,317,311,11.9774
1604932554390,312,314,117.0376
1604932554422,307,308,11.6039
1604932554454,300,306,11.2955
1604932554487,290,317,11.2979
1604932554519,285,325,11.2392
1604932554551,276,312,11.4709
1604932554598,265,297,11.4957
1604932554630,251,281,11.5071
1604932554662,234,264,20.5131
1604932554695,217,247,20.5886
1604932554727,199,232,11.2205
1604932554758,181,219,11.1019
1604932554790,165,206,11.1006
1604932554822,151,198,11.0776
1604932554854,138,191,11.0584
1604932554887,126,190,11.0672
1604932554934,118,189,21.8184
1604932554961,108,186,22.2398
1604932554998,103,184,21.9445
1604932555030,99,187,21.5053
1604932555470,69,192,104.5702
1604932555486,69,190,105.073
1604932555501,70,186,10.7864
1604932555516,71,183,10.7578
1604932555531,72,179,11.1493
1604932555547,74,173,11.5438
1604932555562,76,168,11.5667
1604932555577,77,162,11.4998
1604932555593,79,156,11.3892
1604932555609,82,152,11.5257
1604932555625,86,148,12.0529
1604932555640,91,143,12.1855
1604932555655,96,137,124.8344
1604932555687,103,132,127.1197
1604932555719,111,128,129.3753
1604932555750,119,123,132.015
1604932555798,127,118,134.4809
1604932555830,135,113,136.6636
1604932555862,143,109,139.2141
1604932555894,150,105,141.7142
1604932555926,158,103,143.9626
1604932555958,166,103,145.9403
1604932555990,174,103,147.6383
1604932556022,182,101,149.1489
1604932556055,192,100,150.7581
1604932556086,202,99,151.336
1604932556118,213,98,152.9424
1604932556167,224,97,154.0873
1604932556200,236,97,155.3219
1604932556230,246,97,156.1884
1604932556263,256,97,157.766
1604932556295,266,98,159.0743
1604932556326,275,98,160.6474
1604932556359,284,99,161.6367
1604932556390,292,100,162.3759
1604932556423,300,101,163.4087
1604932556454,307,104,163.5803
1604932556487,315,106,164.2228
1604932556519,323,109,164.9172
1604932556567,332,115,165.0421
1604932556598,341,118,31.4337
1604932556630,348,126,32.6099
1604932556662,355,134,17.2666
1604932556694,360,144,17.1088
1604932556726,365,154,17.0323
1604932556758,368,167,17.0218
1604932556790,372,178,17.0288
1604932556822,375,190,16.944
1604932556855,378,201,16.8207
1604932556886,381,212,16.5602
1604932556919,383,223,16.573
1604932556966,384,231,16.2978
1604932556998,384,238,16.2525
1604932557030,384,244,162.25
1604932557063,384,249,159.1963
1604932557094,384,251,156.0578
1604932557126,384,252,153.2879
1604932557158,384,256,149.8882
1604932557190,382,257,147.0706
1604932557222,378,257,144.205
1604932557255,375,260,141.9062
1604932557288,371,262,139.5415
1604932557320,365,264,137.5311
1604932557366,359,267,135.2874
1604932557398,353,271,132.7359
1604932557430,344,264,131.5961
1604932557462,338,261,23.5827
1604932557494,330,273,128.0381
1604932557526,322,278,42.4357
1604932557559,313,280,41.8036
1604932557590,303,285,122.121
1604932557622,293,284,40.2926
1604932557655,282,284,11.7221
1604932557687,271,288,11.6184
1604932557721,258,291,11.4734
1604932557766,244,299,11.2404
1604932557798,228,292,11.0791
1604932557829,211,291,19.6435
1604932557862,195,293,19.5497
1604932557894,178,288,19.3757
1604932557926,160,285,20.6138
1604932557958,142,285,20.7318
1604932557990,126,278,20.6447
1604932558022,110,266,20.8563
1604932558054,94,258,10.9429
1604932558086,80,251,10.9192
1604932558134,65,243,10.9525
1604932558166,57,237,11.8461
1604932558198,52,228,11.6154
1604932558500,56,198,11.5383
1604932558515,65,192,11.8852
1604932558530,74,188,122.1913
1604932558546,84,186,126.0393
1604932558561,94,185,129.019
1604932558576,105,183,132.5451
1604932558592,116,182,135.9478
1604932558609,126,180,139.0476
1604932558624,137,178,141.8488
1604932558640,148,175,144.5957
1604932558656,159,173,146.6792
1604932558672,169,170,149.3171
1604932558694,178,168,150.9209
1604932558726,186,166,153.5885
1604932558758,193,164,155.3711
1604932558789,201,162,157.2892
1604932558824,208,160,159.5571
1604932558854,215,158,160.842
1604932558886,223,155,162.4125
1604932558935,231,152,163.8243
1604932558967,238,151,165.4354
1604932559000,244,148,167.2413
1604932559031,250,147,169.3592
1604932559062,254,145,170.7865
1604932559094,258,143,172.0986
1604932559126,262,143,174.1268
1604932559158,265,143,175.6171
1604932559190,267,143,176.8459
1604932559223,269,145,177.0946
1604932559255,271,147,175.9968
1604932559286,273,149,174.3069
1604932559319,274,152,171.8942
1604932559367,274,154,169.1148
1604932559398,275,157,165.3413
1604932559430,274,161,161.7902
1604932559462,273,164,157.912
1604932559494,273,167,153.7433
1604932559526,271,170,150.3144
1604932559558,270,174,146.4359
1604932559590,268,177,143.5925
1604932559622,266,180,139.8106
1604932559655,265,183,136.7127
1604932559688,261,184,24.8319
1604932559733,258,186,130.4072
1604932559766,258,189,127.8225
1604932559798,254,190,124.5154
1604932559830,255,194,121.501
1604932559862,253,195,119.0422
1604932559895,251,197,116.4189
1604932559926,251,200,114.2949
1604932559958,250,202,112.6371
1604932559990,249,203,110.1047
1604932560023,249,204,108.6383
1604932560054,249,205,107.409
1604932560087,249,206,105.9374
1604932560134,251,204,105.2001
1604932560166,251,202,105.4791
1604932560198,250,196,106.1741
1604932560230,250,194,106.7934
1604932560262,251,191,107.5792
1604932560295,251,188,19.2381
1604932560327,252,182,19.4819
1604932560358,254,179,19.8628
1604932560390,255,171,116.2715
1604932560423,257,168,119.4691
1604932560454,259,163,122.4557
1604932560487,262,162,12.4698
1604932560535,264,157,12.2658
1604932560567,266,154,12.6894
1604932560598,268,153,137.3528
1604932560630,271,152,141.3663
1604932560662,273,150,144.8711
1604932560694,275,149,148.6351
1604932560726,278,148,152.5999
1604932560759,280,147,155.8022
1604932560790,283,146,159.6273
1604932560823,287,144,162.971
1604932560855,290,143,165.2262
1604932560887,293,142,168.1426
1604932560935,297,141,170.7866
1604932560967,300,139,172.8553
1604932560999,302,139,175.3438
1604932561031,305,138,177.5949
1604932561062,308,138,179.3058
1604932561094,310,138,181.0757
1604932561126,312,139,181.8639
1604932561158,314,141,182.9159
1604932561190,316,144,183.042
1604932561222,317,148,184.1616
1604932561255,319,153,184.7074
1604932561287,320,158,184.9899
1604932561334,321,164,185.6844
1604932561367,322,167,185.5842
1604932561398,322,172,185.519
1604932561431,323,177,185.948
1604932561462,323,182,185.4927
1604932561494,323,189,185.6578
1604932561526,322,195,185.1825
1604932561558,321,202,185.4768
1604932561590,321,209,184.9267
1604932561622,320,217,185.2588
1604932561655,320,228,185.5108
1604932561687,320,236,184.7976
1604932561734,321,248,184.6794
1604932561766,323,255,183.0593
1604932561798,325,261,182.6063
1604932561830,327,256,181.9979
1604932561863,328,256,182.0682
1604932561894,331,271,182.7659
1604932561926,330,256,182.8397
1604932561958,331,259,183.7235
1604932561990,330,258,185.2611
1604932562022,330,254,185.7594
1604932562054,329,246,186.7873
1604932562088,327,236,186.8534
1604932562134,326,227,187.2023
1604932562167,324,215,186.8562
1604932562199,323,204,186.9681
1604932562230,322,192,186.3373
1604932562262,321,180,185.8038
1604932562296,320,169,185.0589
1604932562326,319,159,183.9857
1604932562358,318,150,183.771
1604932562390,317,141,182.336
1604932562422,316,132,181.7266
1604932562454,316,125,181.4644
1604932562487,315,120,180.2542
1604932562534,315,116,179.7581
1604932562566,316,115,179.5469
1604932562598,316,116,179.2921
1604932562630,316,121,178.8101
1604932562662,316,129,179.5014
1604932562694,317,139,180.027
1604932562727,318,150,180.6235
1604932562758,320,163,180.7343
1604932562791,322,176,180.9057
1604932562823,324,191,180.6206
1604932562855,327,205,181.3379
1604932562887,330,219,181.6114
1604932562935,332,232,181.642
1604932562967,334,244,181.5526
1604932562998,336,249,181.3335
1604932563030,338,252,181.1507
1604932563063,338,257,181.247
1604932563094,338,262,181.8523
1604932563126,334,251,182.0813
1604932563159,333,262,181.5932
1604932563193,329,260,181.2204
1604932563223,325,247,179.4653
1604932563255,321,253,176.6668
1604932563286,316,254,173.477
1604932563335,312,250,170.4673
1604932563366,308,244,166.3957
1604932563398,305,241,162.4244
1604932563430,301,234,15.3242
1604932563462,297,229,14.565
1604932563494,292,223,14.4042
1604932563526,290,218,13.638
1604932563558,285,213,141.4751
1604932563590,278,208,25.4747
1604932563624,276,207,133.9817
1604932563655,271,206,129.9473
1604932563702,266,205,125.8323
1604932563734,262,205,122.5351
1604932563766,258,206,118.9025
1604932563798,254,207,115.5548
1604932563830,250,208,112.6545
1604932563862,247,208,109.9973
1604932563894,244,210,107.9422
1604932563926,242,210,106.0064
1604932563958,239,210,104.4823
1604932563990,237,211,103.2794
1604932564022,234,211,103.2905
1604932564056,232,209,103.2923
1604932564102,230,208,103.7498
1604932564134,229,206,18.1587
1604932564166,229,203,18.4515
1604932564198,230,199,18.5224
1604932564230,232,193,18.9912
1604932564263,234,189,19.5041
1604932564295,235,183,11.1962
1604932564326,237,179,11.3941
1604932564358,239,176,11.3056
1604932564390,242,175,12.0328
1604932564423,245,171,12.2226
1604932564455,249,168,13.1107
1604932564503,253,166,135.0322
1604932564535,258,164,138.47
1604932564566,262,161,142.4711
1604932564598,266,159,146.1602
1604932564630,271,156,150.1645
1604932564662,275,153,153.3881
1604932564694,279,150,157.0253
1604932564726,283,147,160.0497
1604932564759,286,144,162.9841
1604932564790,290,143,164.7982
1604932564823,293,143,166.9538
1604932564855,297,145,169.0925
1604932564902,301,148,171.23
1604932564935,305,153,172.874
1604932564966,309,161,174.7825
1604932564998,314,171,176.071
1604932565030,318,182,176.7604
1604932565062,321,197,177.8202
1604932565094,325,211,178.5302
1604932565126,329,226,178.3516
1604932565159,333,242,178.8306
1604932565190,337,256,178.3748
1604932565223,340,268,178.0198
1604932565255,344,276,177.9218
1604932565302,345,273,177.1546
1604932565334,345,281,176.7014
1604932565367,345,285,176.2475
1604932565398,343,291,16.9748
1604932565430,340,307,33.0673
1604932565462,338,302,31.7635
1604932565495,336,316,164.8659
1604932565526,333,319,160.5581
1604932565558,330,327,29.1992
1604932565591,328,330,151.791
1604932565623,325,329,146.7819
1604932565655,321,323,143.3284
1604932565702,319,321,139.0417
1604932565735,315,313,135.7273
1604932565767,311,302,13.0336
1604932565800,306,291,13.0108
1604932565830,302,277,12.325
1604932565862,298,263,12.1526
1604932565894,293,248,11.5152
1604932565926,289,232,11.1855
1604932565958,284,215,10.4053
1604932565990,278,201,10.3894
1604932566023,273,187,10.3212
1604932566055,267,171,10.3012
1604932566103,264,155,9.357
1604932566135,261,141,9.2577
1604932566167,258,127,9.1266
1604932566198,256,116,10.1485
1604932566232,252,112,96.5157
1604932566263,250,110,98.2805
1604932566294,250,112,20.5874
1604932566327,250,115,20.8991
1604932566359,252,117,21.2391
1604932566390,253,121,10.597
1604932566422,256,123,11.3323
1604932566456,260,127,11.6262
1604932566502,263,130,12.4164
1604932566869,278,138,145.9361
1604932566884,282,138,150.8785
1604932566901,286,138,155.6771
1604932566916,290,137,159.8541
1604932566932,295,136,163.0183
1604932566948,300,134,166.6616
1604932566964,305,133,168.9108
1604932566978,310,131,171.4534
1604932566994,314,130,173.7789
1604932567010,318,130,176.7547
1604932567025,321,129,178.4884
1604932567040,324,128,180.277
1604932567057,327,128,182.2171
1604932567072,329,128,183.4809
1604932567094,331,128,184.6676
1604932567127,333,128,185.9539
1604932567158,334,127,187.1957
1604932567191,334,126,186.9237
1604932567223,335,125,187.8918
1604932567271,335,125,188.1479
1604932567302,336,124,188.6578
1604932567334,335,123,189.0791
1604932567366,335,123,189.4728
1604932567398,335,124,189.3842
1604932567430,335,124,188.3508
1604932567462,335,125,188.2329
1604932567494,334,126,187.3757
1604932567527,333,127,185.9425
1604932567558,331,128,185.2481
1604932567591,329,130,183.5029
1604932567623,327,131,182.3204
1604932567670,325,132,180.2335
1604932567702,323,134,177.5957
1604932567734,321,135,175.1931
1604932567767,319,137,172.253
1604932567798,317,138,170.0396
1604932567831,315,139,166.8061
1604932567862,313,141,163.8242
1604932567894,311,142,160.8944
1604932567926,309,143,157.846
1604932567974,307,144,154.861
1604932568000,306,145,151.686
1604932568024,305,147,148.6595
1604932568070,304,149,144.9372
1604932568102,304,150,141.7828
1604932568134,305,151,138.13
1604932568166,306,152,134.7902
1604932568199,309,155,131.4754
1604932568295,311,156,128.6692
1604932568309,313,158,125.7391
1604932568324,315,159,123.3291
1604932568340,317,162,120.6366
1604932568359,318,164,118.8288
1604932568391,320,165,116.9716
1604932568439,322,167,115.5517
1604932568471,323,169,114.9187
1604932568501,324,171,114.8787
1604932568534,324,173,114.8947
1604932568567,323,173,115.5899
1604932568598,322,172,116.4052
1604932568631,321,172,118.3972
1604932568661,320,170,119.874
1604932568694,319,168,122.3296
1604932568726,318,166,124.7078
1604932568758,318,164,127.4834
1604932568790,317,161,130.5648
1604932568839,317,158,133.7505
1604932568871,317,154,13.2512
1604932568902,318,152,13.3061
1604932568934,320,148,13.9943
1604932568966,321,145,14.1664
1604932568998,324,141,150.0084
1604932569030,326,137,153.8319
1604932569062,328,134,157.4096
1604932569094,330,131,160.7287
1604932569601,348,111,184.1034
1604932569617,348,111,186.1175
1604932569633,348,112,186.9111
1604932569648,348,113,187.5377
1604932569664,347,113,188.6384
1604932569679,348,113,188.5779
1604932569695,348,112,187.9604
1604932569710,349,109,187.2181
1604932569725,350,105,186.165
1604932569742,351,100,184.8312
1604932569757,352,94,183.6627
1604932569772,353,86,181.809
1604932569798,354,76,179.7819
1604932569830,355,62,37.3354
1604932569862,356,47,36.6805
1604932569894,357,32,36.2075
1604932569926,357,20,36.2586
1604932569959,358,5,17.9108
