1605005865813,-0.009765625,-0.08203125,0.005353027343750011
1605005865845,-0.017578125,0.0068359375,0.0
1605005865877,-0.025390625,0.0908203125,0.0
1605005865911,-0.01384083044982699,0.007785467128027681,0.0
1605005865941,-0.016666666666666666,0.013333333333333334,0.0
1605005865975,0.010380622837370242,-0.054498269896193774,0.0
1605005866005,-0.006666666666666667,0.014444444444444444,0.0
1605005866038,-0.013774104683195593,0.024793388429752067,0.0
1605005866069,-0.007284079084287201,-0.005202913631633715,-0.01565078043704475
1605005866102,-0.011019283746556474,0.0036730945821854912,0.003972359963269045
1605005866133,-0.01040582726326743,-0.002081165452653486,0.00670957336108221
1605005866181,0.0013020833333333333,-0.0026041666666666665,-0.002395963541666663
1605005866214,-0.0018365472910927456,0.0073461891643709825,-0.004943526170798896
1605005866245,-0.007284079084287201,0.002081165452653486,-0.000988241415192515
1605005866278,-0.006427915518824609,-0.0036730945821854912,-0.00010486685032140584
1605005866309,-0.01040582726326743,-0.005202913631633715,0.00024110301768992485
1605005866342,-0.011937557392102846,-0.0027548209366391185,0.0008977043158861298
1605005866373,-0.014568158168574402,0.003121748178980229,0.0005077003121748139
1605005866405,-0.0126953125,0.0048828125,0.00015126953124999787
1605005866437,-0.01171875,0.005859375,-0.00019755859375000795
1605005866469,-0.0107421875,0.0087890625,0.0008073242187500163
1605005866501,-0.0087890625,0.0087890625,-6.259765624999636e-05
1605005866550,-0.0020824656393169513,0.004581424406497293,2.8279883381915996e-05
1605005866581,0.001040582726326743,0.013527575442247659,-0.0006085327783558807
1605005866614,0.004591368227731864,0.011019283746556474,-0.0015336088154269888
1605005866645,0.008324661810613945,0.009365244536940686,-0.0009567117585848033
1605005866677,0.01171875,0.009765625,3.3105468749988765e-05
1605005866709,0.01171875,0.0009765625,-0.00038789062499999805
1605005866742,0.012855831037649219,-0.0027548209366391185,-0.000861891643709833
1605005866773,0.015608740894901144,-0.001040582726326743,0.001478355879292415
1605005866806,0.013774104683195593,0.0,0.00036795224977043204
1605005866837,0.012486992715920915,-0.008324661810613945,-0.001201456815816845
1605005866870,0.008264462809917356,0.006427915518824609,-0.001496326905417821
1605005866902,0.0,-0.013671875,0.00033378906250000617
1605005866949,-0.001358080579447714,-0.007243096423721141,-0.00031009506564056235
1605005866981,-0.009765625,-0.0146484375,-9.101562499999605e-05
1605005867013,-0.0107421875,-0.013671875,-0.0009096679687499998
1605005867045,-0.0107421875,-0.01171875,-0.0010646484375000098
1605005867078,-0.015610651974288337,-0.009182736455463728,-0.0013303030303030323
1605005867109,-0.01664932362122789,-0.003121748178980229,-7.866805411031066e-05
1605005867142,-0.012855831037649219,0.0036730945821854912,-0.0010754820936639108
1605005867173,-0.01768990634755463,0.006243496357960458,-0.00017554630593132276
1605005867206,-0.010101010101010102,0.009182736455463728,-0.000548025711662077
1605005867237,-0.01040582726326743,0.014568158168574402,0.001099063475546325
1605005867270,-0.0036730945821854912,0.014692378328741965,0.00044150596877868495
1605005867302,0.001953125,0.0166015625,-0.0005936523437500008
1605005867349,0.002716161158895428,0.007243096423721141,-0.00025952919873245317
1605005867381,0.0087890625,0.0087890625,3.4765624999988365e-05
1605005867413,0.009765625,-0.009765625,-7.812499999998446e-05
1605005867445,0.0146484375,0.01171875,-0.0007993164062500002
1605005867478,0.010101010101010102,0.004591368227731864,-0.0006009182736455552
1605005867510,0.015625,0.0009765625,0.000510351562500011
1605005867542,0.013671875,-0.001953125,0.0025608398437499957
1605005867573,0.018730489073881373,-0.003121748178980229,-0.0009334027055150795
1605005867606,0.005509641873278237,-0.004591368227731864,-0.00015904499540863955
1605005867637,0.018730489073881373,0.0,-0.003013527575442263
1605005867669,0.0048828125,-0.0107421875,-0.000371582031249984
1605005867702,-0.0018365472910927456,-0.020202020202020204,0.0
1605005867750,-0.0026041666666666665,-0.007378472222222222,0.0
1605005867782,-0.0107421875,-0.017578125,0.0
1605005867813,-0.012486992715920915,-0.012486992715920915,0.0
1605005867845,-0.015625,-0.0107421875,-0.0007204101562500176
1605005867877,-0.017578125,-0.0029296875,-0.00042714843749999676
1605005867909,-0.017578125,0.00390625,-2.3632812499979616e-05
1605005867942,-0.017447199265381085,0.004591368227731864,0.0
1605005867974,-0.0126953125,0.01171875,0.0010865234374999866
1605005868005,-0.011446409989594173,0.014568158168574402,0.0005452653485952143
1605005868038,-0.008264462809917356,0.013774104683195593,0.00040789715335169425
1605005868070,-0.0009765625,0.015625,-0.00023320312499999774
1605005868102,0.0068359375,0.0185546875,-0.0012049804687500054
1605005868150,0.004774305555555556,0.006076388888888889,-0.00012230902777777953
1605005868182,0.013671875,0.0078125,-0.00040947265624999285
1605005868214,0.017578125,0.00390625,-0.0006856445312500015
1605005868246,0.0166015625,-0.0126953125,-0.0005170898437499849
1605005868277,0.013527575442247659,-0.013527575442247659,0.0013176899063475557
1605005868309,0.0166015625,-0.005859375,0.0010413085937499844
1605005868341,0.0107421875,-0.0068359375,0.0008695312499999996
1605005868374,0.005509641873278237,-0.008264462809917356,-0.00019706152433424256
1605005868406,-0.001953125,-0.015625,0.003362011718750002
1605005868437,0.004162330905306972,-0.011446409989594173,0.0
1605005868470,0.005509641873278237,-0.006427915518824609,0.0
1605005868502,-0.0087890625,-0.005859375,0.0
1605005868550,-0.006076388888888889,-0.006510416666666667,0.0
1605005868582,-0.015625,-0.009765625,0.0
1605005868614,-0.0166015625,-0.00390625,0.0
1605005868645,-0.018730489073881373,0.002081165452653486,0.0
1605005868677,-0.017578125,0.0068359375,0.0
1605005868709,-0.015625,0.0126953125,0.0
1605005868742,-0.010101010101010102,0.013774104683195593,0.0
1605005868773,-0.01040582726326743,0.01664932362122789,-0.007412382934443289
1605005868805,0.0,0.015625,0.0004024414062499815
1605005868837,0.0078125,0.0185546875,-0.0019344726562499914
1605005868874,0.007304601899196494,0.009495982468955442,-0.0002964207450693932
1605005868902,0.016581632653061226,0.006377551020408163,-0.0004801020408163133
1605005868950,0.006944444444444444,0.001736111111111111,-2.3914930555559958e-05
1605005868982,0.015625,-0.0087890625,-0.001286132812500007
1605005869013,0.013527575442247659,-0.007284079084287201,0.0009683662851196653
1605005869046,0.013774104683195593,-0.005509641873278237,0.003307438016528949
1605005869077,0.011446409989594173,-0.004162330905306972,0.0
1605005869109,0.0087890625,-0.013671875,0.0
1605005869141,0.005859375,-0.0166015625,0.0
1605005869173,-0.005859375,-0.013671875,0.0
1605005869205,0.009765625,0.00390625,0.0
1605005869237,-0.0078125,-0.0126953125,0.0
1605005869270,-0.013774104683195593,-0.014692378328741965,0.0
1605005869302,-0.017578125,-0.0107421875,0.0
1605005869350,-0.008246527777777778,-0.0026041666666666665,0.0
1605005869381,-0.02081165452653486,0.001040582726326743,0.0
1605005869415,-0.015570934256055362,0.006055363321799308,0.0
1605005869445,-0.016666666666666666,0.012222222222222223,0.0
1605005869478,-0.009182736455463728,0.014692378328741965,0.0
1605005869509,-0.009365244536940686,0.014568158168574402,0.0
1605005869541,0.0009765625,0.017578125,0.0
1605005869573,0.0068359375,0.0185546875,0.0
1605005869606,0.010101010101010102,0.014692378328741965,0.0
1605005869637,0.014568158168574402,-0.004162330905306972,-0.006915296566077005
1605005869670,0.011019283746556474,-0.0018365472910927456,0.0005438016528925538
1605005869703,0.017447199265381085,0.005509641873278237,0.00020560146923782023
1605005869750,0.007243096423721141,0.001358080579447714,0.00022168401991851477
1605005869781,0.014568158168574402,-0.001040582726326743,0.006527679500520291
1605005869814,0.01652892561983471,-0.006427915518824609,0.0
1605005869846,0.013671875,-0.009765625,0.0
1605005869878,0.0068359375,-0.013671875,0.0
1605005869910,0.0009765625,0.001953125,0.0
1605005869941,0.006243496357960458,-0.022892819979188347,0.0
1605005869973,-0.005859375,-0.015625,0.0
1605005870005,-0.01171875,-0.0107421875,0.0
1605005870037,-0.0146484375,0.013671875,0.0
1605005870070,0.005509641873278237,-0.0009182736455463728,0.0
1605005870118,-0.006076388888888889,0.004774305555555556,0.0
1605005870150,-0.001953125,0.017578125,0.0
1605005870182,-0.0166015625,0.0146484375,0.0
1605005870213,-0.006243496357960458,0.012486992715920915,0.0
1605005870245,-0.0087890625,0.0146484375,0.0
1605005870278,-0.013774104683195593,0.006427915518824609,0.0
1605005870309,-0.022892819979188347,0.001040582726326743,0.0
1605005870341,-0.0146484375,-0.0048828125,0.0
1605005870374,-0.006427915518824609,0.0036730945821854912,0.0
1605005870405,-0.012486992715920915,0.002081165452653486,0.0
1605005870437,-0.0087890625,-0.0185546875,0.0
1605005870470,0.0009182736455463728,-0.02295684113865932,0.0
1605005870518,0.0030381944444444445,-0.010416666666666666,0.0
1605005870549,0.011446409989594173,-0.022892819979188347,0.0
1605005870581,0.0146484375,-0.0185546875,0.0
1605005870613,0.017578125,-0.0126953125,0.0
1605005870645,0.0185546875,-0.0078125,0.0
1605005870677,0.01953125,-0.0009765625,0.0
1605005870710,0.01928374655647383,0.0073461891643709825,0.0
1605005870741,0.018730489073881373,0.014568158168574402,0.0
1605005870774,0.014692378328741965,0.014692378328741965,0.0
1605005870805,0.011446409989594173,0.018730489073881373,0.0
1605005870838,-0.0009182736455463728,0.0009182736455463728,0.0
1605005870869,-0.003121748178980229,0.026014568158168574,0.0
1605005870917,0.00390625,0.006510416666666667,0.0
1605005870949,-0.0009765625,0.0234375,0.0
1605005870982,-0.020202020202020204,0.017447199265381085,0.0
1605005871013,-0.019771071800208116,0.012486992715920915,0.0
1605005871045,-0.0302734375,0.009765625,0.0
1605005871077,-0.0048828125,-0.0068359375,0.0
1605005871109,-0.021484375,-0.009765625,0.0
1605005871141,-0.0126953125,0.0185546875,0.0
1605005871177,-0.011574074074074073,-0.010030864197530864,0.0
1605005871205,-0.016581632653061226,-0.03443877551020408,0.0
1605005871238,-0.0018365472910927456,-0.024793388429752067,0.0
1605005871270,0.005859375,-0.0224609375,0.0
1605005871318,0.00390625,-0.009548611111111112,0.0
1605005871350,0.0126953125,-0.01953125,0.0
1605005871381,0.01664932362122789,-0.014568158168574402,0.0
1605005871413,0.017578125,-0.0068359375,0.0
1605005871446,0.015610651974288337,-0.0009182736455463728,0.0
1605005871477,0.01768990634755463,0.007284079084287201,0.0
1605005871509,0.015625,0.013671875,0.0
1605005871541,0.013671875,0.021484375,0.0
1605005871574,0.009182736455463728,0.017447199265381085,0.0
1605005871606,-0.0048828125,-0.001953125,0.0
1605005871638,0.0048828125,0.0185546875,0.0
1605005871670,0.001953125,0.0234375,0.0
1605005871718,-0.006076388888888889,0.009114583333333334,0.0
1605005871750,-0.015625,0.0107421875,0.0
1605005871782,-0.029296875,0.0087890625,0.022536035156250023
1605005871814,-0.0341796875,0.009765625,0.001911523437499979
1605005871845,0.011446409989594173,-0.023933402705515087,-0.003794693028095714
1605005871878,-0.011019283746556474,0.01652892561983471,-0.0057752984389348
1605005871909,-0.012486992715920915,-0.019771071800208116,-0.0002748178980229067
1605005871941,-0.00390625,-0.025390625,-0.0007578125000000102
1605005871973,0.0009765625,-0.025390625,-0.0011041992187499905
1605005872005,0.00390625,-0.0234375,-0.0011927734374999888
1605005872037,0.0078125,-0.01953125,-0.0017753906250000118
1605005872070,0.011937557392102846,-0.01652892561983471,-0.0019238751147842078
1605005872117,0.006337709370755998,-0.005432322317790856,-0.0007018107741059271
1605005872149,0.0146484375,-0.005859375,-0.0009585937500000141
1605005872182,0.015610651974288337,0.0018365472910927456,-0.001176033057851236
1605005872213,0.01664932362122789,0.009365244536940686,-0.0017251821019770902
1605005872245,0.015625,0.0146484375,3.6132812499811706e-06
1605005872277,0.0126953125,0.0166015625,0.000962500000000005
1605005872310,0.006427915518824609,0.009182736455463728,0.0020281910009182936
1605005872341,-0.005202913631633715,0.007284079084287201,0.010000624349635771
1605005872374,0.0009182736455463728,0.02203856749311295,0.00472782369146007
1605005872405,0.005202913631633715,0.019771071800208116,0.0032667013527575353
1605005872437,-0.0107421875,0.01953125,0.00351943359375001
1605005872470,-0.012855831037649219,0.015610651974288337,0.0015246097337006227
1605005872518,-0.006510416666666667,0.005642361111111111,0.000993012152777781
1605005872550,-0.021484375,0.01171875,0.0006376953124999918
1605005872581,-0.01768990634755463,0.002081165452653486,0.0036471383975026227
1605005872613,-0.0146484375,-0.0009765625,0.0008285156249999981
1605005872645,-0.0166015625,-0.0029296875,0.0005635742187500015
1605005872677,-0.005859375,0.001953125,-0.0027388671874999937
1605005872709,-0.0087890625,0.00390625,-0.0020465820312500216
1605005872741,-0.0078125,-0.0185546875,-0.0018470703125000043
1605005872774,-0.0018365472910927456,-0.020202020202020204,-0.00287392102846647
1605005872805,0.002081165452653486,-0.023933402705515087,-0.0036221644120707506
1605005872838,0.006427915518824609,-0.020202020202020204,-0.0026842975206611648
1605005872870,0.009765625,-0.01953125,-0.0029319335937499913
1605005872918,0.006510416666666667,-0.006944444444444444,-0.0010989149305555587
1605005872949,0.01664932362122789,-0.011446409989594173,-0.0020132154006243415
1605005872982,0.017447199265381085,-0.006427915518824609,-0.002172359963269058
1605005873013,0.019771071800208116,0.0,-0.002981269510926128
1605005873045,0.0166015625,0.0087890625,-0.0024824218750000016
1605005873077,0.0146484375,0.0166015625,-0.0006538085937499993
1605005873110,0.012855831037649219,0.018365472910927456,0.0002768595041322354
1605005873141,0.008324661810613945,0.021852237252861603,0.002869094693028108
1605005873174,-0.005509641873278237,-0.0027548209366391185,0.006986409550045898
1605005873206,-0.001953125,0.0146484375,0.007550683593749996
1605005873238,-0.001953125,0.01953125,0.0027763671875000173
1605005873270,-0.013671875,0.0205078125,0.0010425781249999988
1605005873317,-0.006337709370755998,0.005432322317790856,0.0010199637845178765
1605005873350,-0.014692378328741965,0.004591368227731864,0.005830303030303027
1605005873382,-0.02734375,0.0107421875,-0.0028085937500000047
1605005873415,-0.018365472910927456,-0.0027548209366391185,0.0028134986225895483
1605005873445,-0.006666666666666667,-0.02,-0.0010073333333333304
1605005873477,-0.015625,0.0029296875,-0.007798437500000005
1605005873509,-0.015625,0.0009765625,-0.0024651367187500106
1605005873542,-0.0073461891643709825,-0.021120293847566574,-0.002165564738291998
1605005873573,-0.003121748178980229,-0.026014568158168574,-0.003864828303850158
1605005873605,0.0029296875,-0.0234375,-0.004582226562500014
1605005873638,0.009182736455463728,-0.01928374655647383,-0.005205876951331487
1605005873685,0.005885015844273427,-0.008601177003168854,-0.0024510638297872344
1605005873717,0.0166015625,-0.0126953125,-0.005122265625000011
1605005873750,0.017447199265381085,-0.004591368227731864,-0.004061340679522493
1605005873781,0.018730489073881373,0.002081165452653486,-0.0044700312174817715
1605005873813,0.0185546875,0.0107421875,0.0
1605005873846,0.014692378328741965,0.018365472910927456,0.0
1605005873877,0.013527575442247659,0.014568158168574402,0.0
1605005873909,0.00390625,-0.0029296875,0.0
1605005873941,-0.0078125,0.0244140625,0.0
1605005873973,0.0146484375,0.0166015625,0.0
1605005874006,-0.009182736455463728,0.018365472910927456,0.0
1605005874037,-0.004162330905306972,0.02497398543184183,0.0
1605005874087,-0.01,0.0016,0.0
1605005874117,-0.035555555555555556,0.016666666666666666,0.0
1605005874149,-0.0390625,0.0048828125,0.0
1605005874182,0.017447199265381085,-0.025711662075298437,0.0
1605005874213,-0.009365244536940686,-0.005202913631633715,0.0
1605005874246,-0.012855831037649219,0.0018365472910927456,0.0
1605005874278,-0.00390625,-0.0283203125,0.0
1605005874309,0.005202913631633715,-0.02809573361082206,0.0
1605005874341,0.01171875,-0.0244140625,0.0
1605005874373,0.0126953125,-0.0205078125,0.0
1605005874405,0.017578125,-0.015625,0.0
1605005874437,0.0185546875,-0.0078125,0.0
1605005874486,0.007496876301541024,0.0,0.0
1605005874520,0.015570934256055362,0.006055363321799308,0.0
1605005874549,0.0178359096313912,0.015457788347205707,0.0
1605005874582,0.0073461891643709825,0.008264462809917356,0.0
1605005874613,0.0,0.001040582726326743,0.0
1605005874646,0.0018365472910927456,0.02203856749311295,0.0
1605005874677,0.002081165452653486,0.01664932362122789,0.0
1605005874709,-0.001953125,0.0244140625,0.0
1605005874742,-0.017447199265381085,0.012855831037649219,0.0
1605005874773,-0.005202913631633715,0.021852237252861603,0.0
1605005874805,-0.080078125,0.04296875,0.01883447265624999
1605005874837,-0.013671875,-0.0166015625,0.0
1605005874885,-0.009548611111111112,-0.006510416666666667,0.0
1605005874917,0.0361328125,-0.01953125,0.0
1605005874950,-0.010101010101010102,0.0009182736455463728,0.0
1605005874981,-0.007284079084287201,-0.008324661810613945,0.0
1605005875013,0.0,-0.03125,0.0
1605005875045,0.005859375,-0.0283203125,0.0
1605005875077,0.0126953125,-0.0244140625,0.0
1605005875109,0.017578125,-0.0224609375,0.0
1605005875141,0.0205078125,-0.013671875,0.0
1605005875174,0.020202020202020204,-0.005509641873278237,0.0
1605005875206,0.0224609375,0.001953125,-0.06735703125
1605005875238,0.0205078125,0.009765625,0.0
1605005875285,0.006790402897238569,0.0022634676324128564,0.0
1605005875317,0.001953125,-0.01171875,0.0
1605005875349,0.0048828125,0.0185546875,0.0
1605005875382,-0.005509641873278237,0.03305785123966942,0.0
1605005875413,0.01040582726326743,0.01040582726326743,0.0
1605005875445,-0.0029296875,0.0234375,0.0
1605005875477,-0.08203125,0.087890625,0.0
1605005875510,-0.018365472910927456,0.013774104683195593,0.0
1605005875541,0.06347554630593132,-0.05827263267429761,0.0
1605005875574,-0.03397612488521579,0.006427915518824609,0.0
1605005875606,-0.087890625,0.041015625,0.0
1605005875639,-0.018365472910927456,-0.004591368227731864,0.0
1605005875686,-0.008148483476686284,-0.0036215482118605704,0.026338750565866906
1605005875717,-0.01768990634755463,-0.01040582726326743,0.0
1605005875750,-0.011019283746556474,-0.013774104683195593,0.0
1605005875781,0.055150884495317375,0.008324661810613945,0.0
1605005875814,-0.005509641873278237,0.0018365472910927456,0.0
1605005875845,0.002081165452653486,-0.01664932362122789,0.0
1605005875877,0.0078125,-0.03125,0.0
1605005875910,0.014692378328741965,-0.05325987144168962,0.0
1605005875942,0.01171875,-0.0107421875,0.0
1605005875973,0.01040582726326743,-0.001040582726326743,0.0
1605005876006,0.004591368227731864,0.005509641873278237,0.0
1605005876039,-0.0027548209366391185,0.03673094582185491,0.0
1605005876086,-0.002716161158895428,0.004074241738343142,0.0
1605005876117,-0.008324661810613945,0.018730489073881373,0.0
1605005876149,0.0009765625,0.0107421875,0.0
1605005876181,-0.001953125,0.0107421875,0.0
1605005876213,0.0009765625,0.015625,0.0
1605005876247,0.007785467128027681,0.012975778546712802,0.0
1605005876277,0.014444444444444444,0.014444444444444444,0.0
1605005876310,0.01928374655647383,-0.0018365472910927456,0.0
1605005876341,0.022892819979188347,-0.001040582726326743,0.0
1605005876373,0.0166015625,-0.00390625,0.0
1605005876406,0.015610651974288337,-0.013774104683195593,0.0
1605005876439,0.020202020202020204,-0.03581267217630854,0.0
1605005876486,0.006337709370755998,-0.014486192847442281,0.0
1605005876518,0.0068359375,-0.017578125,0.0
1605005876549,0.003121748178980229,-0.015608740894901144,0.0
1605005876581,0.0009765625,0.005859375,0.0
1605005876613,-0.01171875,-0.0078125,0.0
1605005876645,-0.0185546875,-0.0166015625,0.0
1605005876678,-0.02203856749311295,-0.005509641873278237,0.0
1605005876709,-0.026014568158168574,-0.001040582726326743,0.0
1605005876742,-0.023875114784205693,0.0036730945821854912,-0.0328297520661157
1605005876773,-0.02497398543184183,0.011446409989594173,-6.638917793963196e-05
1605005876806,-0.015610651974288337,0.015610651974288337,0.0
1605005876839,-0.011019283746556474,0.01928374655647383,0.0
1605005876904,-0.0007100591715976331,0.005207100591715977,0.0
1605005876923,0.008310249307479225,0.0443213296398892,0.0
1605005876949,0.016272189349112426,0.01775147928994083,0.0
1605005876981,0.0146484375,0.0009765625,0.0
1605005877013,0.01171875,-0.0048828125,0.0
1605005877046,0.018365472910927456,0.0027548209366391185,0.0
1605005877077,0.01768990634755463,0.001040582726326743,0.0
1605005877109,0.0146484375,-0.001953125,0.0
1605005877141,0.0146484375,-0.0107421875,0.0
1605005877173,0.0166015625,-0.01953125,0.0
1605005877205,0.0078125,-0.0146484375,0.0
1605005877254,0.0020824656393169513,0.0020824656393169513,0.0
1605005877286,-0.0029296875,-0.0078125,0.0
1605005877317,-0.007284079084287201,-0.013527575442247659,0.0
1605005877350,-0.012855831037649219,-0.015610651974288337,0.0
1605005877382,-0.0166015625,-0.013671875,0.0
1605005877412,-0.02,-0.008888888888888889,0.0
1605005877445,-0.017447199265381085,-0.0009182736455463728,0.0
1605005877477,-0.017578125,0.0048828125,0.0
1605005877509,-0.015625,0.01171875,0.0
1605005877542,-0.011937557392102846,0.014692378328741965,0.0
1605005877574,-0.009765625,0.015625,0.0
1605005877605,0.001040582726326743,0.019771071800208116,0.0
1605005877654,0.003331945022907122,0.008746355685131196,0.0
1605005877686,0.0107421875,0.0126953125,0.0
1605005877718,0.015625,0.01171875,0.0
1605005877750,0.0185546875,-0.0009765625,0.0
1605005877782,0.017578125,-0.00390625,0.0
1605005877814,0.0146484375,-0.013671875,0.0
1605005877845,0.019771071800208116,-0.007284079084287201,0.0
1605005877877,0.015625,-0.005859375,0.0
1605005877909,0.0126953125,-0.013671875,0.0
1605005877941,0.015625,0.009765625,0.0
1605005877974,0.0018365472910927456,-0.01652892561983471,0.0
1605005878007,-0.0027548209366391185,-0.017447199265381085,0.0
1605005878055,-0.0026041666666666665,-0.006944444444444444,0.0
1605005878086,-0.014568158168574402,-0.013527575442247659,0.0
1605005878117,-0.01768990634755463,-0.011446409989594173,0.0
1605005878149,-0.01953125,-0.0029296875,0.0
1605005878181,-0.01953125,0.001953125,0.0
1605005878214,-0.017447199265381085,0.0073461891643709825,0.035510560146923775
1605005878245,-0.018730489073881373,0.011446409989594173,0.0
1605005878277,-0.0126953125,0.01171875,0.0038494140625000006
1605005878309,-0.009765625,0.015625,0.002754492187499985
1605005878343,-0.0017301038062283738,0.01384083044982699,0.001534515570934254
1605005878373,0.0044444444444444444,0.02,0.00046155555555556146
1605005878406,0.0073461891643709825,0.015610651974288337,0.001187603305785139
1605005878454,0.004774305555555556,0.005642361111111111,0.0004107204861111022
1605005878485,0.015608740894901144,0.012486992715920915,0.0007659729448491381
1605005878518,0.014692378328741965,-0.0018365472910927456,-0.0004993572084481217
1605005878549,0.015608740894901144,-0.009365244536940686,0.00039791883454733595
1605005878581,0.017578125,-0.005859375,0.0004407226562500033
1605005878613,0.0185546875,0.0068359375,0.0003115234374999887
1605005878646,0.015610651974288337,-0.0018365472910927456,0.0003450872359963513
1605005878677,0.014568158168574402,-0.013527575442247659,-0.0003095733610822202
1605005878709,0.0087890625,-0.0185546875,-0.0018922851562500065
1605005878741,0.0029296875,-0.021484375,-0.0007516601562500003
1605005878774,-0.0036730945821854912,-0.020202020202020204,0.0006927456382001873
1605005878807,-0.0073461891643709825,-0.015610651974288337,0.0008599632690541737
1605005878854,-0.004526935264825713,-0.006337709370755998,0.00013200543232232535
1605005878886,-0.0107421875,-0.0107421875,8.203125000000311e-05
1605005878917,-0.013527575442247659,-0.006243496357960458,0.00028022892819977836
1605005878949,-0.0166015625,0.0029296875,0.00022460937499999
1605005878981,-0.0166015625,0.005859375,0.0011161132812499974
1605005879013,-0.017578125,0.01171875,0.00025605468750000693
1605005879045,-0.0146484375,0.015625,0.0012048828125000022
1605005879077,-0.013671875,0.0126953125,0.0017435546875000096
1605005879109,-0.01171875,0.01953125,0.001298339843749996
1605005879141,-0.0068359375,0.0205078125,0.0020736328125000036
1605005879173,0.0009765625,0.0166015625,0.0010707031249999888
1605005879206,0.004591368227731864,0.018365472910927456,0.0009329660238751327
1605005879258,0.0033284023668639054,0.004437869822485207,0.0005818786982248492
1605005879286,0.016581632653061226,0.008928571428571428,0.0008862244897959012
1605005879317,0.012486992715920915,-0.008324661810613945,-3.818938605618749e-05
1605005879350,0.014692378328741965,0.0036730945821854912,0.0010741965105601555
1605005879381,0.015608740894901144,-0.005202913631633715,0.00028158168574401847
1605005879413,0.0166015625,-0.0048828125,0.0008741210937499855
1605005879446,0.01652892561983471,-0.006427915518824609,0.0005489439853076277
1605005879477,0.02081165452653486,-0.005202913631633715,-0.0016752341311134342
1605005879510,0.015610651974288337,-0.0073461891643709825,-0.0028920110192837334
1605005879542,0.013671875,-0.0029296875,-0.0027894531250000076
1605005879574,0.0048828125,-0.0205078125,-0.002370312499999999
1605005879606,-0.0029296875,-0.0244140625,-0.000768554687500006
1605005879654,-0.0026041666666666665,-0.0078125,-0.0002953993055555548
1605005879685,-0.01040582726326743,-0.01768990634755463,-0.0003572320499479701
1605005879717,-0.0107421875,-0.015625,-0.0009345703124999938
1605005879750,-0.012855831037649219,-0.010101010101010102,-0.0005396694214876147
1605005879781,-0.01768990634755463,-0.007284079084287201,-0.0006999999999999915
1605005879814,-0.01652892561983471,0.0,-0.00013434343434343116
1605005879845,-0.019771071800208116,0.005202913631633715,-0.00021238293444329973
1605005879877,-0.0205078125,0.0087890625,0.00037011718750001865
1605005879910,-0.020202020202020204,0.013774104683195593,0.0009300275482093651
1605005879941,-0.01768990634755463,0.01768990634755463,0.001439854318418319
1605005879974,-0.014692378328741965,0.01652892561983471,0.0008939393939393952
1605005880007,-0.011937557392102846,0.018365472910927456,0.0016052341597796087
1605005880053,-0.004253308128544423,0.008979206049149339,0.0005798676748582249
1605005880085,-0.0048828125,0.015625,0.000756933593749981
1605005880118,-0.0018365472910927456,0.013774104683195593,0.00042277318640956957
1605005880149,0.001040582726326743,-0.007284079084287201,0.00037180020811652535
1605005880182,0.0027548209366391185,0.011019283746556474,0.00040927456382003347
1605005880213,0.007284079084287201,0.003121748178980229,-0.0013264308012486948
1605005880245,0.0068359375,0.005859375,0.0006673828124999781
1605005880276,0.01040582726326743,0.011446409989594173,0.0007616024973985686
1605005880309,0.006427915518824609,-0.0018365472910927456,9.430670339761128e-05
1605005880342,0.011019283746556474,0.004591368227731864,-0.00026326905417816765
1605005880374,0.0126953125,0.001953125,0.0006560546875000184
1605005880407,0.011019283746556474,0.0009182736455463728,-0.00023783287419652392
1605005880454,0.005432322317790856,-0.003168854685377999,-5.808057944771203e-05
1605005880485,0.012486992715920915,-0.006243496357960458,0.0004189386056191537
1605005880517,0.0126953125,-0.0048828125,-0.00014921875000001306
1605005880549,0.0107421875,-0.0087890625,-0.0011727539062499903
1605005880581,0.013671875,-0.0078125,-0.001111621093749987
1605005880614,0.006427915518824609,-0.011019283746556474,-0.0014420569329660299
1605005880645,0.011446409989594173,-0.01664932362122789,-0.001791155046826237
1605005880677,0.0166015625,-0.0029296875,-0.0032776367187500044
1605005880709,0.0087890625,-0.0087890625,-0.002085546874999983
1605005880741,0.0068359375,-0.0126953125,-0.0025915039062500145
1605005880774,0.004591368227731864,-0.018365472910927456,-0.003229476584022032
1605005880822,0.002170138888888889,-0.009114583333333334,-0.0013984375000000036
1605005880854,0.00390625,-0.021484375,0.0
1605005880885,0.004162330905306972,-0.02497398543184183,0.0
1605005880917,0.00390625,-0.0263671875,0.0
1605005880949,0.0048828125,-0.0283203125,0.0
1605005880997,0.0026041666666666665,-0.008680555555555556,0.0
1605005881029,0.0078125,-0.0146484375,0.0
1605005881045,0.08203125,-0.07421875,0.0
