1605005865781,445,109,232.68
1605005865813,435,25,205.4815
1605005865845,417,32,31.6739
1605005865877,391,125,32.775
1605005865911,375,134,17.8652
1605005865941,360,146,16.3049
1605005865975,372,83,15.5799
1605005866005,366,96,14.8092
1605005866038,351,123,14.503
1605005866069,344,118,190.4411
1605005866102,332,122,194.767
1605005866133,322,120,201.2149
1605005866181,325,114,195.6946
1605005866214,323,122,190.3111
1605005866245,316,124,189.3614
1605005866278,309,120,189.2472
1605005866309,299,115,189.4789
1605005866342,286,112,190.4565
1605005866373,272,115,190.9444
1605005866405,259,120,191.0993
1605005866437,247,126,190.897
1605005866469,236,135,191.7237
1605005866501,227,144,191.6596
1605005866550,222,155,191.7275
1605005866581,223,168,191.1427
1605005866614,228,180,189.4726
1605005866645,236,189,188.5532
1605005866677,248,199,188.5871
1605005866709,260,200,188.1899
1605005866742,274,197,187.2513
1605005866773,289,196,188.672
1605005866806,304,196,189.0727
1605005866837,316,188,187.9181
1605005866870,325,195,186.2886
1605005866902,325,181,186.6304
1605005866949,322,165,185.9454
1605005866981,312,150,185.8522
1605005867013,301,136,184.9207
1605005867045,290,124,183.8305
1605005867078,273,114,182.3818
1605005867109,257,111,182.3062
1605005867142,243,115,181.135
1605005867173,226,121,180.9663
1605005867206,215,131,180.3695
1605005867237,205,145,181.4257
1605005867270,201,161,181.9065
1605005867302,203,178,181.2986
1605005867349,209,194,180.7253
1605005867381,218,203,180.7609
1605005867413,228,193,180.6809
1605005867445,243,205,179.8624
1605005867478,254,210,179.208
1605005867510,270,211,179.7306
1605005867542,284,209,182.3529
1605005867573,302,206,181.4559
1605005867606,308,201,181.2827
1605005867637,326,201,178.3867
1605005867669,331,190,178.0062
1605005867702,329,168,13.3206
1605005867750,323,151,13.3174
1605005867782,312,133,13.5007
1605005867813,300,121,13.3637
1605005867845,284,110,177.2685
1605005867877,266,107,176.8311
1605005867909,248,111,176.8069
1605005867942,229,116,13.323
1605005867974,216,128,177.9195
1605005868005,205,142,178.4435
1605005868038,196,157,178.8877
1605005868070,195,173,178.6489
1605005868102,202,192,177.415
1605005868150,213,206,177.1332
1605005868182,227,214,176.7139
1605005868214,245,218,176.0118
1605005868246,262,205,175.4823
1605005868277,275,192,176.7486
1605005868309,292,186,177.8149
1605005868341,303,179,178.7053
1605005868374,309,170,178.4907
1605005868406,307,154,181.9334
1605005868437,311,143,12.863
1605005868470,317,136,12.7057
1605005868502,308,130,12.4994
1605005868550,294,115,12.4816
1605005868582,278,105,12.5534
1605005868614,261,101,12.4975
1605005868645,243,103,24.8175
1605005868677,225,110,12.4127
1605005868709,209,123,12.4527
1605005868742,198,138,13.434
1605005868773,188,154,174.8101
1605005868805,188,170,175.2222
1605005868837,196,189,173.2413
1605005868874,206,202,172.8355
1605005868902,219,207,172.4591
1605005868950,235,211,172.404
1605005868982,251,202,171.087
1605005869013,264,195,172.0176
1605005869046,279,189,175.6194
1605005869077,290,185,12.6855
1605005869109,299,171,12.5475
1605005869141,305,154,12.8295
1605005869173,299,140,12.8651
1605005869205,309,144,12.5605
1605005869237,301,131,12.48
1605005869270,286,115,12.5105
1605005869302,268,104,12.4996
1605005869350,249,98,12.5536
1605005869381,229,99,13.4809
1605005869415,211,106,12.4152
1605005869445,196,117,12.4684
1605005869478,186,133,13.4447
1605005869509,177,147,13.4177
1605005869541,178,165,23.7119
1605005869573,185,184,23.5384
1605005869606,196,200,23.4313
1605005869637,210,196,168.9738
1605005869670,222,194,169.566
1605005869703,241,200,169.7899
1605005869750,257,203,170.2796
1605005869781,271,202,176.5527
1605005869814,289,195,12.6272
1605005869846,303,185,12.6309
1605005869878,310,171,12.4943
1605005869910,311,173,12.6939
1605005869941,317,151,12.8175
1605005869973,311,135,13.2653
1605005870005,299,124,14.1144
1605005870037,284,138,14.1513
1605005870070,290,137,14.1323
1605005870118,276,148,13.9044
1605005870150,274,166,13.9902
1605005870182,257,181,13.9511
1605005870213,251,193,13.9723
1605005870245,242,208,14.0578
1605005870278,227,215,14.0574
1605005870309,205,216,14.0016
1605005870341,190,211,13.3743
1605005870374,183,215,12.9769
1605005870405,171,217,12.5873
1605005870437,162,198,12.4599
1605005870470,163,173,12.2773
1605005870518,170,149,12.0741
1605005870549,181,127,11.9754
1605005870581,196,108,11.6327
1605005870613,214,95,11.1849
1605005870645,233,87,11.0834
1605005870677,253,86,13.1706
1605005870710,274,94,13.5316
1605005870741,292,108,12.692
1605005870774,308,124,12.0545
1605005870805,319,142,11.2523
1605005870838,318,143,12.1074
1605005870869,315,168,12.6122
1605005870917,324,183,14.0426
1605005870949,323,207,13.7537
1605005870982,301,226,13.7243
1605005871013,282,238,13.7094
1605005871045,251,248,13.9643
1605005871077,246,241,13.9316
1605005871109,224,231,13.2552
1605005871141,211,250,12.8124
1605005871177,196,237,12.7838
1605005871205,183,210,12.4973
1605005871238,181,183,12.3474
1605005871270,187,160,12.1949
1605005871318,196,138,12.0774
1605005871350,209,118,12.0198
1605005871381,225,104,11.9936
1605005871413,243,97,11.9687
1605005871446,260,96,12.8384
1605005871477,277,103,13.234
1605005871509,293,117,12.9398
1605005871541,307,139,11.353
1605005871574,317,158,12.3701
1605005871606,312,156,12.657
1605005871638,317,175,13.8401
1605005871670,319,199,14.1284
1605005871718,305,220,13.9274
1605005871750,289,231,13.9192
1605005871782,259,240,199.6296
1605005871814,224,250,201.587
1605005871845,235,227,197.9403
1605005871878,223,245,191.651
1605005871909,211,226,191.3869
1605005871941,207,200,190.6109
1605005871973,208,174,189.4802
1605005872005,212,150,188.2588
1605005872037,220,130,186.4408
1605005872070,233,112,184.3457
1605005872117,247,100,182.7954
1605005872149,262,94,181.8138
1605005872182,279,96,180.5331
1605005872213,295,105,178.8752
1605005872245,311,120,178.8789
1605005872277,324,137,179.8645
1605005872310,331,147,182.0732
1605005872341,326,154,191.6838
1605005872374,327,178,196.8324
1605005872405,332,197,199.9717
1605005872437,321,217,203.5756
1605005872470,307,234,205.2359
1605005872518,292,247,207.5238
1605005872550,270,259,208.1768
1605005872581,253,261,211.6817
1605005872613,238,260,212.5301
1605005872645,221,257,213.1072
1605005872677,215,259,210.3026
1605005872709,206,263,208.2069
1605005872741,198,244,206.3155
1605005872774,196,222,203.1858
1605005872805,198,199,199.7049
1605005872838,205,177,196.7817
1605005872870,215,157,193.7794
1605005872918,230,141,191.2475
1605005872949,246,130,189.3128
1605005872982,265,123,186.9471
1605005873013,284,123,184.0821
1605005873045,301,132,181.5401
1605005873077,316,149,180.8706
1605005873110,330,169,181.1721
1605005873141,338,190,183.9293
1605005873174,332,187,191.5375
1605005873206,330,202,199.2694
1605005873238,328,222,202.1124
1605005873270,314,243,203.18
1605005873317,300,255,205.4331
1605005873350,284,260,211.7823
1605005873382,256,271,208.9063
1605005873415,236,268,211.9702
1605005873445,230,250,211.0636
1605005873477,214,253,203.078
1605005873509,198,254,200.5537
1605005873542,190,231,198.1954
1605005873573,187,206,194.4813
1605005873605,190,182,189.7891
1605005873638,200,161,184.1199
1605005873685,213,142,178.7055
1605005873717,230,129,173.4603
1605005873750,249,124,169.0375
1605005873781,267,126,164.7418
1605005873813,286,137,12.7743
1605005873846,302,157,12.3282
1605005873877,315,171,11.4843
1605005873909,319,168,12.1064
1605005873941,311,193,12.7857
1605005873973,326,210,13.05
1605005874006,316,230,13.4954
1605005874037,312,254,13.7854
1605005874087,287,258,13.694
1605005874117,255,273,14.6481
1605005874149,215,278,14.6611
1605005874182,234,250,13.1916
1605005874213,225,245,12.2294
1605005874246,211,247,11.7639
1605005874278,207,218,11.4268
1605005874309,212,191,11.0634
1605005874341,224,166,10.6815
1605005874373,237,145,10.7083
1605005874405,255,129,11.4395
1605005874437,274,121,11.6777
1605005874486,292,121,10.5381
1605005874520,310,128,10.108
1605005874549,325,141,10.2815
1605005874582,333,150,10.6642
1605005874613,333,151,10.9845
1605005874646,335,175,16.1672
1605005874677,337,191,23.8228
1605005874709,335,216,24.1452
1605005874742,316,230,24.6783
1605005874773,311,251,24.049
1605005874805,229,295,184.0283
1605005874837,215,278,25.667
1605005874885,193,263,13.3556
1605005874917,230,243,21.3804
1605005874950,219,244,20.2158
1605005874981,212,236,10.1237
1605005875013,212,204,9.7222
1605005875045,218,175,8.8665
1605005875077,231,150,8.3976
1605005875109,249,127,17.5548
1605005875141,270,113,17.5097
1605005875174,292,107,17.3199
1605005875206,315,109,115.0547
1605005875238,336,119,17.8772
1605005875285,351,124,9.9193
1605005875317,353,112,10.1473
1605005875349,358,131,11.3929
1605005875382,352,167,11.9178
1605005875413,362,177,11.9835
1605005875445,359,201,12.9226
1605005875477,275,291,13.2103
1605005875510,255,306,13.2199
1605005875541,316,250,12.7524
1605005875574,279,257,12.671
1605005875606,189,299,22.1441
1605005875639,169,294,23.2151
1605005875686,151,286,173.237
1605005875717,134,276,14.114
1605005875750,122,261,12.175
1605005875781,175,269,11.2354
1605005875814,169,271,10.0564
1605005875845,171,255,9.3297
1605005875877,179,223,8.8356
1605005875910,195,165,15.5541
1605005875942,207,154,15.7613
1605005875973,217,153,8.7254
1605005876006,222,159,16.5914
1605005876039,219,199,9.3645
1605005876086,213,208,9.7676
1605005876117,205,226,10.4023
1605005876149,206,237,10.3171
1605005876181,204,248,10.1706
1605005876213,205,264,17.5192
1605005876247,214,279,16.624
1605005876277,227,292,8.5577
1605005876310,248,290,9.2433
1605005876341,270,289,9.416
1605005876373,287,285,19.1617
1605005876406,304,270,19.8358
1605005876439,326,231,19.8573
1605005876486,340,199,20.3919
1605005876518,347,181,19.7055
1605005876549,350,166,14.4179
1605005876581,351,172,18.6116
1605005876613,339,164,18.4932
1605005876645,320,147,10.3557
1605005876678,296,141,10.3339
1605005876709,271,140,18.965
1605005876742,245,144,137.4854
1605005876773,221,155,137.4216
1605005876806,204,172,10.9895
1605005876839,192,193,10.4556
1605005876904,189,215,10.1255
1605005876923,192,231,9.8165
1605005876949,203,243,9.4359
1605005876981,218,244,9.1188
1605005877013,230,239,9.3868
1605005877046,250,242,9.7788
1605005877077,267,243,10.0191
1605005877109,282,241,10.576
1605005877141,297,230,10.8683
1605005877173,314,210,10.9004
1605005877205,322,195,11.0453
1605005877254,327,200,22.0787
1605005877286,324,192,21.691
1605005877317,317,179,21.7285
1605005877350,303,162,11.2133
1605005877382,286,148,11.0962
1605005877412,268,140,11.4792
1605005877445,249,139,12.4218
1605005877477,231,144,12.0379
1605005877509,215,156,12.0312
1605005877542,202,172,11.9822
1605005877574,192,188,11.7395
1605005877605,193,207,11.4676
1605005877654,201,228,11.4515
1605005877686,212,241,11.1677
1605005877718,228,253,11.0495
1605005877750,247,252,11.0332
1605005877782,265,248,11.0269
1605005877814,280,234,12.0808
1605005877845,299,227,11.8937
1605005877877,315,221,12.9895
1605005877909,328,207,11.7639
1605005877941,344,217,12.4736
1605005877974,346,199,12.3678
1605005878007,343,180,12.4696
1605005878055,337,164,12.5363
1605005878086,323,151,12.5667
1605005878117,306,140,12.5783
1605005878149,286,137,24.6957
1605005878181,266,139,24.8525
1605005878214,247,147,176.0926
1605005878245,229,158,12.8626
1605005878277,216,170,180.0344
1605005878309,206,186,182.855
1605005878343,204,202,184.6289
1605005878373,208,220,185.0443
1605005878406,216,237,186.3376
1605005878454,227,250,187.2839
1605005878485,242,262,188.02
1605005878518,258,260,187.4762
1605005878549,273,251,187.8586
1605005878581,291,245,188.3099
1605005878613,310,252,188.6289
1605005878646,327,250,189.0047
1605005878677,341,237,188.7072
1605005878709,350,218,186.7695
1605005878741,353,196,185.9998
1605005878774,349,174,186.7542
1605005878807,341,157,187.6907
1605005878854,331,143,187.9823
1605005878886,320,132,188.0663
1605005878917,307,126,188.3356
1605005878949,290,129,188.5656
1605005878981,273,135,189.7085
1605005879013,255,147,189.9707
1605005879045,240,163,191.2045
1605005879077,226,176,192.9899
1605005879109,214,196,194.3194
1605005879141,207,217,196.4428
1605005879173,208,234,197.5392
1605005879206,213,254,198.5552
1605005879258,222,266,200.1286
1605005879286,235,273,200.8234
1605005879317,247,265,200.7867
1605005879350,263,269,201.9565
1605005879381,278,264,202.2271
1605005879413,295,259,203.1222
1605005879446,313,252,203.72
1605005879477,333,247,202.1101
1605005879510,350,239,198.9607
1605005879542,364,236,196.1043
1605005879574,369,215,193.6771
1605005879606,366,190,192.8901
1605005879654,360,172,192.2095
1605005879685,350,155,191.8662
1605005879717,339,139,190.9092
1605005879750,325,128,190.3215
1605005879781,308,121,189.6488
1605005879814,290,121,189.5025
1605005879845,271,126,189.2984
1605005879877,250,135,189.6774
1605005879910,228,150,190.6902
1605005879941,211,167,192.0739
1605005879974,195,185,193.0474
1605005880007,182,205,194.7955
1605005880053,173,224,196.0225
1605005880085,168,240,196.7976
1605005880118,166,255,197.258
1605005880149,167,248,197.6153
1605005880182,170,260,198.061
1605005880213,177,263,196.7863
1605005880245,184,269,197.4697
1605005880276,194,280,198.2016
1605005880309,201,278,198.3043
1605005880342,213,283,198.0176
1605005880374,226,285,198.6894
1605005880407,238,286,198.4304
1605005880454,250,279,198.3021
1605005880485,262,273,198.7047
1605005880517,275,268,198.5519
1605005880549,286,259,197.351
1605005880581,300,251,196.2127
1605005880614,307,239,194.6423
1605005880645,318,223,192.921
1605005880677,335,220,189.5647
1605005880709,344,211,187.4291
1605005880741,351,198,184.7754
1605005880774,356,178,181.2585
1605005880822,361,157,178.0365
1605005880854,365,135,26.9375
1605005880885,369,111,13.0356
1605005880917,373,84,13.0385
1605005880949,378,55,12.1225
1605005880997,384,35,13.0341
1605005881029,392,20,11.9969
1605005881045,413,1,11.9915
