1604995077035,-0.25,1.125,0.0
1604995077067,0.3125,-7.3125,0.0
1604995077100,-0.7878787878787878,13.515151515151516,0.0
1604995077131,0.7741935483870968,-15.03225806451613,0.0
1604995077164,-1.2727272727272727,14.424242424242424,0.0
1604995077196,1.4375,-15.1875,0.0
1604995077228,-1.25,15.25,0.0
1604995077276,0.875,-10.833333333333334,0.0
1604995077308,-1.375,16.1875,0.0
1604995077339,1.6774193548387097,-16.322580645161292,0.0
1604995077371,-1.375,16.125,0.0
1604995077403,0.9375,-16.6875,0.0
1604995077435,-0.4375,17.0,0.0
1604995077468,0.42424242424242425,-16.848484848484848,0.0
1604995077499,-0.3225806451612903,17.93548387096774,-12.48227741935484
1604995077531,0.6875,-17.0,1.8151437500000043
1604995077563,-0.8125,16.875,-1.799118750000007
1604995077596,0.9090909090909091,-16.242424242424242,1.7291030303030395
1604995077643,-0.5957446808510638,11.53191489361702,1.7291030303030395
1604995077676,0.7878787878787878,-15.93939393939394,1.7291030303030395
1604995077707,-0.5161290322580645,17.032258064516128,1.7291030303030395
1604995077739,0.3125,-16.6875,1.7291030303030395
1604995077775,-0.3333333333333333,14.222222222222221,1.7291030303030395
1604995077803,0.21428571428571427,-18.0,1.7291030303030395
1604995077835,-0.0625,15.9375,1.7291030303030395
1604995077876,0.14634146341463414,-12.536585365853659,1.7291030303030395
1604995077900,-1.1666666666666667,21.5,1.7291030303030395
1604995077931,1.3548387096774193,-16.903225806451612,1.7291030303030395
1604995077963,-1.375,16.3125,1.7291030303030395
1604995077996,1.393939393939394,-16.0,31.575078787878798
1604995078044,-1.0416666666666667,10.666666666666666,-28.838075000000007
1604995078075,1.8064516129032258,-16.322580645161292,44.17010322580647
1604995078108,-1.5757575757575757,14.606060606060606,-41.65789696969698
1604995078139,1.6774193548387097,-15.03225806451613,-41.65789696969698
1604995078171,-1.75,14.25,-41.65789696969698
1604995078203,1.875,-14.1875,-41.65789696969698
1604995078235,-2.125,13.75,-41.65789696969698
1604995078267,2.1875,-13.5625,-41.65789696969698
1604995078299,-2.1875,13.75,-41.65789696969698
1604995078331,2.125,-13.5625,-41.65789696969698
1604995078363,-2.0625,13.0625,-41.65789696969698
1604995078395,2.0,-13.0625,-41.65789696969698
1604995078443,-1.2916666666666667,8.666666666666666,-41.65789696969698
1604995078476,1.9393939393939394,-12.363636363636363,-41.65789696969698
1604995078507,-2.064516129032258,13.03225806451613,-41.65789696969698
1604995078539,2.0625,-12.5,-41.65789696969698
1604995078571,-2.125,12.625,-41.65789696969698
1604995078603,2.125,-12.4375,-41.65789696969698
1604995078635,-2.125,12.625,-13.96066250000002
1604995078666,2.129032258064516,-12.774193548387096,5.3593483870967935
1604995078699,-1.9393939393939394,12.363636363636363,-5.114454545454564
1604995078732,1.8181818181818181,-12.181818181818182,-5.114454545454564
1604995078764,-1.875,12.875,-5.114454545454564
1604995078796,1.875,-12.5625,-5.114454545454564
1604995078844,-1.25,8.458333333333334,-5.114454545454564
1604995078876,1.9375,-12.5,-5.114454545454564
1604995078907,-1.935483870967742,12.903225806451612,-5.114454545454564
1604995078939,1.875,-12.4375,-5.114454545454564
1604995078971,-1.8125,12.1875,-5.114454545454564
1604995079003,2.0625,-12.5,-5.114454545454564
1604995079036,-2.303030303030303,12.424242424242424,-5.114454545454564
1604995079067,2.5806451612903225,-13.483870967741936,-5.114454545454564
1604995079099,-2.5625,12.9375,-5.114454545454564
1604995079131,2.6875,-13.1875,-5.114454545454564
1604995079163,-2.75,13.0625,-5.114454545454564
1604995079196,2.303030303030303,-12.424242424242424,-2.8432848484848274
1604995079242,-1.434782608695652,8.869565217391305,-5.562934782608711
1604995079275,1.878787878787879,-12.606060606060606,7.939703030303054
1604995079307,-1.6875,12.375,-8.491893750000026
1604995079339,1.5,-12.25,8.909131250000026
1604995079371,-1.8125,12.1875,-8.966868750000028
1604995079403,2.1875,-12.25,8.74008750000003
1604995079435,-2.125,11.875,-9.09154375000003
1604995079467,2.125,-12.0,9.12423125000003
1604995079499,-2.4375,12.0625,-9.02515625000003
1604995079531,2.4375,-12.4375,9.098456250000032
1604995079563,-2.25,12.75,-9.232456250000034
1604995079595,2.1875,-13.1875,-9.232456250000034
1604995079643,-1.3333333333333333,9.0,-9.232456250000034
1604995079675,1.8125,-13.4375,-9.232456250000034
1604995079707,-1.75,13.625,-9.232456250000034
1604995079739,1.6875,-14.0,-9.232456250000034
1604995079771,-1.625,13.875,-9.232456250000034
1604995079803,1.625,-13.6875,-9.232456250000034
1604995079835,-1.625,13.6875,-9.232456250000034
1604995079867,1.625,-13.5625,-9.232456250000034
1604995079899,-1.625,13.5625,-9.232456250000034
1604995079932,1.5757575757575757,-13.030303030303031,-9.232456250000034
1604995079963,-1.6774193548387097,14.0,-9.232456250000034
1604995079996,1.5757575757575757,-13.090909090909092,-9.232456250000034
1604995080043,-1.1063829787234043,9.319148936170214,14.954429787234016
1604995080075,1.5625,-13.5625,-31.60872499999996
1604995080106,-1.6774193548387097,14.258064516129032,32.633045161290276
1604995080139,1.6363636363636365,-13.151515151515152,32.633045161290276
1604995080171,-1.6875,13.6875,32.633045161290276
1604995080203,1.75,-13.5,32.633045161290276
1604995080234,-1.7419354838709677,14.064516129032258,32.633045161290276
1604995080266,1.875,-13.375,32.633045161290276
1604995080299,-1.878787878787879,12.909090909090908,32.633045161290276
1604995080339,1.55,-10.55,32.633045161290276
1604995080368,-2.1379310344827585,14.620689655172415,32.633045161290276
1604995080396,2.357142857142857,-15.285714285714286,32.633045161290276
1604995080443,-1.446808510638298,9.063829787234043,32.633045161290276
1604995080475,2.125,-13.5625,32.633045161290276
1604995080507,-2.1875,13.0625,32.633045161290276
1604995080539,2.125,-12.9375,32.633045161290276
1604995080571,-1.9375,12.8125,60.82844374999998
1604995080603,1.4375,-12.8125,-70.81925624999997
1604995080635,-1.25,12.6875,70.85129999999997
1604995080666,1.032258064516129,-12.96774193548387,-73.29163870967739
1604995080704,-0.8947368421052632,10.631578947368421,-73.29163870967739
1604995080732,1.0714285714285714,-14.642857142857142,-73.29163870967739
1604995080763,-1.2258064516129032,13.290322580645162,-73.29163870967739
1604995080800,0.7567567567567568,-11.027027027027026,-33.54597837837835
1604995080842,-0.42857142857142855,9.428571428571429,-33.54597837837835
1604995080875,0.18181818181818182,-11.696969696969697,-33.54597837837835
1604995080907,-0.25,11.875,-33.54597837837835
1604995080939,0.25,-12.125,-33.54597837837835
1604995080972,-0.18181818181818182,11.93939393939394,-33.54597837837835
1604995081003,0.25806451612903225,-12.838709677419354,-33.54597837837835
1604995081034,-0.1935483870967742,12.838709677419354,-33.54597837837835
1604995081085,0.23529411764705882,-7.764705882352941,-33.54597837837835
1604995081106,-0.47619047619047616,19.142857142857142,25.98909523809519
1604995081132,0.6923076923076923,-15.692307692307692,-33.963038461538424
1604995081164,-0.5625,12.6875,27.58781874999997
1604995081195,0.967741935483871,-13.03225806451613,-28.46162580645158
1604995081244,-0.4489795918367347,8.285714285714286,17.9474244897959
1604995081276,0.875,-12.6875,-27.517656249999966
1604995081307,-0.7096774193548387,13.096774193548388,-27.517656249999966
1604995081339,0.6875,-12.8125,0.24085625000003397
1604995081371,-0.5,12.8125,-9.443587500000035
1604995081403,0.6875,-12.8125,9.430162500000035
1604995081435,-0.6875,12.8125,-9.388093750000035
1604995081467,0.8125,-12.875,9.371175000000036
1604995081499,-0.8125,12.9375,9.371175000000036
1604995081531,0.875,-12.9375,36.66540625000003
1604995081564,-0.8484848484848485,12.606060606060606,36.66540625000003
1604995081612,0.5833333333333334,-8.75,36.66540625000003
1604995081643,-0.967741935483871,13.741935483870968,36.66540625000003
1604995081675,0.9375,-13.5,36.66540625000003
1604995081707,-1.0,13.625,36.66540625000003
1604995081739,1.0625,-14.5,36.66540625000003
1604995081771,-1.3125,15.375,36.66540625000003
1604995081803,1.0625,-15.4375,36.66540625000003
1604995081835,-0.75,15.875,36.66540625000003
1604995081867,0.0625,-16.3125,36.66540625000003
1604995081899,-0.125,16.5,-58.42124375000005
1604995081931,0.0,-16.25,49.27841250000005
1604995081964,-0.18181818181818182,15.636363636363637,-47.86493939393944
1604995082012,0.041666666666666664,-10.833333333333334,-47.86493939393944
1604995082043,-0.12903225806451613,16.774193548387096,-47.86493939393944
1604995082075,-0.0625,-16.125,-47.86493939393944
1604995082107,0.125,16.5625,-47.86493939393944
1604995082139,-0.3125,-17.375,-47.86493939393944
1604995082172,0.24242424242424243,17.151515151515152,-47.86493939393944
1604995082203,-0.45161290322580644,-17.806451612903224,-47.86493939393944
1604995082235,0.5,17.0,-47.86493939393944
1604995082268,-0.6060606060606061,-16.424242424242426,38.20291515151519
1604995082299,0.5806451612903226,17.29032258064516,-51.725232258064565
1604995082331,-0.5625,-16.625,50.11090000000005
1604995082364,0.6666666666666666,16.12121212121212,-48.63137575757581
1604995082428,-0.28125,-8.34375,25.088984375000027
1604995082446,0.3333333333333333,29.333333333333332,-89.24338888888899
1604995082475,0.3448275862068966,-18.06896551724138,-89.24338888888899
1604995082506,-0.5161290322580645,16.838709677419356,-18.207677419354894
1604995082539,0.5454545454545454,-15.818181818181818,6.544787878787929
1604995082571,-0.5625,16.375,-6.748725000000052
1604995082603,0.75,-16.4375,6.759037500000051
1604995082639,-0.7222222222222222,14.5,-6.007288888888935
1604995082667,1.2857142857142858,-18.5,7.726242857142917
1604995082700,-1.0303030303030303,15.696969696969697,-6.554327272727322
1604995082731,1.2903225806451613,-16.70967741935484,6.956845161290375
1604995082779,-0.75,10.75,-4.520175000000034
1604995082811,1.3125,-16.125,6.75493750000005
1604995082843,-1.125,16.125,-6.7797500000000515
1604995082875,1.25,-16.125,6.777443750000053
1604995082907,-1.1875,16.0625,-6.732781250000054
1604995082939,1.25,-16.0625,6.752193750000053
1604995082971,-1.125,16.0,-6.748125000000051
1604995083003,1.1875,-15.9375,6.7602125000000495
1604995083035,-1.0625,15.9375,-6.753337500000049
1604995083067,1.0625,-15.875,6.742375000000049
1604995083104,-0.8648648648648649,13.72972972972973,-5.787778378378422
1604995083132,1.2142857142857142,-18.071428571428573,7.617357142857202
1604995083164,-1.0625,15.6875,-6.628993750000051
1604995083211,0.723404255319149,-10.680851063829786,4.502170212765991
1604995083243,-1.125,15.6875,-6.635968750000048
1604995083289,0.8260869565217391,-10.956521739130435,4.637039130434816
1604995083321,-1.3125,15.6875,-6.69184375000005
1604995083339,2.3333333333333335,-27.444444444444443,12.006511111111202
1604995083370,-1.5483870967741935,15.806451612903226,-6.942361290322633
1604995083403,1.2727272727272727,-15.030303030303031,6.545975757575808
1604995083434,-1.4838709677419355,16.193548387096776,-6.9679677419355395
1604995083467,1.2121212121212122,-15.151515151515152,6.58475757575763
1604995083499,-1.5,15.5625,-6.818662500000057
1604995083531,1.4375,-15.5,6.788556250000056
1604995083564,-1.5757575757575757,15.030303030303031,-6.668896969697023
1604995083611,1.1063829787234043,-10.553191489361701,4.648331914893655
1604995083643,-1.6875,15.5625,-6.842756250000058
1604995083675,1.6875,-15.5,6.77086875000006
1604995083707,-1.8125,15.5,-6.757025000000063
1604995083739,1.875,-15.625,6.709493750000062
1604995083772,-1.878787878787879,14.969696969696969,-6.581800000000059
1604995083802,2.1333333333333333,-16.066666666666666,7.2715866666667335
1604995083835,-2.0,14.363636363636363,-6.640539393939457
1604995083867,2.125,-14.75,6.841468750000066
1604995083899,-2.125,14.75,6.841468750000066
1604995083931,2.125,-14.625,6.841468750000066
1604995083981,-1.32,9.36,6.841468750000066
1604995084012,2.064516129032258,-15.225806451612904,6.841468750000066
1604995084043,-1.8064516129032258,15.612903225806452,-20.850341935483936
1604995084075,1.6875,-15.625,11.708900000000066
1604995084106,-1.8064516129032258,16.193548387096776,-12.089864516129103
1604995084139,1.7575757575757576,-15.454545454545455,11.36854545454552
1604995084171,-1.75,16.25,-11.67321250000007
1604995084204,1.696969696969697,-16.0,11.332278787878856
1604995084235,-1.935483870967742,17.225806451612904,-12.045174193548462
1604995084266,2.064516129032258,-17.612903225806452,12.1092451612904
1604995084300,-1.9411764705882353,16.294117647058822,-11.053217647058895
1604995084332,2.25,-17.25,11.807606250000077
1604995084380,-1.5,11.541666666666666,-7.894533333333385
1604995084411,2.3225806451612905,-17.741935483870968,12.259935483871047
1604995084443,-2.0,16.625,-11.789375000000074
1604995084475,1.875,-16.1875,11.789787500000074
1604995084507,-2.0625,17.0625,-11.751500000000075
1604995084539,2.25,-17.875,11.847000000000074
1604995084571,-2.25,18.0,-11.871106250000073
1604995084603,2.1875,-18.0625,11.940506250000073
1604995084636,-2.0,17.575757575757574,-11.590175757575828
1604995084667,2.064516129032258,-18.70967741935484,12.370916129032333
1604995084699,-2.0,18.0625,12.370916129032333
1604995084732,1.9393939393939394,-17.454545454545453,12.370916129032333
1604995084779,-1.4893617021276595,12.127659574468085,12.370916129032333
1604995084811,2.3125,-17.6875,39.00747500000008
1604995084843,-2.25,17.625,-48.39985000000007
1604995084875,2.3125,-17.6875,48.401625000000074
1604995084907,-2.25,17.875,-48.426131250000076
1604995084938,2.2580645161290325,-18.516129032258064,49.97536129032266
1604995084971,-2.121212121212121,17.272727272727273,-46.93414545454553
1604995085003,2.125,-17.6875,48.380943750000085
1604995085035,-2.1875,17.625,-48.42337500000008
1604995085067,2.125,-17.625,48.39744375000008
1604995085099,-2.1875,17.5625,-48.465681250000074
1604995085132,2.1818181818181817,-16.848484848484848,46.969812121212186
1604995085179,-1.574468085106383,11.702127659574469,-32.99353617021281
1604995085211,2.375,-16.9375,48.39557500000008
1604995085243,-2.4375,16.6875,-48.46790625000008
1604995085275,2.4375,-16.625,48.42302500000008
1604995085307,-2.4375,16.3125,-48.47188750000008
1604995085339,2.3125,-16.125,48.48066250000008
1604995085371,-2.125,16.0,-48.525337500000084
1604995085403,2.0,-15.5,48.50494375000008
1604995085435,-2.0,15.25,-48.470700000000086
1604995085467,1.9375,-15.25,48.46221875000009
1604995085499,-2.125,14.875,48.46221875000009
1604995085547,1.5,-9.833333333333334,50.1425333333334
1604995085578,-2.193548387096774,15.67741935483871,-87.01125806451623
1604995085612,2.411764705882353,-14.411764705882353,79.31307647058831
1604995085643,-2.967741935483871,15.806451612903226,-86.98526451612912
1604995085675,2.625,-15.6875,84.39281250000009
1604995085707,-2.5625,15.6875,-84.33008750000009
1604995085739,2.625,-15.625,84.46563750000008
1604995085771,-2.5625,15.5625,-84.51411250000008
1604995085803,2.4375,-15.25,84.37514375000008
1604995085835,-2.4375,15.125,-84.15206250000008
1604995085867,2.5625,-15.1875,84.03713750000009
1604995085899,-2.5625,15.25,-84.11726250000008
1604995085947,1.75,-10.0,56.13660416666672
1604995085979,-2.625,14.75,-84.14571875000009
1604995086011,2.625,-14.8125,84.02209375000008
1604995086043,-2.5625,15.1875,-84.09560625000009
1604995086076,2.303030303030303,-14.666666666666666,81.61760606060614
1604995086107,-2.064516129032258,15.225806451612904,-87.02327096774202
1604995086139,1.9375,-14.4375,84.54251875000008
1604995086171,-1.9375,14.5,-84.56863125000008
1604995086203,1.9375,-14.625,84.58988125000008
1604995086235,-2.0,14.6875,-84.57722500000007
1604995086267,1.9375,-14.8125,84.79478750000007
1604995086299,-1.8125,14.8125,-84.84929375000007
1604995086333,1.7058823529411764,-13.705882352941176,79.79572352941183
1604995086380,-1.446808510638298,9.74468085106383,79.79572352941183
1604995086411,2.4516129032258065,-14.709677419354838,79.79572352941183
1604995086443,-2.3125,14.6875,-93.41200625000006
1604995086476,2.242424242424242,-14.666666666666666,81.41095757575764
1604995086507,-2.5806451612903225,15.35483870967742,-86.68823225806457
1604995086539,2.6875,-14.625,83.97126250000005
1604995086571,-2.75,14.125,-83.99856250000006
1604995086603,2.75,-13.5625,84.01124375000006
1604995086635,-2.8125,13.4375,-84.04071875000005
1604995086668,2.8484848484848486,-12.909090909090908,81.45523636363643
1604995086700,-3.0625,13.0,-84.01339375000006
1604995086732,3.0625,-12.875,84.02158750000007
1604995086779,-2.127659574468085,8.76595744680851,-57.19780425531919
1604995086811,3.1875,-12.6875,83.90863750000005
1604995086843,-3.25,12.4375,-83.97288750000007
1604995086876,3.090909090909091,-12.06060606060606,81.43823636363642
1604995086907,-3.2903225806451615,12.903225806451612,-86.65061290322588
1604995086939,3.1875,-12.375,83.93989375000007
1604995086971,-3.1875,12.3125,-83.90710625000007
1604995087002,3.2903225806451615,-12.838709677419354,86.55981290322589
1604995087035,-3.0303030303030303,12.121212121212121,-81.34783030303038
1604995087067,3.1875,-12.5,83.90320000000007
1604995087099,-3.25,12.5,-83.94950625000007
1604995087131,3.375,-13.0,83.91973750000008
1604995087179,-2.1666666666666665,8.708333333333334,-55.952195833333384
1604995087211,3.25,-13.6875,83.85052500000008
1604995087244,-3.1515151515151514,12.787878787878787,-81.3061030303031
1604995087276,3.3125,-13.6875,83.78443125000007
1604995087308,-3.3125,13.3125,-83.83343750000006
1604995087339,3.4193548387096775,-13.612903225806452,86.5534451612904
1604995087371,-3.5625,14.1875,-84.02788750000008
