1604988935464,-0.014705882352941176,0.01124567474048443,0.0
1604988935511,-0.009506564056133997,0.0036215482118605704,0.0
1604988935542,-0.021852237252861603,0.007284079084287201,0.0
1604988935575,-0.01928374655647383,0.008264462809917356,0.0
1604988935607,-0.01953125,0.0087890625,0.0
1604988935638,-0.021852237252861603,0.009365244536940686,0.0
1604988935671,-0.018365472910927456,0.006427915518824609,0.0
1604988935702,-0.021852237252861603,0.011446409989594173,0.0
1604988935734,-0.0185546875,0.0078125,0.0
1604988935766,-0.0205078125,0.005859375,0.0
1604988935798,-0.0205078125,0.0048828125,0.0
1604988935832,-0.018166089965397925,0.006920415224913495,0.0
1604988935879,-0.008148483476686284,0.005432322317790856,0.0
1604988935910,-0.019771071800208116,0.008324661810613945,0.0
1604988935942,-0.015625,0.01953125,0.0
1604988935975,-0.011019283746556474,0.01928374655647383,0.0
1604988936007,-0.005859375,0.0048828125,0.0
1604988936038,-0.004162330905306972,0.01664932362122789,0.0
1604988936070,-0.0029296875,0.0205078125,0.0
1604988936103,-0.0009182736455463728,0.0018365472910927456,0.0
1604988936134,0.0,0.008324661810613945,0.0
1604988936166,0.001953125,0.01171875,0.0
1604988936198,0.001953125,0.0048828125,0.0
1604988936235,0.0014609203798392988,0.005113221329437546,0.0
1604988936278,0.0016224986479177934,0.004326663061114116,0.0
1604988936310,0.001953125,0.0029296875,0.0
1604988936342,0.0029296875,0.001953125,0.0
1604988936374,0.00390625,0.0068359375,0.0
1604988936406,0.001953125,0.0029296875,0.0
1604988936438,0.0009765625,-0.001953125,0.07526181640625
1604988936470,-0.0009765625,0.001953125,0.0013939453124999918
1604988936502,-0.0009765625,0.0009765625,-0.0018815429687499968
1604988936550,-0.0008680555555555555,-0.0008680555555555555,-0.0018815429687499968
1604988936569,-0.00554016620498615,-0.008310249307479225,-0.0018815429687499968
1604988936598,-0.0023781212841854932,-0.0035671819262782403,0.0903
1604988936631,-0.0018365472910927456,-0.005509641873278237,0.0007448117539026594
1604988936663,-0.0009765625,-0.001953125,0.001469921875000002
1604988936710,-0.0009053870529651426,-0.0009053870529651426,0.0006679492983250325
1604988936742,-0.0009765625,-0.0009765625,0.0017051757812499985
1604988936774,-0.0029296875,-0.0009765625,0.0012814453125000042
1604988936806,-0.0009765625,-0.001953125,0.0007071289062500069
1604988936838,-0.001953125,-0.0029296875,0.0012439453124999944
1604988936870,0.0,-0.0009765625,0.0008697265625000061
1604988936903,-0.0018365472910927456,0.0009182736455463728,0.0005348943985307585
1604988936934,-0.001040582726326743,0.002081165452653486,0.0008211238293444378
1604988936966,0.0,0.0029296875,0.0004885742187499958
1604988936998,-0.0009765625,0.0009765625,0.00017988281250000404
1604988937031,0.0,0.0,1.4049586776856122e-05
1604988937062,0.001040582726326743,0.0,0.00030665972944848255
1604988937110,0.00043402777777777775,0.00043402777777777775,-3.259548611110762e-05
1604988937143,0.0009182736455463728,0.0009182736455463728,-0.00011753902662993582
1604988937174,0.001040582726326743,-0.002081165452653486,0.00027502601456814936
1604988937206,0.0,0.0,0.00021289062500000344
1604988937238,0.001953125,-0.001953125,1.1523437500007838e-05
1604988937270,0.001953125,-0.0029296875,0.0005901367187499951
1604988937302,0.0029296875,-0.0009765625,0.0005901367187499951
1604988937334,0.0068359375,-0.0078125,0.0005901367187499951
1604988937367,0.009182736455463728,-0.005509641873278237,0.0005901367187499951
1604988937398,0.01040582726326743,0.003121748178980229,0.0005901367187499951
1604988937431,0.012855831037649219,-0.005509641873278237,0.1001208448117539
1604988937478,0.007243096423721141,-0.0022634676324128564,0.0009095971027614288
1604988937511,0.014692378328741965,-0.0009182736455463728,0.002254637281910004
1604988937542,0.018730489073881373,-0.01040582726326743,0.002638501560874107
1604988937574,0.015625,-0.0048828125,0.0033267578124999975
1604988937605,0.01664932362122789,-0.002081165452653486,0.0030434963579604626
1604988937638,0.015610651974288337,-0.0018365472910927456,0.0030434963579604626
1604988937670,0.015625,-0.0029296875,0.0030434963579604626
1604988937702,0.0166015625,-0.001953125,0.0030434963579604626
1604988937735,0.015610651974288337,-0.0018365472910927456,0.0030434963579604626
1604988937767,0.015625,-0.001953125,0.0030434963579604626
1604988937800,0.014692378328741965,-0.0009182736455463728,0.0030434963579604626
1604988937831,0.015608740894901144,0.0,0.0030434963579604626
1604988937862,0.014568158168574402,-0.001040582726326743,0.0030434963579604626
1604988937910,0.005642361111111111,0.00043402777777777775,0.0030434963579604626
1604988937942,0.01171875,0.0,0.15439531250000002
1604988937974,0.0107421875,0.001953125,0.0027410156249999817
1604988938006,0.009765625,0.0,0.0026546875000000025
1604988938038,0.0087890625,0.0,0.0028070312500000083
1604988938070,0.005859375,0.0,0.001697460937500006
1604988938101,0.006243496357960458,0.002081165452653486,0.0023670135275754376
1604988938134,0.0036730945821854912,0.0,0.0016733700642791408
1604988938167,0.0018365472910927456,0.0,0.0011249770431588592
1604988938198,0.0,0.0,0.0015703433922997065
1604988938232,0.0008650519031141869,0.0008650519031141869,0.00023702422145328798
1604988938263,-0.001040582726326743,-0.001040582726326743,-0.0005868886576482757
1604988938310,-0.0004526935264825713,-0.0009053870529651426,-8.764146672702741e-05
1604988938342,-0.0029296875,0.0,-0.0006012695312500038
1604988938374,-0.0029296875,0.0,-0.0006105468750000065
1604988938406,-0.0048828125,-0.0009765625,-0.0002937500000000093
1604988938439,-0.005509641873278237,0.0,-0.001057392102846647
1604988938470,-0.006243496357960458,0.001040582726326743,-0.0005782518210197728
1604988938502,-0.0078125,0.001953125,-0.001168945312499975
1604988938534,-0.0087890625,0.0009765625,-0.001101171875000001
1604988938566,-0.0087890625,0.0,-0.001101171875000001
1604988938598,-0.009765625,0.0029296875,-0.001101171875000001
1604988938632,-0.007785467128027681,0.0017301038062283738,-0.001101171875000001
1604988938679,-0.005885015844273427,0.0,-0.001101171875000001
1604988938710,-0.014568158168574402,0.001040582726326743,-0.001101171875000001
1604988938742,-0.015625,0.0,-0.001101171875000001
1604988938774,-0.0166015625,0.0009765625,-0.001101171875000001
1604988938806,-0.017578125,-0.0009765625,-0.001101171875000001
1604988938838,-0.0185546875,0.001953125,-0.001101171875000001
1604988938870,-0.0185546875,0.0009765625,-0.001101171875000001
1604988938902,-0.0185546875,0.0009765625,-0.001101171875000001
1604988938934,-0.0185546875,0.001953125,-0.001101171875000001
1604988938966,-0.017578125,0.0009765625,0.1209240234375
1604988938999,-0.017447199265381085,0.004591368227731864,0.1209240234375
1604988939031,-0.015625,-0.0009765625,0.11855742187500001
1604988939078,-0.007695789950203712,0.005885015844273427,0.11855742187500001
1604988939111,-0.013774104683195593,0.0036730945821854912,0.11855742187500001
1604988939142,-0.015608740894901144,-0.005202913631633715,0.11855742187500001
1604988939174,-0.0078125,-0.00390625,0.11855742187500001
1604988939207,-0.004591368227731864,0.0036730945821854912,0.0871741046831956
1604988939238,-0.003121748178980229,-0.003121748178980229,-0.001109053069719053
1604988939270,-0.0029296875,0.0029296875,-0.0006164062499999928
1604988939302,0.0,0.0166015625,-0.0001554687499999985
1604988939335,0.0009182736455463728,0.004591368227731864,-6.326905417814444e-05
1604988939366,-0.001040582726326743,-0.01664932362122789,7.825182101976615e-05
1604988939399,0.0009182736455463728,0.0018365472910927456,0.0004328741965105626
1604988939446,0.0009053870529651426,-0.0004526935264825713,0.0003019918515165255
1604988939479,0.0009182736455463728,-0.0009182736455463728,0.0007583103764921956
1604988939510,0.002081165452653486,0.009365244536940686,0.0008755463059313143
1604988939542,0.001953125,-0.0107421875,0.00046884765625000713
1604988939574,0.001953125,-0.0009765625,0.0006961914062499908
1604988939606,0.0029296875,0.001953125,0.0012541015624999985
1604988939638,0.00390625,-0.0068359375,0.0007583984375000019
1604988939670,0.009765625,0.0,0.0007583984375000019
1604988939702,0.013671875,0.00390625,0.10118242187500001
1604988939734,0.0166015625,-0.0048828125,0.0016141601562500024
1604988939766,0.01953125,-0.0068359375,0.002345312499999988
1604988939798,0.0205078125,-0.015625,0.002345312499999988
1604988939846,0.009548611111111112,-0.0030381944444444445,0.049215494791666675
1604988939878,0.0205078125,-0.0009765625,0.003704687499999998
1604988939911,0.01928374655647383,0.0,0.003324426078971521
1604988939942,0.021852237252861603,-0.001040582726326743,0.003324426078971521
1604988939974,0.01953125,0.0,0.003324426078971521
1604988940005,0.02081165452653486,0.0,0.003324426078971521
1604988940038,0.018365472910927456,0.0,0.003324426078971521
1604988940070,0.017578125,0.0,0.003324426078971521
1604988940102,0.015625,0.0,0.003324426078971521
1604988940134,0.0146484375,0.0,0.003324426078971521
1604988940166,0.013671875,0.0009765625,0.003324426078971521
1604988940215,0.005414410662224073,0.00041649312786339027,0.003324426078971521
1604988940234,0.0332409972299169,-0.002770083102493075,0.443106648199446
1604988940279,0.005432098765432099,-0.0004938271604938272,0.443106648199446
1604988940312,0.008264462809917356,0.0009182736455463728,0.1382971533516988
1604988940343,0.007284079084287201,0.0,0.0016295525494276822
1604988940375,0.0048828125,0.0,0.001464550781250018
1604988940407,0.00390625,0.0,0.0012873046874999905
1604988940438,0.001040582726326743,-0.001040582726326743,0.001487721123829341
1604988940469,-0.001040582726326743,0.001040582726326743,0.0011965660770031242
1604988940502,-0.0009182736455463728,0.0,0.0006132231404958675
1604988940535,-0.0027548209366391185,0.0,-0.0003771349862258874
1604988940566,-0.004162330905306972,-0.001040582726326743,0.00036586888657647303
1604988940599,-0.0036730945821854912,0.0,-0.000548025711662077
1604988940631,-0.0048828125,0.0,-0.0007185546875000115
1604988940678,-0.003168854685377999,-0.0004526935264825713,1.4757808963332812e-05
1604988940711,-0.006427915518824609,0.0009182736455463728,-0.0008878787878787706
1604988940742,-0.008324661810613945,0.0,-0.0004980228928199793
1604988940774,-0.009765625,0.0,-0.0004980228928199793
1604988940806,-0.009765625,0.0,-0.0004980228928199793
1604988940839,-0.0073461891643709825,0.0018365472910927456,-0.0004980228928199793
1604988940870,-0.011446409989594173,-0.001040582726326743,-0.0004980228928199793
1604988940902,-0.01171875,0.0,-0.0004980228928199793
1604988940934,-0.0126953125,-0.0009765625,-0.0004980228928199793
1604988940966,-0.0126953125,0.0009765625,-0.0004980228928199793
1604988940999,-0.012855831037649219,0.0,-0.0004980228928199793
1604988941031,-0.0146484375,0.001953125,-0.0004980228928199793
1604988941079,-0.006510416666666667,0.0008680555555555555,-0.0004980228928199793
1604988941112,-0.013774104683195593,0.0018365472910927456,-0.0004980228928199793
1604988941142,-0.01888888888888889,0.0022222222222222222,-0.0004980228928199793
1604988941174,-0.015625,0.0048828125,-0.0004980228928199793
1604988941206,-0.015625,0.001953125,-0.0004980228928199793
1604988941238,-0.0166015625,0.0029296875,-0.0004980228928199793
1604988941271,-0.014692378328741965,0.015610651974288337,-0.0004980228928199793
1604988941302,-0.015608740894901144,0.003121748178980229,0.13237075962539022
1604988941334,-0.013671875,-0.00390625,-0.0018786132812499967
1604988941366,-0.0126953125,0.0048828125,-0.0018389648437500128
1604988941398,-0.0107421875,0.00390625,-0.0016047851562499826
1604988941446,-0.004774305555555556,0.0,-0.0006733072916666657
1604988941480,-0.007785467128027681,0.0008650519031141869,-0.0012263840830449796
1604988941511,-0.008324661810613945,0.001040582726326743,-0.005301040582726331
1604988941542,-0.005202913631633715,0.0,-0.007311966701352766
1604988941574,-0.0029296875,0.001953125,-0.0032462890625000046
1604988941606,0.0,0.0,-0.0015588867187499994
1604988941638,0.0,-0.005859375,0.00015351562500000304
1604988941671,0.0018365472910927456,0.004591368227731864,0.0013105601469237825
1604988941702,0.003121748178980229,-0.002081165452653486,0.0025891779396462083
1604988941734,0.0029296875,-0.0009765625,0.0034250976562500007
1604988941766,0.00390625,-0.0009765625,0.002034667968749987
1604988941799,0.0036730945821854912,-0.0073461891643709825,-0.00043269054178143423
1604988941845,0.001890359168241966,-0.0033081285444234404,-0.00037457466918715574
1604988941878,0.006427915518824609,0.0073461891643709825,-0.000961340679522492
1604988941910,0.0087890625,-0.0009765625,-0.0011259765624999918
1604988941942,0.01171875,-0.0048828125,-0.0009345703124999938
1604988941974,0.013671875,-0.0029296875,0.0003791992187499871
1604988942006,0.017578125,-0.0185546875,0.0016896484374999965
1604988942038,0.0185546875,-0.009765625,0.001734277343750007
1604988942070,0.017578125,-0.00390625,0.002131933593749996
1604988942102,0.017578125,-0.0029296875,0.0025078125000000118
1604988942134,0.0166015625,-0.001953125,0.0025078125000000118
1604988942166,0.0185546875,-0.001953125,0.0025078125000000118
1604988942215,0.007080383173677634,0.0,0.0025078125000000118
1604988942247,0.0166015625,0.0,0.0025078125000000118
1604988942279,0.0166015625,0.0,0.0025078125000000118
1604988942310,0.01664932362122789,0.001040582726326743,0.0025078125000000118
1604988942343,0.012855831037649219,0.0009182736455463728,0.0025078125000000118
1604988942374,0.015608740894901144,0.001040582726326743,0.0025078125000000118
1604988942406,0.0126953125,0.0009765625,0.0025078125000000118
1604988942442,0.010030864197530864,-0.0007716049382716049,0.0025078125000000118
1604988942470,0.015306122448979591,0.0,0.0025078125000000118
1604988942502,0.0107421875,0.0009765625,0.0025078125000000118
1604988942553,0.0038446751249519417,-0.00038446751249519417,0.06044579008073817
1604988942579,0.013313609467455622,-0.0014792899408284023,0.06044579008073817
1604988942599,0.02,0.0,0.06044579008073817
1604988942646,0.0036215482118605704,0.0004526935264825713,0.06044579008073817
1604988942678,0.005859375,0.0,0.06044579008073817
1604988942710,0.00390625,-0.0009765625,0.14627529296875
1604988942742,0.0029296875,0.0,0.001642187500000003
1604988942774,0.0009765625,0.0,0.002170605468750003
1604988942806,-0.0009765625,-0.0009765625,0.0015339843749999915
1604988942838,-0.001953125,0.0009765625,0.000571679687499993
1604988942870,-0.001953125,0.0009765625,0.0004329101562500215
1604988942902,-0.00390625,0.0,0.00015976562500000235
1604988942934,-0.00390625,0.0,-0.0008138671875000114
1604988942966,-0.0048828125,0.0,-0.0004751953125000097
1604988943000,-0.005190311418685121,0.0,-0.0012281141868511916
1604988943046,-0.0033081285444234404,0.0,-0.0012281141868511916
1604988943078,-0.0068359375,0.0,-0.0012281141868511916
1604988943110,-0.0078125,0.0009765625,-0.0012281141868511916
1604988943141,-0.009365244536940686,0.0,-0.0012281141868511916
1604988943174,-0.010101010101010102,0.0018365472910927456,-0.0012281141868511916
1604988943206,-0.0087890625,0.0029296875,-0.0012281141868511916
1604988943238,-0.0107421875,-0.0009765625,-0.0012281141868511916
1604988943270,-0.0166015625,0.0029296875,-0.0012281141868511916
1604988943302,-0.0087890625,0.0,-0.0012281141868511916
1604988943334,-0.0146484375,0.0009765625,-0.0012281141868511916
1604988943367,-0.012855831037649219,0.0,-0.0012281141868511916
1604988943414,-0.006790402897238569,0.0009053870529651426,0.06064486192847442
1604988943446,-0.0146484375,0.0009765625,-0.0015943359374999966
1604988943478,-0.015625,0.0009765625,-0.0015943359374999966
1604988943510,-0.0166015625,0.001953125,-0.0015943359374999966
1604988943542,-0.015625,0.001953125,-0.0015943359374999966
1604988943574,-0.015625,0.0029296875,-0.0015943359374999966
1604988943606,-0.0146484375,0.001953125,-0.0015943359374999966
1604988943638,-0.013671875,0.0029296875,0.12079794921874999
1604988943671,-0.011937557392102846,0.0027548209366391185,-0.0013530762167125816
1604988943702,-0.01040582726326743,0.002081165452653486,-0.000912174817898019
1604988943734,-0.009765625,0.0029296875,-0.0009020507812499967
1604988943766,-0.0078125,0.001953125,-0.001123144531249981
1604988943815,-0.0024989587671803417,0.00041649312786339027,-0.0003303623490212466
1604988943846,-0.005202913631633715,0.001040582726326743,-0.0008459937565036298
1604988943879,-0.0036730945821854912,0.0027548209366391185,-0.0005348025711662138
1604988943910,-0.002081165452653486,0.0,-0.00025463059313214837
1604988943942,-0.001953125,0.0009765625,-0.00011113281249999774
1604988943974,-0.001953125,0.0009765625,-0.000995019531250002
1604988944007,0.0009182736455463728,-0.0018365472910927456,4.0679522497697596e-05
1604988944039,0.0009765625,0.0,-0.000709667968749994
1604988944069,0.0022222222222222222,0.0,-0.0016290000000000128
1604988944103,0.0034602076124567475,-0.0034602076124567475,-0.00023918685121107147
1604988944134,0.005202913631633715,-0.002081165452653486,-0.0018079084287200915
1604988944167,0.005509641873278237,-0.0036730945821854912,-0.0011200183654729008
1604988944214,0.004526935264825713,-0.0022634676324128564,-0.0004909461294703446
1604988944246,0.0107421875,-0.00390625,0.0004145507812499949
1604988944278,0.01171875,-0.0048828125,-0.00029453125000000746
1604988944311,0.012855831037649219,-0.004591368227731864,0.0008483930211202968
1604988944342,0.015608740894901144,-0.003121748178980229,0.001098335067637872
1604988944374,0.015625,-0.0029296875,0.002106933593749999
1604988944406,0.015625,-0.0029296875,0.002106933593749999
1604988944438,0.0166015625,-0.001953125,0.002106933593749999
1604988944470,0.0166015625,-0.0009765625,0.002106933593749999
1604988944502,0.015625,0.0,0.002106933593749999
1604988944534,0.015625,0.0,0.002106933593749999
1604988944567,0.013774104683195593,0.0009182736455463728,0.002106933593749999
1604988944614,0.006790402897238569,0.0009053870529651426,0.002106933593749999
1604988944647,0.012855831037649219,0.0009182736455463728,0.002106933593749999
1604988944679,0.0126953125,0.001953125,0.002106933593749999
1604988944710,0.013527575442247659,0.0,0.002106933593749999
1604988944743,0.011019283746556474,0.0,0.002106933593749999
1604988944774,0.012486992715920915,0.004162330905306972,0.002106933593749999
1604988944807,0.009182736455463728,-0.0009182736455463728,0.002106933593749999
1604988944838,0.01040582726326743,0.0,0.002106933593749999
1604988944870,0.0087890625,-0.001953125,0.15153349609375
1604988944904,0.006920415224913495,0.0017301038062283738,0.15153349609375
1604988944934,0.006666666666666667,-0.0022222222222222222,0.16185511111111112
1604988944967,0.004591368227731864,-0.0009182736455463728,0.0011006427915518815
1604988945014,0.0018107741059302852,0.0009053870529651426,0.0008741511996378504
1604988945046,0.0009765625,-0.0009765625,0.0020743164062499986
1604988945077,0.001040582726326743,0.002081165452653486,0.0014464099895941586
1604988945110,0.0,0.0009182736455463728,0.0007471992653810941
1604988945142,-0.0029296875,0.0,0.0007654296874999855
1604988945174,-0.0009765625,0.0009765625,0.00023828124999999978
1604988945206,-0.0029296875,0.001953125,-0.0006071289062499763
1604988945238,-0.00390625,-0.001953125,-0.0006593750000000176
1604988945270,-0.0048828125,0.0009765625,-0.0006593750000000176
1604988945303,-0.005509641873278237,0.0009182736455463728,-0.0006593750000000176
1604988945334,-0.009365244536940686,-0.002081165452653486,-0.0006593750000000176
1604988945367,-0.006427915518824609,0.0027548209366391185,-0.0006593750000000176
1604988945432,-0.002366863905325444,0.0,-0.0006593750000000176
1604988945447,-0.05333333333333334,0.0044444444444444444,-0.0006593750000000176
1604988945478,-0.01040582726326743,0.003121748178980229,-0.0006593750000000176
1604988945510,-0.013671875,-0.0009765625,-0.0006593750000000176
1604988945542,-0.0078125,0.001953125,-0.0006593750000000176
1604988945575,-0.011937557392102846,0.0009182736455463728,-0.0006593750000000176
1604988945607,-0.01171875,0.0009765625,-0.0006593750000000176
1604988945642,-0.010612244897959184,0.0,-0.0006593750000000176
1604988945670,-0.016581632653061226,0.002551020408163265,-0.0006593750000000176
1604988945702,-0.013671875,0.001953125,-0.0006593750000000176
1604988945753,-0.0057670126874279125,0.0,-0.0006593750000000176
1604988945778,-0.0224,0.0016,-0.0006593750000000176
1604988945814,-0.010802469135802469,0.0015432098765432098,-0.0006593750000000176
1604988945847,-0.012855831037649219,0.0009182736455463728,-0.0006593750000000176
1604988945878,-0.014568158168574402,0.003121748178980229,-0.0006593750000000176
1604988945928,-0.0052,0.0008,-0.0006593750000000176
1604988945949,-0.04081632653061224,0.009070294784580499,-0.0006593750000000176
1604988945974,-0.008,0.0016,-0.0006593750000000176
1604988946005,-0.011446409989594173,0.002081165452653486,-0.0006593750000000176
1604988946057,-0.0036982248520710057,0.0011094674556213018,-0.0006593750000000176
1604988946089,-0.0087890625,0.001953125,0.124065625
1604988946105,-0.02734375,0.00390625,-0.00451250000000003
1604988946134,-0.008323424494649227,0.0023781212841854932,-0.001501545778834719
1604988946166,-0.0048828125,0.00390625,-0.0004241210937500073
1604988946214,-0.001736111111111111,0.00043402777777777775,-0.00035993923611110645
1604988946246,-0.001953125,0.0009765625,-0.0005494140625000032
1604988946279,-0.0009182736455463728,0.0009182736455463728,-0.0007291092745638041
1604988946310,-0.001040582726326743,0.001040582726326743,-0.0009157127991675587
1604988946342,0.001953125,-0.0009765625,-0.0005318359375000026
1604988946374,0.001953125,-0.0009765625,-0.0005612304687499792
1604988946406,0.00390625,-0.001953125,-0.0006694335937500184
1604988946438,0.00390625,0.0,-0.0009237304687499948
1604988946470,0.0048828125,-0.001953125,-0.0003872070312500031
1604988946503,0.005509641873278237,-0.0027548209366391185,-0.0007367309458218571
1604988946534,0.007284079084287201,-0.002081165452653486,0.00022070759625392387
1604988946583,0.003748438150770512,-0.0008329862557267805,-0.00027101207830070826
1604988946615,0.0087890625,-0.001953125,0.0004110351562499892
1604988946646,0.01040582726326743,-0.002081165452653486,0.0001528616024973861
1604988946678,0.0107421875,-0.0029296875,0.0005525390625000237
1604988946710,0.0107421875,-0.001953125,0.0003418945312499977
1604988946742,0.0126953125,-0.0009765625,0.0003418945312499977
1604988946774,0.0126953125,-0.001953125,0.0003418945312499977
1604988946806,0.0126953125,0.0,0.0003418945312499977
1604988946839,0.011937557392102846,-0.0018365472910927456,0.0003418945312499977
1604988946871,0.013671875,-0.0009765625,0.0003418945312499977
1604988946902,0.014568158168574402,-0.001040582726326743,0.0003418945312499977
1604988946936,0.01124567474048443,-0.0034602076124567475,0.0003418945312499977
1604988946966,0.014444444444444444,-0.0011111111111111111,0.0003418945312499977
1604988947014,0.005642361111111111,0.00043402777777777775,0.0003418945312499977
1604988947045,0.013527575442247659,-0.002081165452653486,0.0003418945312499977
1604988947078,0.011019283746556474,0.0018365472910927456,0.0003418945312499977
1604988947110,0.0126953125,0.0,0.0003418945312499977
1604988947142,0.0107421875,-0.0009765625,0.0003418945312499977
1604988947174,0.01171875,0.001953125,0.0003418945312499977
1604988947206,0.01171875,0.0009765625,0.0003418945312499977
1604988947239,0.009182736455463728,-0.005509641873278237,0.1443384756657484
1604988947271,0.009765625,0.00390625,0.1443384756657484
1604988947303,0.0068359375,0.0,0.1443384756657484
1604988947334,0.007284079084287201,-0.006243496357960458,0.1544970863683663
1604988947369,0.004081632653061225,0.004081632653061225,0.0010491428571428598
1604988947414,0.0014814814814814814,0.0,0.0008945679012345656
1604988947446,0.0029296875,-0.0029296875,0.0013947265625000038
1604988947478,0.0009765625,0.001953125,0.000824511718750004
1604988947510,-0.0009765625,0.0029296875,0.0008552734374999982
1604988947542,-0.0009765625,-0.001953125,0.0003027343750000022
1604988947575,-0.0018365472910927456,0.0009182736455463728,0.00040137741046833344
1604988947606,-0.002081165452653486,0.001040582726326743,-0.0003826222684703574
1604988947637,-0.002081165452653486,-0.004162330905306972,-0.0003023933402705344
1604988947669,-0.00390625,0.00390625,-0.0005070312500000118
1604988947702,-0.004591368227731864,0.0009182736455463728,-0.0005070312500000118
1604988947734,-0.005859375,-0.0029296875,-0.0005070312500000118
1604988947766,-0.0068359375,0.00390625,-0.0005070312500000118
1604988947815,-0.003748438150770512,-0.0008329862557267805,-0.0005070312500000118
1604988947846,-0.008324661810613945,0.001040582726326743,-0.0005070312500000118
1604988947878,-0.009765625,0.0,-0.0005070312500000118
1604988947910,-0.0107421875,0.00390625,-0.0005070312500000118
1604988947942,-0.013671875,-0.0029296875,-0.0005070312500000118
1604988947974,-0.0107421875,0.0009765625,-0.0005070312500000118
1604988948006,-0.0126953125,0.001953125,-0.0005070312500000118
1604988948038,-0.009765625,0.0009765625,-0.0005070312500000118
1604988948070,-0.0126953125,0.0,-0.0005070312500000118
1604988948102,-0.0146484375,0.0009765625,-0.0005070312500000118
1604988948135,-0.013774104683195593,0.0018365472910927456,-0.0005070312500000118
1604988948166,-0.014568158168574402,0.001040582726326743,-0.0005070312500000118
1604988948214,-0.006076388888888889,0.0008680555555555555,-0.0005070312500000118
1604988948246,-0.0126953125,0.001953125,-0.0005070312500000118
1604988948278,-0.01171875,0.0009765625,-0.0005070312500000118
1604988948309,-0.012486992715920915,0.002081165452653486,-0.0005070312500000118
1604988948342,-0.009182736455463728,0.0009182736455463728,-0.0005070312500000118
1604988948376,-0.012975778546712802,0.0017301038062283738,-0.0005070312500000118
1604988948406,-0.0033333333333333335,0.0022222222222222222,-0.0005070312500000118
1604988948438,-0.0068359375,0.0029296875,0.1369564453125
1604988948471,-0.011019283746556474,-0.0009182736455463728,-0.000603489439853066
1604988948502,-0.006243496357960458,0.002081165452653486,-0.0005292403746097828
1604988948535,0.0009182736455463728,0.0036730945821854912,-0.000429384756657488
1604988948582,-0.001358080579447714,0.0,-0.00030651878678134714
1604988948614,-0.0009765625,0.0009765625,-2.246093749991296e-06
1604988948646,0.0,-0.0009765625,-0.0013052734375000041
1604988948679,0.0009182736455463728,0.0,-0.0005481175390266346
1604988948710,0.003121748178980229,-0.001040582726326743,-0.0003736732570239461
1604988948742,0.001953125,-0.0009765625,-0.0002262695312499896
1604988948774,0.00390625,-0.0009765625,-0.0005364257812499884
1604988948806,0.0048828125,-0.0029296875,-0.0010393554687500028
1604988948838,0.0068359375,-0.0029296875,-0.0009797851562500237
1604988948870,0.0078125,-0.0048828125,-0.0013451171874999945
1604988948903,0.009182736455463728,-0.0036730945821854912,-0.0005500459136822677
1604988948935,0.0107421875,-0.0048828125,-0.00046464843749999263
1604988948982,0.005885015844273427,-0.0018107741059302852,-0.00046464843749999263
1604988949018,0.010802469135802469,-0.0038580246913580245,-0.00046464843749999263
1604988949045,0.019204389574759947,-0.00411522633744856,-0.00046464843749999263
1604988949078,0.012855831037649219,-0.0027548209366391185,-0.00046464843749999263
1604988949110,0.013671875,-0.001953125,-0.00046464843749999263
1604988949142,0.0146484375,-0.0029296875,-0.00046464843749999263
1604988949174,0.0126953125,0.0,-0.00046464843749999263
1604988949206,0.0126953125,-0.0029296875,-0.00046464843749999263
1604988949238,0.0126953125,0.0,-0.00046464843749999263
1604988949270,0.0126953125,0.001953125,-0.00046464843749999263
1604988949302,0.01171875,0.0009765625,-0.00046464843749999263
1604988949336,0.012110726643598616,0.0017301038062283738,-0.00046464843749999263
1604988949382,0.006143667296786389,0.0014177693761814746,-0.00046464843749999263
1604988949414,0.0126953125,0.0009765625,-0.00046464843749999263
1604988949446,0.01171875,-0.0009765625,-0.00046464843749999263
1604988949478,0.01171875,0.0029296875,0.14278515625
1604988949510,0.009765625,-0.0029296875,0.0015090820312499975
1604988949547,0.006574141709276844,-0.002191380569758948,0.0015090820312499975
1604988949574,0.010973936899862825,-0.0013717421124828531,0.0015090820312499975
1604988949606,0.0078125,-0.001953125,0.14631611328125
1604988949638,0.00390625,-0.0009765625,0.0013524414062499879
1604988949671,0.0027548209366391185,0.0,0.001478328741965115
1604988949702,0.001040582726326743,0.0,0.001515712799167543
1604988949739,-0.0007304601899196494,-0.0014609203798392988,0.0015075967859751569
1604988949782,-0.0005408328826392645,0.001081665765278529,0.0006259599783666823
1604988949814,-0.0009765625,0.0009765625,0.00047822265624999916
1604988949846,-0.001953125,-0.0029296875,-0.000552539062499996
1604988949878,-0.0029296875,0.0,-0.000812597656249997
1604988949910,-0.00390625,0.0,-0.0011787109374999938
1604988949941,-0.005202913631633715,0.0,-0.0011787109374999938
1604988949979,-0.004155124653739612,0.002770083102493075,-0.0011787109374999938
1604988950006,-0.010973936899862825,0.0027434842249657062,-0.0011787109374999938
1604988950038,-0.0087890625,-0.0009765625,-0.0011787109374999938
1604988950070,-0.009765625,0.0009765625,-0.0011787109374999938
1604988950102,-0.009765625,0.0,-0.0011787109374999938
1604988950135,-0.011937557392102846,-0.0018365472910927456,-0.0011787109374999938
1604988950183,-0.004340277777777778,0.0,-0.0011787109374999938
1604988950215,-0.0166015625,-0.0029296875,-0.0011787109374999938
1604988950246,-0.01664932362122789,0.002081165452653486,-0.0011787109374999938
1604988950279,-0.008264462809917356,0.004591368227731864,-0.0011787109374999938
1604988950311,-0.0146484375,0.0029296875,-0.0011787109374999938
1604988950342,-0.01664932362122789,0.001040582726326743,-0.0011787109374999938
1604988950375,-0.013774104683195593,0.0009182736455463728,0.12454701561065197
1604988950406,-0.01664932362122789,0.002081165452653486,-0.0014243496357960387
1604988950438,-0.013671875,0.0,-0.0014243496357960387
1604988950470,-0.013671875,0.001953125,-0.0014243496357960387
1604988950503,-0.011019283746556474,0.0009182736455463728,-0.0014243496357960387
1604988950534,-0.012486992715920915,0.001040582726326743,-0.0014243496357960387
1604988950583,-0.004164931278633903,0.00041649312786339027,-0.0014243496357960387
1604988950615,-0.0087890625,0.0029296875,-0.0014243496357960387
1604988950648,-0.0073461891643709825,0.0027548209366391185,0.11531046831955924
1604988950679,-0.009365244536940686,0.002081165452653486,-0.00041009365244537853
1604988950711,-0.0068359375,0.0029296875,-0.0007123046874999983
1604988950743,-0.0068359375,0.001953125,-0.0008840820312500108
1604988950774,-0.007284079084287201,0.002081165452653486,-0.0006680541103017647
1604988950805,-0.005202913631633715,0.002081165452653486,-0.0007774193548386983
1604988950839,-0.0034602076124567475,0.0017301038062283738,-0.00018416955017300219
1604988950871,-0.0029296875,0.0,-0.0004675781250000066
1604988950936,-0.0007100591715976331,0.00047337278106508875,-4.5869822485209515e-05
1604988950969,-0.0009182736455463728,0.0009182736455463728,-0.00024481175390267314
1604988950985,0.0,0.0,-0.000909765624999892
1604988951014,0.0011890606420927466,0.0011890606420927466,-0.0004891795481569734
1604988951046,0.0009765625,0.0,6.142578125001297e-05
1604988951078,0.0009765625,0.0,-0.00028642578125001594
1604988951110,0.001953125,-0.001953125,-0.0002941406249999945
1604988951142,0.0029296875,-0.001953125,-0.00035429687499999307
1604988951174,0.0029296875,-0.0029296875,-0.0003731445312500081
1604988951206,0.00390625,-0.0029296875,-0.0006142578124999909
1604988951239,0.005509641873278237,-0.0027548209366391185,-0.0011050505050505199
1604988951271,0.0068359375,-0.00390625,-0.0006032226562499854
1604988951304,0.0073461891643709825,-0.0027548209366391185,-0.00031331496786043603
1604988951350,0.004253308128544423,-0.0014177693761814746,-5.2741020793942105e-05
1604988951383,0.010101010101010102,-0.0036730945821854912,0.00010789715335167897
1604988951414,0.012486992715920915,-0.002081165452653486,0.0004402705515088503
1604988951446,0.01171875,-0.001953125,0.0004402705515088503
1604988951478,0.013671875,-0.001953125,0.0004402705515088503
1604988951510,0.01171875,0.0,0.0004402705515088503
1604988951542,0.013671875,-0.0009765625,0.0004402705515088503
1604988951574,0.01171875,-0.0009765625,0.0004402705515088503
1604988951606,0.0126953125,-0.001953125,0.0004402705515088503
1604988951638,0.01171875,-0.001953125,0.0004402705515088503
1604988951670,0.0126953125,0.0,0.0004402705515088503
1604988951703,0.012855831037649219,0.0018365472910927456,0.0004402705515088503
1604988951735,0.0126953125,0.0029296875,0.0004402705515088503
1604988951783,0.005642361111111111,-0.00043402777777777775,0.0004402705515088503
1604988951814,0.012486992715920915,0.003121748178980229,0.0004402705515088503
1604988951846,0.0107421875,0.0,0.0004402705515088503
1604988951878,0.0107421875,-0.0009765625,0.0004402705515088503
1604988951910,0.0087890625,0.0,0.0004402705515088503
1604988951943,0.0073461891643709825,0.0,0.0004402705515088503
1604988951974,0.007284079084287201,0.002081165452653486,0.0004402705515088503
1604988952006,0.0048828125,-0.001953125,0.0004402705515088503
1604988952038,0.005859375,0.0029296875,0.0004402705515088503
1604988952071,0.0036730945821854912,-0.0018365472910927456,0.0004402705515088503
1604988952104,0.0036730945821854912,-0.0027548209366391185,0.0004402705515088503
1604988952151,0.0009053870529651426,0.0,0.06652412856496152
1604988952183,0.001953125,0.001953125,0.001278906250000017
1604988952213,0.0,0.0,0.001028333333333333
1604988952246,-0.0009182736455463728,-0.0018365472910927456,0.00028852157943067
1604988952278,-0.0009765625,0.0048828125,0.0003761718749999976
1604988952310,-0.001953125,-0.0048828125,0.0007505859374999924
1604988952342,-0.001953125,0.0029296875,-0.000641406250000004
1604988952374,-0.0029296875,0.0,-0.000641406250000004
1604988952406,-0.0029296875,0.0,-0.000641406250000004
1604988952438,-0.0029296875,-0.00390625,-0.000641406250000004
1604988952470,-0.0048828125,0.0029296875,-0.000641406250000004
1604988952504,-0.004325259515570935,-0.0025951557093425604,-0.000641406250000004
1604988952550,-0.0023629489603024575,-0.0014177693761814746,-0.000641406250000004
1604988952582,-0.005859375,0.0,-0.000641406250000004
1604988952614,-0.0078125,-0.0029296875,-0.000641406250000004
1604988952646,-0.005859375,0.0009765625,-0.000641406250000004
1604988952679,-0.009182736455463728,0.0009182736455463728,-0.000641406250000004
1604988952710,-0.009365244536940686,-0.001040582726326743,-0.000641406250000004
1604988952741,-0.011446409989594173,0.001040582726326743,-0.000641406250000004
1604988952774,-0.008264462809917356,0.0027548209366391185,-0.000641406250000004
1604988952806,-0.0068359375,0.0,-0.000641406250000004
1604988952839,-0.008264462809917356,-0.0009182736455463728,-0.000641406250000004
1604988952870,-0.01040582726326743,0.001040582726326743,-0.000641406250000004
1604988952903,-0.009182736455463728,-0.0036730945821854912,-0.000641406250000004
1604988952951,-0.00390625,0.00043402777777777775,-0.000641406250000004
1604988952982,-0.009365244536940686,0.001040582726326743,-0.000641406250000004
1604988953014,-0.009765625,-0.0009765625,0.13347216796875
1604988953046,-0.009765625,-0.0009765625,0.13347216796875
1604988953078,-0.0107421875,0.0009765625,0.13347216796875
1604988953110,-0.009765625,-0.0009765625,0.13347216796875
1604988953141,-0.011446409989594173,0.0,0.13347216796875
1604988953175,-0.00865051903114187,-0.0008650519031141869,0.13347216796875
1604988953206,-0.011446409989594173,0.0,0.13347216796875
1604988953239,-0.009182736455463728,0.0,0.13347216796875
1604988953271,-0.0107421875,0.0009765625,0.13347216796875
1604988953303,-0.009765625,0.0009765625,0.13347216796875
1604988953350,-0.004526935264825713,0.0004526935264825713,0.13347216796875
1604988953382,-0.0087890625,0.0009765625,0.13347216796875
1604988953414,-0.0078125,0.0029296875,0.12254541015625
1604988953446,-0.0048828125,0.0009765625,-0.0005613281250000102
1604988953479,-0.0036730945821854912,0.0,-0.0008651056014692476
1604988953509,-0.0011111111111111111,-0.0011111111111111111,-0.0012202222222222126
1604988953542,0.0009182736455463728,-0.005509641873278237,-0.0021631772268135762
1604988953574,0.00390625,-0.009765625,-0.0016806640625000036
1604988953606,0.0068359375,-0.0126953125,-0.0016806640625000036
1604988953638,0.0068359375,-0.0166015625,-0.0016806640625000036
1604988953671,0.008264462809917356,-0.021120293847566574,-0.0016806640625000036
1604988953719,0.004340277777777778,-0.012152777777777778,-0.0016806640625000036
1604988953750,0.011446409989594173,-0.03225806451612903,-0.0016806640625000036
1604988953782,0.0087890625,-0.017578125,-0.0016806640625000036
1604988953815,0.009182736455463728,-0.015610651974288337,-0.0016806640625000036
1604988953846,0.014568158168574402,-0.01768990634755463,-0.0016806640625000036
1604988953878,0.0390625,-0.0146484375,-0.0016806640625000036
