1605005300833,4.1566109113685245e-05,-3.290650304833415e-05,0.0
1605005300865,0.005859375,0.00390625,0.0
1605005300897,-0.0029296875,0.015625,0.0
1605005300930,-0.004591368227731864,0.0073461891643709825,0.0
1605005300978,-0.002170138888888889,0.002170138888888889,-0.02353619791666666
1605005301011,-0.004591368227731864,0.0036730945821854912,0.0
1605005301043,-0.0048828125,0.0048828125,0.0
1605005301074,-0.005202913631633715,0.005202913631633715,0.0
1605005301105,-0.006243496357960458,0.003121748178980229,0.0
1605005301138,-0.006427915518824609,0.0018365472910927456,0.0
1605005301169,-0.008324661810613945,0.001040582726326743,0.0
1605005301200,-0.008324661810613945,0.001040582726326743,0.0
1605005301233,-0.008264462809917356,0.0,0.0
1605005301264,-0.01040582726326743,-0.003121748178980229,0.0
1605005301297,-0.008264462809917356,0.0009182736455463728,0.0
1605005301331,-0.00865051903114187,0.009515570934256055,0.0
1605005301378,-0.004074241738343142,0.002716161158895428,0.0
1605005301411,-0.010101010101010102,0.005509641873278237,0.0
1605005301441,-0.012222222222222223,0.005555555555555556,0.0
1605005301473,-0.0107421875,0.0048828125,0.0
1605005301505,-0.01171875,0.0048828125,0.0
1605005301538,-0.010101010101010102,0.0009182736455463728,0.0
1605005301569,-0.011446409989594173,0.003121748178980229,0.0
1605005301601,-0.01171875,0.0029296875,0.0
1605005301633,-0.01171875,0.0029296875,0.0
1605005301666,-0.011937557392102846,0.004591368227731864,0.0
1605005301697,-0.013527575442247659,0.005202913631633715,0.0
1605005301746,-0.006247396917950854,0.0029154518950437317,0.0
1605005301777,-0.01040582726326743,0.01040582726326743,0.0
1605005301810,-0.008264462809917356,0.011019283746556474,0.0
1605005301842,-0.0078125,0.0126953125,0.0
1605005301874,-0.0048828125,0.0087890625,0.0
1605005301905,-0.001040582726326743,0.013527575442247659,0.0
1605005301937,0.0009765625,0.0078125,0.0
1605005301969,0.001953125,0.0009765625,0.0
1605005302001,0.0068359375,0.005859375,0.0
1605005302034,0.004591368227731864,0.005509641873278237,0.0
1605005302066,0.0126953125,0.0068359375,0.0
1605005302098,0.0146484375,0.00390625,0.0
1605005302145,0.003168854685377999,0.001358080579447714,0.0
1605005302179,0.009515570934256055,0.005190311418685121,0.0
1605005302210,0.015608740894901144,-0.005202913631633715,0.0
1605005302242,0.0107421875,0.001953125,0.0
1605005302273,-0.019771071800208116,-0.01768990634755463,0.0
1605005302305,0.0283203125,-0.0185546875,0.0
1605005302339,0.0,-0.012110726643598616,0.0
1605005302369,0.03,-0.006666666666666667,0.0
1605005302401,0.0029296875,-0.0107421875,0.0
1605005302433,-0.0009765625,0.0,0.0
1605005302465,-0.0078125,-0.009765625,0.0
1605005302498,-0.010101010101010102,-0.005509641873278237,0.0
1605005302545,-0.005885015844273427,-0.0022634676324128564,0.0
1605005302577,-0.013671875,-0.0048828125,-0.006257031250000017
1605005302609,-0.013671875,0.0029296875,-0.001671777343749986
1605005302641,-0.013671875,0.005859375,-0.001006250000000014
1605005302673,-0.0146484375,0.0,-0.0003531249999999819
1605005302706,-0.011019283746556474,0.012855831037649219,0.0
1605005302738,-0.0107421875,0.0087890625,0.0
1605005302769,-0.007284079084287201,0.018730489073881373,0.0
1605005302801,-0.001953125,0.017578125,0.0
1605005302834,0.004591368227731864,0.017447199265381085,0.0
1605005302866,0.0107421875,0.0146484375,0.0
1605005302898,0.0146484375,0.0107421875,0.0
1605005302945,0.009506564056133997,0.004074241738343142,0.0
1605005302978,0.02295684113865932,0.0018365472910927456,0.0
1605005303010,0.015625,-0.0126953125,0.0
1605005303042,0.025390625,-0.0029296875,0.0
1605005303073,0.01664932362122789,-0.018730489073881373,0.0
1605005303110,0.014609203798392988,-0.002191380569758948,0.0
1605005303137,0.015089163237311385,-0.013717421124828532,0.0
1605005303169,0.001953125,-0.017578125,0.0
1605005303201,-0.0048828125,-0.0185546875,0.0
1605005303234,-0.010101010101010102,-0.013774104683195593,0.0
1605005303265,-0.013527575442247659,-0.003121748178980229,0.0
1605005303298,-0.017447199265381085,-0.014692378328741965,0.0
1605005303345,-0.009053870529651425,-0.0022634676324128564,0.00030950656405612833
1605005303377,-0.0205078125,-0.001953125,1.2597656250001865e-05
1605005303409,-0.0205078125,0.00390625,0.0015314453124999905
1605005303441,-0.0166015625,0.0146484375,0.0007022460937499975
1605005303473,-0.013671875,0.0146484375,0.0
1605005303505,-0.0107421875,0.0166015625,0.0
1605005303538,-0.004591368227731864,0.020202020202020204,0.0
1605005303569,0.001040582726326743,0.019771071800208116,0.0
1605005303602,0.006427915518824609,0.018365472910927456,0.0
1605005303634,0.01171875,0.01953125,0.0
1605005303665,0.015608740894901144,0.007284079084287201,0.0
1605005303698,0.01652892561983471,0.0009182736455463728,0.0
1605005303745,0.005885015844273427,-0.004074241738343142,0.0
1605005303777,0.0205078125,-0.001953125,0.0
1605005303809,0.0185546875,-0.0087890625,0.0
1605005303841,0.015625,-0.01171875,0.0
1605005303874,0.012855831037649219,-0.014692378328741965,0.0
1605005303905,0.01040582726326743,-0.01040582726326743,0.0
1605005303938,0.005509641873278237,-0.005509641873278237,0.0
1605005303969,-0.001040582726326743,-0.01768990634755463,0.0
1605005304001,-0.0078125,-0.0166015625,0.0
1605005304033,-0.0107421875,-0.0146484375,0.0
1605005304065,-0.013671875,-0.0107421875,0.0
1605005304098,-0.015610651974288337,-0.010101010101010102,0.0
1605005304145,-0.007695789950203712,-0.0004526935264825713,0.0
1605005304177,-0.0185546875,0.0107421875,0.0
1605005304209,-0.0166015625,0.005859375,0.0
1605005304241,-0.0146484375,0.0087890625,0.0
1605005304274,-0.010101010101010102,0.008264462809917356,0.0
1605005304305,-0.009365244536940686,0.01040582726326743,0.0
1605005304337,-0.001953125,0.01953125,0.0
1605005304369,0.0087890625,0.01953125,0.0
1605005304401,0.0107421875,0.01953125,0.0
1605005304433,0.009765625,0.0068359375,0.0
1605005304466,0.01652892561983471,0.008264462809917356,0.0
1605005304500,0.014705882352941176,0.0,0.0
1605005304546,0.008506616257088847,-0.001890359168241966,0.0
1605005304578,0.0185546875,-0.001953125,0.0
1605005304610,0.0146484375,-0.013671875,0.0
1605005304641,0.01768990634755463,0.0,0.0
1605005304673,0.01171875,-0.0087890625,0.0
1605005304706,0.010101010101010102,-0.0036730945821854912,0.0
1605005304737,-0.001040582726326743,-0.02809573361082206,0.0
1605005304769,0.001953125,-0.013671875,0.0
1605005304800,-0.007284079084287201,-0.021852237252861603,0.0
1605005304833,-0.008264462809917356,-0.014692378328741965,0.0
1605005304866,-0.008264462809917356,-0.009182736455463728,0.0
1605005304898,-0.0126953125,-0.0078125,0.0
1605005304946,-0.006510416666666667,-0.0026041666666666665,0.016918402777777786
1605005304977,-0.014568158168574402,0.0,0.0022675338189386113
1605005305009,-0.015625,0.0087890625,0.0015816406249999915
1605005305041,-0.017578125,0.0107421875,0.0029056640625000074
1605005305073,-0.0146484375,0.01171875,0.0020742187499999953
1605005305105,-0.01171875,0.01171875,0.002462402343750003
1605005305137,-0.0087890625,0.015625,0.0017928710937499814
1605005305169,-0.00390625,0.017578125,0.002240332031250014
1605005305201,0.0,0.01953125,0.0009116210937499813
1605005305234,0.005509641873278237,0.014692378328741965,0.00048668503213957864
1605005305265,0.008324661810613945,0.011446409989594173,0.0010011446409989811
1605005305313,0.004774305555555556,0.004774305555555556,0.000213454861111104
1605005305346,0.011019283746556474,0.0036730945821854912,-0.0001786960514233057
1605005305378,0.01171875,-0.0068359375,-0.00046787109375001634
1605005305409,0.014568158168574402,0.0,0.00024037460978147194
1605005305440,0.015608740894901144,-0.001040582726326743,0.00011394380853277528
1605005305473,0.012855831037649219,-0.004591368227731864,0.002010284664830119
1605005305506,0.014692378328741965,-0.010101010101010102,0.001690266299357233
1605005305537,0.011446409989594173,-0.005202913631633715,-0.0008847034339229978
1605005305570,0.013774104683195593,-0.0027548209366391185,-0.002613223140495891
1605005305601,0.009365244536940686,-0.01040582726326743,-0.0007932362122788575
1605005305633,0.0029296875,-0.0107421875,-0.00017890624999999938
1605005305665,0.0009765625,-0.01171875,-0.00024619140625001257
1605005305713,-0.0030381944444444445,-0.0078125,0.0001251302083333424
1605005305746,-0.008264462809917356,-0.013774104683195593,0.000529935720844787
1605005305778,-0.0107421875,-0.01171875,0.00024990234375002474
1605005305809,-0.012486992715920915,-0.008324661810613945,0.0002752341311134216
1605005305841,-0.013671875,0.0,0.0005353515624999805
1605005305873,-0.0146484375,0.0009765625,0.000837890625000004
1605005305905,-0.013671875,0.00390625,0.001413964843750004
1605005305937,-0.013671875,0.0087890625,0.0017499023437499983
1605005305969,-0.0087890625,0.01171875,0.0013375976562499947
1605005306002,-0.005509641873278237,0.01652892561983471,0.001708264462809913
1605005306033,-0.001040582726326743,0.01768990634755463,0.0006727367325702427
1605005306065,0.0048828125,0.0185546875,0.00045644531249999787
1605005306114,0.004164931278633903,0.007496876301541024,7.909204498126732e-05
1605005306145,0.011446409989594173,0.007284079084287201,-0.0006995837669094766
1605005306177,0.0107421875,0.00390625,-0.0005847656250000111
1605005306210,0.013774104683195593,0.004591368227731864,-0.0007247015610651918
1605005306241,0.011446409989594173,-0.009365244536940686,-0.0008629552549427568
1605005306273,0.015625,0.001953125,-0.0009145507812499953
1605005306305,0.0146484375,-0.005859375,-0.0007896484375000123
1605005306338,0.011019283746556474,-0.011019283746556474,-0.0014447199265380983
1605005306369,0.011446409989594173,-0.013527575442247659,-0.003741207075962548
1605005306402,0.005509641873278237,-0.006427915518824609,-0.002089990817263554
1605005306434,0.0029296875,-0.0068359375,-0.0007982421874999923
1605005306466,-0.001953125,-0.013671875,-0.0003813476562500029
1605005306514,-0.003472222222222222,-0.008680555555555556,-0.000265407986111114
1605005306546,-0.01171875,-0.0185546875,-0.0007046874999999952
1605005306577,-0.012486992715920915,-0.014568158168574402,-0.0013570239334027112
1605005306609,-0.013671875,-0.0107421875,-0.0013948242187499793
1605005306642,-0.012855831037649219,-0.004591368227731864,-0.0008628099173553837
1605005306673,-0.01768990634755463,0.001040582726326743,0.00021768990634756484
1605005306705,-0.0166015625,0.0087890625,0.0003024414062499925
1605005306737,-0.015625,0.01171875,0.00031064453124998725
1605005306769,-0.0126953125,0.017578125,0.0007512695312500151
1605005306801,-0.0068359375,0.01171875,0.0011185546874999952
1605005306834,-0.0018365472910927456,0.01652892561983471,0.0003817263544536412
1605005306867,0.0036730945821854912,0.017447199265381085,-0.00015528007346190493
1605005306914,0.004526935264825713,0.008601177003168854,3.8886373924857135e-05
1605005306945,0.013527575442247659,0.01768990634755463,-0.0005491155046826327
1605005306977,0.0146484375,0.0,-0.0008233398437499928
1605005307009,0.0166015625,0.0048828125,-0.0016328124999999971
1605005307041,0.0185546875,0.005859375,-0.0012157226562500012
1605005307073,0.0166015625,-0.00390625,-0.0010314453125000178
1605005307105,0.0166015625,-0.0087890625,-0.001078710937499977
1605005307137,0.013671875,-0.009765625,0.0
1605005307168,0.011446409989594173,-0.014568158168574402,0.0
1605005307201,0.005509641873278237,-0.013774104683195593,0.0
1605005307233,0.001953125,-0.0166015625,0.0
1605005307266,-0.004591368227731864,-0.017447199265381085,0.0
1605005307313,-0.0036215482118605704,-0.007695789950203712,0.0
1605005307345,-0.009765625,-0.0166015625,0.0
1605005307377,-0.0146484375,-0.0107421875,0.0
1605005307409,-0.0146484375,-0.0078125,0.0
1605005307442,-0.015610651974288337,-0.0018365472910927456,0.0
1605005307473,-0.01768990634755463,0.004162330905306972,0.0
1605005307506,-0.017447199265381085,0.009182736455463728,0.0
1605005307537,-0.015608740894901144,0.015608740894901144,0.0
1605005307568,-0.01040582726326743,0.014568158168574402,0.0
1605005307602,-0.006920415224913495,0.01643598615916955,0.0
1605005307634,-0.0029296875,0.0166015625,0.0
1605005307666,0.0048828125,0.0205078125,0.0
1605005307714,0.00390625,0.006944444444444444,0.0
1605005307747,0.011019283746556474,0.006427915518824609,0.0
1605005307777,0.016666666666666666,0.0044444444444444444,0.0
1605005307809,0.015625,-0.0009765625,0.0
1605005307841,0.0185546875,0.005859375,0.0
1605005307873,0.0185546875,-0.0029296875,0.0
1605005307905,0.017578125,-0.0029296875,0.0
1605005307937,0.017578125,-0.0078125,0.0
1605005307969,0.01171875,-0.0068359375,0.0
1605005308001,0.0078125,-0.0166015625,0.0
1605005308034,0.0027548209366391185,-0.01652892561983471,0.0
1605005308066,-0.0048828125,-0.0224609375,0.0
1605005308114,-0.002170138888888889,-0.006510416666666667,0.0
1605005308145,-0.01040582726326743,-0.02081165452653486,0.0
1605005308178,-0.013774104683195593,-0.01652892561983471,0.0
1605005308210,-0.015625,-0.0126953125,0.0
1605005308242,-0.013671875,-0.005859375,0.0
1605005308273,-0.01768990634755463,-0.003121748178980229,0.0
1605005308305,-0.017578125,0.0009765625,0.0
1605005308337,-0.017578125,0.0087890625,0.0
1605005308370,-0.015610651974288337,0.011937557392102846,0.0
1605005308402,-0.0146484375,0.0205078125,0.0
1605005308434,-0.0048828125,0.013671875,0.0
1605005308466,0.0,0.0166015625,0.0
1605005308513,0.0036215482118605704,0.010864644635581712,0.0
1605005308546,0.011937557392102846,0.020202020202020204,0.0
1605005308577,0.018730489073881373,0.014568158168574402,0.0
1605005308610,0.020202020202020204,0.005509641873278237,0.0
1605005308641,0.023933402705515087,-0.001040582726326743,0.0
1605005308672,0.023933402705515087,-0.002081165452653486,0.0
1605005308705,0.020202020202020204,-0.0018365472910927456,0.0
1605005308737,0.017578125,-0.009765625,-0.04827753906250001
1605005308769,0.0146484375,-0.0087890625,-0.00040771484374999
1605005308801,0.00390625,-0.015625,0.003583007812499983
1605005308835,0.0034602076124567475,-0.01384083044982699,0.0
1605005308881,-0.000945179584120983,-0.007088846880907372,0.0
1605005308913,-0.0087890625,-0.0205078125,0.0
1605005308945,-0.01171875,-0.013671875,0.0
1605005308977,-0.015625,-0.0185546875,0.0
1605005309009,-0.013671875,-0.009765625,0.0
1605005309041,-0.0185546875,-0.0068359375,0.0
1605005309073,-0.0205078125,0.001953125,0.0
1605005309105,-0.0244140625,0.0146484375,0.0
1605005309137,-0.0224609375,0.021484375,0.0
1605005309169,-0.01953125,0.0166015625,0.0
1605005309201,-0.015625,0.005859375,0.0
1605005309233,-0.0048828125,0.001953125,0.0
1605005309283,0.0028,-0.0024,0.0
1605005309314,0.006243496357960458,0.001040582726326743,0.0
1605005309345,0.022892819979188347,-0.003121748178980229,0.0
1605005309377,0.03125,0.0126953125,0.0
1605005309409,0.0517578125,0.037109375,0.0
1605005309441,0.01953125,0.0087890625,0.0
1605005309474,0.010101010101010102,0.0073461891643709825,0.0
1605005309504,0.021111111111111112,-0.0011111111111111111,0.0
1605005309538,0.012975778546712802,-0.009515570934256055,0.0
1605005309569,0.012486992715920915,-0.018730489073881373,0.0
1605005309601,0.0087890625,-0.0234375,0.0
1605005309650,-0.010412328196584756,-0.01790920449812578,0.0
1605005309682,0.0009765625,-0.037109375,0.0
1605005309714,-0.00390625,-0.0400390625,0.0
1605005309745,0.027055150884495317,-0.007284079084287201,0.0
1605005309777,-0.00390625,0.005859375,0.0
1605005309809,-0.009765625,-0.0126953125,0.0
1605005309841,-0.0107421875,-0.0166015625,0.0
1605005309873,0.0244140625,-0.01171875,0.0
