1604988378081,-1.696969696969697,1.0909090909090908,0.0
1604988378113,2.4375,-1.3125,0.0
1604988378146,-2.0606060606060606,1.1515151515151516,0.0
1604988378192,1.5217391304347827,-0.9130434782608695,0.0
1604988378226,-1.9411764705882353,1.588235294117647,0.0
1604988378257,2.129032258064516,-1.7419354838709677,0.0
1604988378288,-2.0,1.6129032258064515,10.886999999999999
1604988378321,2.121212121212121,-1.6363636363636365,-20.101272727272722
1604988378353,-2.125,1.4375,20.654887499999994
1604988378384,2.3225806451612905,-1.4838709677419355,-21.39039354838709
1604988378416,-2.25,1.375,20.701218749999992
1604988378449,2.121212121212121,-1.696969696969697,-20.092921212121205
1604988378481,-2.125,2.0625,20.694243749999995
1604988378513,2.1875,-1.75,-20.683074999999995
1604988378545,-2.0625,2.0,20.721193749999998
1604988378577,1.9375,-2.375,-20.724968749999995
1604988378625,-1.375,1.3333333333333333,13.815274999999998
1604988378658,2.0606060606060606,-2.0606060606060606,-20.08613333333333
1604988378689,-2.2580645161290325,2.2580645161290325,21.377858064516122
1604988378721,2.25,-2.1875,-20.734868749999997
1604988378752,-2.3870967741935485,2.2580645161290325,21.43534838709677
1604988378785,2.242424242424242,-2.4242424242424243,-20.15173333333333
1604988378816,-2.3225806451612905,3.096774193548387,21.47585161290322
1604988378848,2.25,-3.125,-20.829893749999997
1604988378882,-2.1176470588235294,2.9411764705882355,19.59314117647059
1604988378913,2.3870967741935485,-3.3548387096774195,-21.517593548387094
1604988378945,-2.4375,3.3125,20.856168749999995
1604988378994,1.5918367346938775,-2.4081632653061225,-13.653355102040813
1604988379026,-2.4375,3.875,20.867931249999998
1604988379057,2.5161290322580645,-3.7419354838709675,-21.562258064516122
1604988379090,-2.4242424242424243,3.1515151515151514,20.233696969696968
1604988379121,2.6451612903225805,-2.967741935483871,-21.573548387096775
1604988379152,-2.7096774193548385,2.838709677419355,21.569451612903226
1604988379184,2.625,-2.9375,-20.947981249999998
1604988379217,-2.5454545454545454,3.090909090909091,20.291066666666666
1604988379249,2.6875,-3.3125,-20.94180625
1604988379281,-2.8125,3.25,20.926218749999997
1604988379313,2.875,-3.4375,-20.91540625
1604988379346,-2.787878787878788,3.6363636363636362,20.294915151515152
1604988379394,1.9583333333333333,-2.5416666666666665,-13.9503875
1604988379424,-3.1333333333333333,4.0,22.345553333333335
1604988379457,3.1515151515151514,-3.4545454545454546,-20.312642424242423
1604988379489,-3.625,3.25,20.9833625
1604988379522,3.272727272727273,-3.3333333333333335,-20.357842424242424
1604988379553,-2.774193548387097,3.935483870967742,21.728316129032255
1604988379585,2.3125,-4.0,-21.025787499999996
1604988379617,-2.1875,4.0625,21.048062499999993
1604988379649,2.0625,-3.9375,-21.06553749999999
1604988379681,-2.0,3.75,21.12213749999999
1604988379713,2.0,-3.5,-21.10150624999999
1604988379747,-1.8823529411764706,3.176470588235294,19.873529411764693
1604988379793,1.391304347826087,-2.4347826086956523,-14.642256521739125
1604988379826,-1.878787878787879,3.5757575757575757,20.37890909090908
1604988379856,2.0,-3.8666666666666667,-22.38094666666666
1604988379888,-1.875,3.4375,21.013949999999994
1604988379921,1.878787878787879,-3.272727272727273,-20.34329696969696
1604988379953,-1.9375,3.1875,21.001068749999995
1604988379984,2.0,-3.225806451612903,21.001068749999995
1604988380016,-2.25,2.8125,21.001068749999995
1604988380048,2.5625,-2.1875,21.001068749999995
1604988380081,-2.606060606060606,1.7575757575757576,21.001068749999995
1604988380113,2.8125,-1.5625,-29.007824999999997
1604988380145,-2.8125,1.5625,19.399974999999998
1604988380195,1.76,-1.2,-12.405315999999997
1604988380225,-2.8,2.2,20.65077333333333
1604988380256,2.6451612903225805,-1.935483870967742,-19.979580645161285
1604988380289,-2.484848484848485,1.5757575757575757,18.72261212121212
1604988380322,2.5454545454545454,-1.393939393939394,-18.73479393939394
1604988380353,-2.774193548387097,1.3548387096774193,19.955116129032255
1604988380385,2.6875,-1.3125,-19.353149999999996
1604988380416,-2.7096774193548385,1.4193548387096775,19.949038709677414
1604988380449,2.5454545454545454,-1.3333333333333333,-18.736169696969693
1604988380481,-2.75,1.25,19.307624999999994
1604988380513,2.8125,-1.25,-19.331931249999997
1604988380545,-2.75,1.4375,19.33
1604988380593,1.7916666666666667,-0.9583333333333334,-12.898854166666665
1604988380625,-2.75,1.0625,19.338812499999996
1604988380656,2.903225806451613,-0.5161290322580645,-19.95705806451612
1604988380689,-2.6666666666666665,0.06060606060606061,18.624836363636355
1604988380720,2.774193548387097,0.12903225806451613,-19.803464516129022
1604988380753,-2.787878787878788,-0.7272727272727273,18.60023636363636
1604988380784,3.032258064516129,1.4838709677419355,-19.742232258064508
1604988380816,-2.8125,-1.3125,19.09712499999999
1604988380849,2.606060606060606,1.4545454545454546,-18.479733333333325
1604988380880,-2.7096774193548385,-1.8064516129032258,19.61527741935483
1604988380914,2.3529411764705883,1.588235294117647,-17.932770588235286
1604988380945,-2.5161290322580645,-1.8709677419354838,19.63278064516128
1604988380993,1.625,1.25,-12.716091666666662
1604988381025,-2.5,-1.8125,19.064112499999993
1604988381058,2.484848484848485,1.9393939393939394,-18.49615151515151
1604988381089,-2.7096774193548385,-2.2580645161290325,19.664045161290318
1604988381121,2.5625,2.1875,-19.059606249999995
1604988381153,-2.4375,-2.0625,19.054943749999996
1604988381185,2.375,2.0,-19.075987499999997
1604988381218,-2.303030303030303,-1.9393939393939394,18.49958787878787
1604988381249,2.4516129032258065,1.935483870967742,-19.716348387096765
1604988381282,-2.1818181818181817,-1.6363636363636365,18.511860606060598
1604988381314,2.1875,1.625,-19.050606249999994
1604988381347,-2.1818181818181817,-1.7575757575757576,18.476509090909083
1604988381393,1.6956521739130435,1.3478260869565217,-13.259986956521733
1604988381425,-2.75,-2.125,19.109943749999992
1604988381456,3.161290322580645,2.3225806451612905,-19.752619354838696
1604988381489,-2.787878787878788,-2.1818181818181817,18.626648484848474
1604988381521,2.625,2.125,-19.21264999999999
1604988381553,-2.625,-1.875,19.20379374999999
1604988381585,2.625,1.6875,-19.15781874999999
1604988381617,-2.625,-1.75,19.190918749999987
1604988381650,2.5454545454545454,1.696969696969697,-18.56230909090908
1604988381681,-2.6451612903225805,-1.7419354838709677,19.75638709677418
1604988381715,2.3529411764705883,1.6470588235294117,-18.001841176470574
1604988381745,-2.6666666666666665,-1.7333333333333334,20.423479999999984
1604988381793,1.625,0.875,-12.730349999999987
1604988381824,-2.4516129032258065,-0.9032258064516129,19.65938709677417
1604988381857,2.303030303030303,0.7878787878787878,-18.395890909090895
1604988381888,-2.5161290322580645,-1.2903225806451613,19.606238709677406
1604988381921,2.5454545454545454,1.5151515151515151,-18.415242424242415
1604988381952,-2.903225806451613,-1.8064516129032258,19.63518064516128
1604988381984,2.75,1.875,-19.011831249999993
1604988382017,-2.484848484848485,-1.6363636363636365,18.427666666666656
1604988382048,2.7096774193548385,1.5483870967741935,-19.566961290322567
1604988382081,-2.606060606060606,-1.4545454545454546,18.363751515151506
1604988382113,2.75,1.4375,-18.926706249999988
1604988382146,-2.727272727272727,-1.3333333333333333,18.36052727272726
1604988382193,2.0425531914893615,0.9361702127659575,-12.894455319148928
1604988382225,-3.25,-1.5625,18.97462499999999
1604988382257,3.25,1.75,-18.973456249999987
1604988382289,-3.125,-1.75,18.964043749999988
1604988382321,3.125,1.75,-18.988287499999984
1604988382353,-3.25,-1.875,19.014643749999983
1604988382384,3.4193548387096775,2.0,-19.65517419354837
1604988382417,-3.1515151515151514,-1.878787878787879,18.445836363636342
1604988382449,3.1875,1.9375,-19.038193749999976
1604988382481,-3.1875,-1.875,19.029943749999973
1604988382514,3.0303030303030303,1.7575757575757576,-18.470309090909065
1604988382561,-2.0851063829787235,-1.1914893617021276,12.957557446808492
1604988382593,3.0625,1.6875,-19.047856249999978
1604988382625,-3.0625,-1.625,19.04332499999998
1604988382657,3.0625,1.5625,-19.059737499999983
1604988382689,-3.0625,-1.5,19.064031249999978
1604988382720,3.096774193548387,1.4838709677419355,-19.679051612903205
1604988382752,-2.9375,-1.375,18.99858124999998
1604988382784,2.9375,1.375,-19.034112499999978
1604988382818,-2.823529411764706,-1.3529411764705883,17.919035294117627
1604988382849,3.032258064516129,1.6129032258064515,-19.652877419354816
1604988382881,-2.9375,-1.8125,19.059906249999976
1604988382914,2.909090909090909,2.1818181818181817,-18.48423030303028
1604988382962,-2.0,-1.625,12.698212499999984
1604988382994,2.9375,2.375,-19.106574999999978
1604988383026,-2.9375,-2.3125,19.08181874999998
1604988383057,3.032258064516129,2.3225806451612905,-19.71339999999998
1604988383089,-3.0,-2.25,19.05717499999998
1604988383121,3.0,2.3125,-19.09468124999998
1604988383154,-2.9696969696969697,-2.242424242424242,18.52130303030301
1604988383185,3.161290322580645,2.4516129032258065,-19.738329032258047
1604988383216,-3.032258064516129,-2.3870967741935485,19.69018064516127
1604988383249,2.727272727272727,2.1818181818181817,-18.469387878787856
1604988383281,-2.8125,-2.4375,19.04030624999998
1604988383313,2.875,2.6875,-19.04956249999998
1604988383361,-1.9583333333333333,-1.7916666666666667,12.690912499999987
1604988383393,2.9375,2.5625,-19.00098124999998
1604988383425,-2.8125,-2.5,18.97236874999998
1604988383457,2.6875,2.4375,-18.934918749999976
1604988383489,-2.625,-2.5,18.931537499999976
1604988383520,2.903225806451613,2.6451612903225805,-19.531890322580615
1604988383553,-2.8484848484848486,-2.303030303030303,18.311612121212093
1604988383585,2.875,2.0625,-18.84569999999997
1604988383617,-2.875,-2.3125,18.872299999999967
1604988383648,3.096774193548387,2.7096774193548385,-19.43805161290319
1604988383682,-2.9411764705882355,-2.7058823529411766,17.736341176470553
1604988383728,2.260869565217391,2.1739130434782608,-13.10737826086954
1604988383761,-3.1515151515151514,-2.909090909090909,18.266442424242392
1604988383792,3.3548387096774195,2.7096774193548385,-19.336793548387064
1604988383826,-3.0,-2.1176470588235294,17.575747058823502
1604988383857,3.2903225806451615,2.193548387096774,-19.233935483870933
1604988383889,-3.25,-2.25,18.681299999999965
1604988383921,3.3125,2.3125,-18.669087499999964
1604988383952,-3.4193548387096775,-2.064516129032258,19.279412903225772
1604988383984,3.25,1.625,-18.628449999999965
1604988384017,-3.090909090909091,-1.393939393939394,18.065084848484812
1604988384049,3.25,1.625,-18.637424999999965
1604988384097,-2.25,-1.2916666666666667,12.491016666666646
1604988384121,4.583333333333333,2.5833333333333335,-25.044333333333288
1604988384160,-2.8205128205128207,-1.5384615384615385,-25.044333333333288
1604988384193,3.3333333333333335,1.696969696969697,-25.044333333333288
1604988384224,-3.4838709677419355,-1.8709677419354838,-25.044333333333288
1604988384256,3.375,1.9375,-25.044333333333288
1604988384289,-3.4545454545454546,-2.0,-25.044333333333288
1604988384320,3.870967741935484,2.3870967741935485,8.596296774193583
1604988384353,-3.696969696969697,-2.484848484848485,-17.288351515151547
1604988384384,3.935483870967742,2.774193548387097,18.399690322580682
1604988384417,-3.696969696969697,-2.484848484848485,-17.32224848484852
1604988384449,3.8125,2.5,17.895962500000035
1604988384482,-3.6363636363636362,-2.5454545454545454,-17.39370303030306
1604988384513,3.870967741935484,2.7096774193548385,18.50542580645165
1604988384560,-2.5531914893617023,-1.7446808510638299,-12.218770212765984
1604988384593,3.5757575757575757,2.5454545454545454,17.42134545454549
1604988384624,-3.7419354838709675,-2.774193548387097,-18.570561290322622
1604988384656,3.5625,2.6875,17.98733750000004
1604988384689,-3.393939393939394,-2.5454545454545454,-17.488987878787917
1604988384721,3.4375,2.5625,18.00796250000004
1604988384752,-3.5483870967741935,-2.7096774193548385,-18.615696774193587
1604988384784,3.4375,2.75,18.03265000000004
1604988384817,-3.272727272727273,-2.606060606060606,-17.5846060606061
1604988384849,3.3125,2.5625,18.12468750000004
1604988384882,-3.272727272727273,-2.4242424242424243,-17.571406060606098
1604988384913,3.4193548387096775,2.3225806451612905,18.718025806451656
1604988384961,-2.125,-1.1666666666666667,-12.091608333333362
1604988384993,3.125,1.5625,18.18158750000004
1604988385025,-3.1875,-1.625,-18.20300000000004
1604988385056,3.3548387096774195,1.7419354838709677,18.75206451612907
1604988385088,-3.3125,-1.8125,-18.14451250000004
1604988385120,3.375,2.0,18.07581250000004
1604988385152,-3.5,-2.1875,-18.10054375000004
1604988385185,3.393939393939394,2.242424242424242,17.522909090909128
1604988385217,-3.5,-2.375,-18.098256250000034
1604988385249,3.5,2.5,18.060893750000034
1604988385282,-3.4545454545454546,-2.484848484848485,-17.546393939393973
1604988385313,3.7419354838709675,2.7096774193548385,18.69265806451617
1604988385362,-2.4081632653061225,-1.7551020408163265,-11.833053061224513
1604988385392,3.933333333333333,2.8666666666666667,19.28884000000004
1604988385425,-3.5757575757575757,-2.484848484848485,-17.530915151515185
1604988385457,3.75,2.5,18.088337500000033
1604988385488,-3.935483870967742,-2.6451612903225805,-18.719703225806487
1604988385521,3.8181818181818183,2.5454545454545454,17.600733333333366
1604988385553,-4.0,-2.625,-18.142356250000034
1604988385584,4.387096774193548,2.3870967741935485,-18.142356250000034
1604988385617,-4.303030303030303,-2.1818181818181817,7.210357575757543
1604988385649,4.5,2.5625,-15.985593749999964
1604988385683,-4.235294117647059,-2.588235294117647,15.098658823529377
1604988385728,3.2,1.9555555555555555,-11.378115555555528
1604988385761,-4.303030303030303,-2.787878787878788,15.558545454545417
1604988385792,4.516129032258065,2.903225806451613,-16.512864516128992
1604988385824,-4.3125,-2.6875,15.942799999999961
1604988385857,4.0606060606060606,2.787878787878788,-15.423369696969658
1604988385889,-4.0625,-3.1875,15.939312499999957
1604988385921,4.0,3.625,-15.949062499999956
1604988385952,-4.129032258064516,-4.193548387096774,16.40218064516124
1604988385984,3.9375,4.0625,-15.601306249999952
1604988386018,-3.6470588235294117,-3.588235294117647,14.519447058823484
1604988386049,3.935483870967742,4.064516129032258,-15.855129032258015
1604988386083,-3.5294117647058822,-3.8823529411764706,14.471635294117604
1604988386130,2.595744680851064,2.893617021276596,-10.496608510638268
1604988386161,-4.0,-4.516129032258065,16.007664516128987
1604988386193,3.875,4.1875,-15.492831249999957
1604988386225,-3.8125,-4.0,15.501262499999957
1604988386257,3.8125,4.125,-15.469487499999955
1604988386289,-3.8125,-4.3125,15.473093749999954
1604988386321,3.6875,4.3125,15.473093749999954
1604988386352,-3.6774193548387095,-4.387096774193548,15.473093749999954
1604988386385,3.6363636363636362,4.181818181818182,-23.267133333333287
1604988386417,-3.875,-4.5,14.881362499999954
1604988386449,3.6875,4.4375,-14.874437499999955
1604988386481,-3.375,-4.25,14.887381249999956
1604988386529,2.2083333333333335,2.9166666666666665,-9.928724999999972
1604988386562,-3.4545454545454546,-4.545454545454546,14.472442424242383
1604988386594,3.6875,4.875,-14.930274999999957
1604988386625,-3.7419354838709675,-4.967741935483871,15.379890322580602
1604988386657,3.5625,4.8125,-14.90288124999996
1604988386689,-3.5625,-4.9375,14.87353749999996
1604988386721,3.5625,5.0,-14.86306249999996
1604988386752,-3.6774193548387095,-5.290322580645161,15.307851612903184
1604988386784,3.5625,5.1875,-14.82679374999996
1604988386817,-3.515151515151515,-4.96969696969697,14.370563636363597
1604988386849,3.6875,5.0625,-14.85597499999996
1604988386881,-3.75,-5.0,14.85313124999996
1604988386929,2.5416666666666665,3.3333333333333335,-9.897979166666639
1604988386961,-3.875,-5.0,14.810987499999959
1604988386993,3.9375,4.875,-14.83990624999996
1604988387025,-3.9375,-4.6875,14.857149999999962
1604988387056,4.0,4.709677419354839,-15.34613548387093
1604988387088,-3.875,-4.5625,14.887793749999965
1604988387121,3.8181818181818183,4.545454545454546,-14.4659333333333
1604988387152,-4.064516129032258,-4.903225806451613,15.418496774193512
1604988387185,3.757575757575758,4.606060606060606,-14.487812121212087
1604988387218,-3.696969696969697,-4.545454545454546,14.431230303030269
1604988387249,3.935483870967742,4.645161290322581,-15.395464516128994
1604988387281,-3.9375,-4.4375,14.928437499999964
1604988387329,2.5833333333333335,2.7916666666666665,-9.943591666666643
1604988387361,-3.625,-3.4375,14.949156249999962
1604988387392,3.5483870967741935,3.225806451612903,-15.489574193548345
1604988387425,-3.3333333333333335,-3.1515151515151514,14.525678787878746
1604988387456,3.5483870967741935,3.3548387096774195,-15.482148387096728
1604988387489,-3.393939393939394,-3.3333333333333335,14.489648484848441
1604988387520,3.6774193548387095,4.064516129032258,-15.425677419354791
1604988387553,-3.515151515151515,-4.0606060606060606,14.448757575757531
1604988387584,3.7419354838709675,4.32258064516129,-15.402838709677374
1604988387617,-3.515151515151515,-4.0,14.461533333333291
1604988387650,3.4545454545454546,4.0,-14.438248484848444
1604988387681,-3.6129032258064515,-4.258064516129032,15.314961290322536
1604988387729,2.3333333333333335,2.7916666666666665,-9.890370833333305
1604988387761,-3.5,-4.4375,14.850743749999955
1604988387792,3.5483870967741935,4.838709677419355,-15.382593548387048
1604988387825,-3.212121212121212,-4.666666666666667,14.460999999999954
1604988387857,3.1875,4.8125,-14.852768749999953
1604988387889,-3.125,-4.75,14.816674999999952
1604988387920,3.225806451612903,4.838709677419355,-15.282761290322531
1604988387953,-2.9696969696969697,-4.666666666666667,14.410636363636318
1604988387985,3.3125,4.875,-14.883981249999954
1604988388016,-3.7419354838709675,-5.290322580645161,15.380851612903179
1604988388050,3.5294117647058822,5.235294117647059,-14.012476470588194
1604988388097,-2.595744680851064,-3.9574468085106385,10.164131914893588
1604988388129,3.875,5.875,-14.957499999999959
1604988388160,-4.0,-6.193548387096774,15.49334838709673
1604988388192,3.8125,5.9375,-14.98796874999996
1604988388224,-3.6875,-5.875,14.988449999999961
1604988388256,3.625,5.75,-14.924331249999963
1604988388289,-3.515151515151515,-5.636363636363637,14.482636363636328
1604988388320,3.7419354838709675,6.516129032258065,-15.486819354838671
1604988388352,-3.625,-6.375,15.058106249999963
1604988388385,3.515151515151515,6.242424242424242,-14.580303030302991
1604988388417,-3.625,-6.5,15.020699999999957
1604988388449,3.625,6.4375,-14.993187499999955
1604988388497,-2.4166666666666665,-4.416666666666667,10.015662499999971
1604988388529,3.625,6.75,-15.040556249999957
1604988388561,-3.5625,-6.75,15.064174999999958
1604988388592,3.6129032258064515,6.709677419354839,-15.541496774193506
1604988388625,-3.272727272727273,-6.0606060606060606,14.619454545454508
1604988388657,3.25,6.125,-15.03117499999996
1604988388689,-3.1875,-6.125,15.026637499999959
1604988388721,3.1875,6.25,-14.987399999999958
1604988388753,-3.0625,-6.125,-14.987399999999958
1604988388785,2.875,5.6875,-14.987399999999958
1604988388817,-2.625,-4.9375,-14.987399999999958
1604988388850,2.3636363636363638,4.121212121212121,11.80349090909095
1604988388882,-2.375,-4.0625,-21.40555000000004
1604988388929,1.5319148936170213,2.723404255319149,14.613659574468114
1604988388961,-2.1875,-3.9375,-21.47014375000004
1604988388992,2.129032258064516,3.870967741935484,22.167270967741974
1604988389025,-1.696969696969697,-3.090909090909091,-20.814842424242464
1604988389057,1.5625,2.9375,21.444431250000036
1604988389089,-1.6875,-3.5625,-21.47905625000004
1604988389120,2.0,4.516129032258065,22.15620645161294
1604988389153,-1.8181818181818181,-4.303030303030303,-20.79724242424246
1604988389185,1.75,4.125,21.394312500000037
1604988389216,-1.8064516129032258,-4.064516129032258,-22.062458064516168
1604988389250,1.5294117647058822,3.2941176470588234,20.083741176470625
1604988389299,-1.0204081632653061,-2.122448979591837,-13.960926530612271
1604988389330,1.6129032258064515,3.6774193548387095,22.08213548387101
1604988389361,-1.7419354838709677,-4.258064516129032,-22.137045161290374
1604988389393,1.875,4.75,21.41927500000005
1604988389425,-1.875,-5.0,-21.510662500000045
1604988389456,1.6774193548387097,4.774193548387097,22.2115032258065
1604988389488,-1.5625,-4.5625,-21.48703125000005
1604988389520,1.625,5.0,21.511350000000053
1604988389552,-1.375,-4.625,-21.532806250000057
1604988389585,1.1515151515151516,3.6363636363636362,20.84436969696975
1604988389618,-1.1515151515151516,-4.0606060606060606,-20.89664848484854
1604988389650,1.1875,3.9375,21.50432500000006
1604988389697,-0.8085106382978723,-2.851063829787234,-14.706723404255355
1604988389730,1.0909090909090908,3.696969696969697,20.958206060606113
1604988389761,-1.1612903225806452,-4.32258064516129,-22.339741935483932
1604988389793,1.0625,3.9375,21.58974375000006
1604988389825,-1.0625,-3.0625,-21.636793750000063
1604988389861,1.9444444444444444,3.2222222222222223,19.056438888888945
