1604988318496,-0.007243096423721141,0.006337709370755998,0.0
1604988318528,-0.0126953125,0.0126953125,0.0
1604988318560,-0.01171875,0.01171875,0.0
1604988318591,-0.011446409989594173,0.019771071800208116,0.0
1604988318624,-0.009182736455463728,0.01652892561983471,-0.01375390266299358
1604988318655,-0.006243496357960458,0.01768990634755463,0.004835379812695123
1604988318687,-0.00390625,0.015625,0.0038315429687499902
1604988318720,-0.0027548209366391185,0.011937557392102846,0.0034709825528007328
1604988318753,-0.0009182736455463728,0.011019283746556474,0.0030060606060606206
1604988318783,0.0,0.011111111111111112,0.002915666666666665
1604988318816,-0.0009182736455463728,0.008264462809917356,0.002009182736455453
1604988318848,0.0,0.0078125,0.0015391601562499968
1604988318896,0.0,0.0030381944444444445,0.000420486111111118
1604988318927,0.002081165452653486,0.007284079084287201,0.00034817898022892265
1604988318961,0.0,0.0025951557093425604,0.00021375432525950604
1604988318991,0.0,-0.0022222222222222222,0.00014755555555555905
1604988319024,0.0009182736455463728,0.0073461891643709825,0.00029651056014692764
1604988319055,0.0,0.004162330905306972,0.00023413111342351125
1604988319088,0.0,0.0018365472910927456,0.00022332415059687937
1604988319119,-0.001040582726326743,-0.001040582726326743,-0.00026482830385016366
1604988319153,-0.0008650519031141869,0.0017301038062283738,-0.000723615916955018
1604988319185,0.0,0.0029296875,-0.0011940429687499754
1604988319216,-0.003121748178980229,-0.003121748178980229,-0.0020238293444329015
1604988319248,-0.0009765625,0.001953125,-0.0024721679687499942
1604988319296,-0.0008680555555555555,0.0013020833333333333,-0.0012958333333333355
1604988319328,-0.0029296875,-0.0048828125,-0.003311328124999985
1604988319360,-0.001953125,0.001953125,-0.0033751953124999956
1604988319393,-0.0027548209366391185,-0.0009182736455463728,-0.0032528925619834848
1604988319424,-0.003121748178980229,0.001040582726326743,-0.0041173777315296435
1604988319456,-0.0029296875,-0.0009765625,-0.004093652343750004
1604988319488,-0.001953125,0.0009765625,-0.004452246093750001
1604988319520,-0.001953125,0.0,-0.004615332031250002
1604988319552,-0.001953125,0.0009765625,-0.004343457031249998
1604988319584,-0.001953125,0.0,0.0
1604988319617,-0.0018365472910927456,-0.0027548209366391185,-0.007584022038567506
1604988319649,-0.0009765625,0.0009765625,-0.003857519531249992
1604988319697,0.0008680555555555555,0.0008680555555555555,-0.001782812499999996
1604988319730,-0.0018365472910927456,-0.0018365472910927456,-0.0028337006427915606
1604988319761,0.0,0.002081165452653486,-0.0034523413111342376
1604988319792,-0.001040582726326743,0.0,-0.0027959417273673345
1604988319825,-0.0018365472910927456,-0.0009182736455463728,-0.0017364554637281828
1604988319856,0.0,0.0,-0.0015893860561914674
1604988319888,-0.0009765625,0.0,-0.0010178710937500113
1604988319920,-0.0009765625,-0.001953125,-0.00030292968749998095
1604988319952,0.0,0.0,5.0390624999979705e-05
1604988319983,0.0,0.001040582726326743,0.0007492195629552834
1604988320016,-0.0009182736455463728,0.0,0.0004320477502295565
1604988320065,0.0008329862557267805,0.0012494793835901709,0.0005736359850062436
1604988320096,0.0,-0.002081165452653486,0.002108740894901143
1604988320128,0.0,-0.0009765625,0.002111328125000006
1604988320159,0.002081165452653486,0.002081165452653486,0.0026201873048907393
1604988320191,0.0,-0.001953125,0.0030743164062499995
1604988320224,0.0018365472910927456,0.0,0.0030674931129476505
1604988320256,0.0009765625,-0.0009765625,0.0
1604988320288,0.001953125,-0.0009765625,0.0
1604988320319,0.001040582726326743,-0.001040582726326743,0.011541519250780459
1604988320352,0.0,-0.0018365472910927456,0.003669237832874199
1604988320384,0.0009765625,-0.001953125,0.004034667968749989
1604988320416,0.001953125,0.0,0.003967675781250013
1604988320464,0.0008680555555555555,0.0,0.0017432725694444355
1604988320496,0.001953125,0.0,0.004089453125000003
1604988320528,0.0009765625,-0.001953125,0.003357617187499995
1604988320560,0.0029296875,0.0,0.0030443359375000034
1604988320592,0.001953125,-0.001953125,0.003138867187500005
1604988320623,0.002081165452653486,0.0,0.0029636836628511845
1604988320655,0.001953125,-0.0009765625,0.0029332031250000057
1604988320688,0.0018365472910927456,-0.0009182736455463728,0.0026651056014692347
1604988320721,0.0018365472910927456,-0.0009182736455463728,0.0023404040404040372
1604988320752,0.001040582726326743,0.0,0.002322476586888683
1604988320784,0.0009765625,-0.001953125,0.001846582031249988
1604988320817,0.0009182736455463728,0.0,0.0010673094582185378
1604988320848,0.001040582726326743,-0.001040582726326743,-0.00019302809573360088
1604988320896,0.00043402777777777775,0.0,-0.00012539062499999302
1604988320928,0.0,-0.0009765625,-0.00026708984375001243
1604988320960,0.0,0.0,-0.00028320312499999223
1604988320991,0.0,0.002081165452653486,-8.012486992715732e-05
1604988321024,-0.0009182736455463728,0.0,-0.0004758494031221371
1604988321055,-0.002081165452653486,0.002081165452653486,-0.00045306971904268006
1604988321088,-0.0009182736455463728,0.0,-0.0012920110192837302
1604988321120,-0.001953125,0.0009765625,-0.0019790039062499987
1604988321152,-0.001953125,0.0,-0.0026881835937500043
1604988321183,-0.002081165452653486,0.001040582726326743,-0.0028634755463059344
1604988321217,-0.0017301038062283738,0.0008650519031141869,-0.002615484429065755
1604988321248,-0.002081165452653486,0.001040582726326743,-0.003222372528616023
1604988321296,-0.0008680555555555555,0.00043402777777777775,-0.0014292968749999918
1604988321328,-0.0009765625,0.0009765625,-0.003693261718750007
1604988321360,-0.0009765625,0.0009765625,-0.0029886718749999874
1604988321392,-0.0009765625,-0.0009765625,-0.003447656250000014
1604988321424,-0.001953125,0.0009765625,-0.003554101562499995
1604988321457,-0.0009182736455463728,0.0009182736455463728,-0.003164279155188241
1604988321487,-0.0011111111111111111,0.0011111111111111111,-0.004412555555555571
1604988321519,-0.0009765625,0.0009765625,-0.0033737304687500025
1604988321552,-0.0009182736455463728,0.0,-0.002658585858585848
1604988321584,-0.0009765625,0.0009765625,-0.003184667968749999
1604988321617,0.0,-0.0027548209366391185,-0.002673921028466486
1604988321664,0.0004526935264825713,0.0022634676324128564,-0.0012220009053870516
1604988321696,0.0048828125,0.001953125,-0.0022168945312500132
1604988321727,-0.004162330905306972,-0.003121748178980229,-0.001986472424557744
1604988321760,0.0,0.0,-0.0013740128558310293
1604988321792,0.00390625,0.0029296875,-0.001440332031250019
1604988321823,-0.001040582726326743,-0.001040582726326743,-0.0008667013527575391
1604988321856,0.0009182736455463728,0.0,-0.0007094582185491119
1604988321888,-0.0009765625,-0.0009765625,-0.0003855468750000035
1604988321921,0.0,0.0,-1.9375573921045294e-05
1604988321952,0.0,0.001040582726326743,0.00024131113423519712
1604988321984,0.0009765625,0.0029296875,0.00042666015624998055
1604988322017,-0.0009182736455463728,0.0,0.0009899908172635503
1604988322064,0.0,-0.0004526935264825713,0.0004435038478949788
1604988322096,0.0009765625,-0.0009765625,0.0013214843749999872
1604988322127,0.0,-0.001040582726326743,0.0023056191467221627
1604988322160,-0.0018365472910927456,-0.0027548209366391185,0.0021719008264462956
1604988322191,0.0,-0.003121748178980229,0.0027572320499479664
1604988322224,0.0009182736455463728,-0.0009182736455463728,0.0
1604988322256,0.0009765625,0.0,0.004797460937499998
1604988322288,0.0009765625,-0.001953125,0.0031783203125000103
1604988322319,0.0,0.001040582726326743,0.0033821019771071575
1604988322352,0.0009182736455463728,-0.0018365472910927456,0.003248025711662084
1604988322384,0.0009765625,0.0,0.003301660156249997
1604988322418,0.0008650519031141869,0.0008650519031141869,0.002971193771626291
1604988322464,0.0004725897920604915,0.0,0.0015610113421550098
1604988322496,0.001953125,0.0009765625,0.003531738281250002
1604988322527,0.001040582726326743,0.001040582726326743,0.0033448491155046952
1604988322559,0.0009765625,0.0,0.0029876953124999828
1604988322592,0.0009182736455463728,0.0009182736455463728,0.002407621671258045
1604988322624,0.0009765625,-0.0009765625,0.0028240234374999895
1604988322656,0.0009765625,0.0,0.002358789062500005
1604988322688,0.001953125,-0.0009765625,0.00215439453125002
1604988322720,0.0009765625,0.0,0.0015307617187499956
1604988322752,0.001953125,-0.0009765625,0.0016812499999999952
1604988322784,0.0009765625,-0.001953125,0.0016973632812500028
1604988322816,0.0009765625,-0.0009765625,0.0015333007812499966
1604988322865,0.00041649312786339027,0.00041649312786339027,0.0009170345689296091
1604988322896,0.002081165452653486,0.0,0.0006958376690946943
1604988322928,0.001953125,0.0,-0.0007156249999999975
1604988322959,0.0,0.0,-0.00042819979188344384
1604988322992,-0.0009182736455463728,-0.0018365472910927456,-0.00026978879706152846
1604988323024,-0.0029296875,-0.0029296875,-0.0004203124999999919
1604988323056,0.0009765625,0.005859375,0.00032968749999998104
1604988323088,-0.0009765625,0.001953125,-0.00036064453124998175
1604988323120,-0.0009765625,0.0009765625,-0.001007324218750022
1604988323152,-0.001953125,0.0,-0.0015421874999999863
1604988323184,-0.0009765625,0.0009765625,-0.00246679687500001
1604988323216,-0.001953125,0.0,-0.002321484374999988
1604988323264,-0.0008680555555555555,0.0008680555555555555,-0.001246831597222226
1604988323296,-0.001953125,0.0009765625,-0.0029883789062500055
1604988323328,-0.001953125,0.0009765625,-0.0030644531249999774
1604988323359,-0.002081165452653486,0.002081165452653486,-0.0032934443288241627
1604988323392,-0.0027548209366391185,0.0018365472910927456,-0.002992102846648296
1604988323424,-0.0029296875,0.001953125,-0.0035195312499999853
1604988323456,-0.001953125,0.001953125,-0.003916699218750014
1604988323487,-0.003121748178980229,0.001040582726326743,-0.0036456815816857465
1604988323520,-0.0018365472910927456,0.0027548209366391185,-0.0033372819100091792
1604988323552,-0.0029296875,0.0009765625,-0.00325546874999999
1604988323584,-0.0009765625,-0.0009765625,-0.003176074218750019
1604988323616,-0.001953125,0.001953125,-0.0037240234375000014
1604988323666,-0.0008,0.0004,-0.0013224799999999959
1604988323698,0.0029296875,0.00390625,-0.0031400390624999885
1604988323728,0.0,0.0,-0.0037752222222222384
1604988323760,-0.005859375,-0.00390625,-0.0028764648437500095
1604988323792,0.00390625,0.0029296875,-0.0027300781249999795
1604988323824,0.0,-0.001953125,-0.0024669921875000167
1604988323860,0.0,-0.0007716049382716049,-0.000994907407407408
1604988323888,0.0,-0.0012755102040816326,-0.001713010204081619
1604988323920,0.0,-0.001953125,-0.0007127929687500145
1604988323952,0.0009765625,0.001953125,-0.00029755859374999694
1604988323985,0.0,0.0,0.00011551882460973199
1604988324032,0.0,0.0,0.00026754187415120335
1604988324064,0.0,0.001953125,0.0018056640625000175
1604988324096,0.0,0.0009765625,0.001609960937499988
1604988324128,0.0009765625,-0.001953125,0.0018861328124999965
1604988324160,0.0,-0.0009765625,0.002459765624999999
1604988324192,0.0009765625,-0.001953125,0.0023452148437499987
1604988324223,0.001040582726326743,-0.001040582726326743,0.0031989594172736635
1604988324255,0.0009765625,-0.0009765625,0.0
1604988324287,-0.0009765625,-0.001953125,0.006207617187500014
1604988324320,0.0018365472910927456,-0.0009182736455463728,0.0030168044077135046
1604988324352,0.001953125,0.0,0.0032592773437500056
1604988324385,0.0009182736455463728,-0.0018365472910927456,0.003053902662993557
1604988324417,0.001953125,-0.0009765625,0.0032458007812500023
1604988324464,0.0004526935264825713,-0.0004526935264825713,0.001589406971480306
1604988324495,0.002081165452653486,0.0,0.003521748178980228
1604988324528,0.0018365472910927456,-0.0009182736455463728,0.0029616161616161625
1604988324560,0.001953125,-0.0009765625,0.002852441406250017
1604988324592,0.001953125,-0.0009765625,0.002771484374999994
1604988324624,0.001953125,-0.001953125,0.002799707031249987
1604988324656,0.0029296875,-0.0009765625,0.0023028320312500072
1604988324688,0.001953125,-0.0029296875,0.002436718750000011
1604988324720,0.001953125,-0.0009765625,0.002670312499999994
1604988324752,0.001953125,-0.001953125,0.002392675781249992
1604988324784,0.0009765625,-0.001953125,0.0019826171875000076
1604988324816,0.0009765625,-0.0009765625,0.0021570312499999966
1604988324864,0.00043402777777777775,-0.0008680555555555555,0.000709157986111116
1604988324895,0.001040582726326743,0.0,0.0017371488033298605
1604988324928,0.0,-0.0009182736455463728,0.001297153351698804
1604988324961,0.0018365472910927456,-0.0009182736455463728,-0.0006619834710743805
1604988324992,0.001040582726326743,-0.002081165452653486,-0.00042528616024975057
1604988325024,0.0,0.0,-0.00011669921874998823
1604988325056,0.0,0.0009765625,8.437499999999765e-05
1604988325088,0.0009765625,0.0,0.00010947265624999813
1604988325120,0.0,-0.00390625,-0.0003407226562500143
1604988325152,0.0,-0.0078125,-0.001518261718749997
1604988325185,0.0,-0.012855831037649219,-0.0023231404958677666
1604988325232,0.0,-0.007695789950203712,-0.0015614757808963303
1604988325265,-0.0009182736455463728,-0.02203856749311295,-0.0035657483930211322
1604988325296,0.0,-0.030176899063475548,-0.004103746097814754
1604988325328,-0.0009765625,-0.03125,-0.004115332031250002
1604988325360,-0.0009765625,-0.0244140625,-0.0044355468750000016
1604988325391,-0.004162330905306972,-0.01768990634755463,-0.004444016649323626
1604988325423,0.0126953125,-0.01171875,-0.00533066406249999
