1604995242792,-0.005859375,0.0205078125,0.0015647460937499857
1604995242839,-0.0036215482118605704,0.004526935264825713,0.0
1604995242888,-0.003331945022907122,-0.004581424406497293,-0.024860974593919193
1604995242917,0.022592152199762187,-0.005945303210463734,0.0
1604995242936,-0.008310249307479225,0.0110803324099723,-0.082301108033241
1604995242968,-0.0029296875,0.0048828125,-0.0062712890625000045
1604995242999,-0.004162330905306972,0.003121748178980229,0.0
1604995243032,-0.0036730945821854912,0.0027548209366391185,0.0
1604995243063,-0.003121748178980229,0.004162330905306972,0.0
1604995243096,-0.0036730945821854912,0.0027548209366391185,0.0
1604995243128,-0.0029296875,0.0048828125,0.0
1604995243160,-0.001953125,0.005859375,0.0
1604995243193,-0.0018365472910927456,0.005509641873278237,0.0
1604995243239,-0.0014177693761814746,0.0023629489603024575,0.0
1604995243271,-0.0048828125,0.009765625,0.0
1604995243303,-0.0087890625,0.0126953125,0.0
1604995243336,-0.011019283746556474,0.011019283746556474,0.0
1604995243368,-0.013671875,0.009765625,0.0
1604995243401,-0.013774104683195593,0.010101010101010102,0.0
1604995243431,-0.015555555555555555,0.01,0.0
1604995243464,-0.013774104683195593,0.008264462809917356,0.0
1604995243496,-0.0126953125,0.0146484375,0.0
1604995243527,-0.013527575442247659,0.011446409989594173,0.0
1604995243560,-0.008264462809917356,0.005509641873278237,0.0
1604995243592,-0.0068359375,0.001953125,0.013915917968749983
1604995243640,-0.002170138888888889,-0.00043402777777777775,0.00033185763888888956
1604995243672,-0.00390625,0.0009765625,0.000413574218750018
1604995243703,-0.005202913631633715,-0.002081165452653486,0.0007272632674297404
1604995243736,-0.0027548209366391185,-0.0036730945821854912,-0.00012736455463728194
1604995243767,-0.005202913631633715,-0.008324661810613945,0.0
1604995243800,-0.004591368227731864,-0.011019283746556474,0.0
1604995243832,-0.0068359375,-0.013671875,0.0
1604995243864,-0.0107421875,-0.013671875,0.0
1604995243895,-0.013527575442247659,-0.009365244536940686,0.0
1604995243927,-0.015625,-0.0048828125,-0.0017821289062499857
1604995243960,-0.015610651974288337,0.0,0.0001639118457300142
1604995243992,-0.0166015625,0.0048828125,0.0006449218750000096
1604995244040,-0.007378472222222222,0.0030381944444444445,0.0005289496527777832
1604995244072,-0.0146484375,0.0126953125,0.0
1604995244103,-0.012486992715920915,0.015608740894901144,0.0
1604995244136,-0.0073461891643709825,0.015610651974288337,0.0
1604995244168,-0.0029296875,0.0185546875,0.0
1604995244199,0.0,0.018730489073881373,0.0
1604995244231,0.005859375,0.0185546875,0.0
1604995244264,0.008264462809917356,0.015610651974288337,0.0
1604995244296,0.0126953125,0.013671875,0.0
1604995244328,0.0166015625,0.009765625,0.0
1604995244360,0.0185546875,0.00390625,0.0
1604995244393,0.018365472910927456,-0.0018365472910927456,0.0
1604995244439,0.010396975425330813,0.0,0.0
1604995244471,0.017578125,-0.01171875,0.0
1604995244504,0.017447199265381085,-0.009182736455463728,0.0
1604995244536,0.01171875,-0.021484375,-0.004940625000000004
1604995244567,0.01040582726326743,-0.019771071800208116,0.0
1604995244600,0.006427915518824609,-0.018365472910927456,0.0
1604995244631,0.004162330905306972,-0.022892819979188347,0.0
1604995244663,-0.001953125,-0.021484375,0.0
1604995244696,-0.005509641873278237,-0.018365472910927456,0.0
1604995244743,-0.004074241738343142,-0.007695789950203712,0.0
1604995244767,-0.022569444444444444,-0.022569444444444444,0.0
1604995244792,-0.0256,-0.0144,0.018103999999999995
1604995244840,-0.0078125,-0.001736111111111111,-8.155381944445021e-05
1604995244871,-0.018730489073881373,0.0,0.0003909469302809519
1604995244904,-0.018365472910927456,0.0036730945821854912,0.000778787878787894
1604995244936,-0.01953125,0.009765625,0.0
1604995244967,-0.019771071800208116,0.012486992715920915,0.0
1604995244999,-0.015625,0.0166015625,0.0
1604995245032,-0.015610651974288337,0.01652892561983471,0.0
1604995245063,-0.005202913631633715,0.026014568158168574,0.0
1604995245096,-0.0036730945821854912,0.020202020202020204,0.0
1604995245128,0.001953125,0.0224609375,0.0
1604995245162,0.006055363321799308,0.018166089965397925,0.0
1604995245207,0.005925925925925926,0.008395061728395062,0.0
1604995245239,0.0146484375,0.0126953125,0.0
1604995245272,0.017447199265381085,0.005509641873278237,0.0
1604995245303,0.021852237252861603,0.0,0.0
1604995245335,0.021484375,-0.001953125,0.0
1604995245367,0.0205078125,-0.0078125,0.0
1604995245399,0.0185546875,-0.0126953125,0.0
1604995245431,0.0185546875,-0.0126953125,0.0
1604995245463,0.0146484375,-0.017578125,0.0
1604995245496,0.008264462809917356,-0.017447199265381085,0.0
1604995245529,0.004591368227731864,-0.01928374655647383,0.0
1604995245560,-0.002081165452653486,-0.018730489073881373,0.0
1604995245608,0.0,-0.006510416666666667,0.0
1604995245639,-0.009365244536940686,-0.015608740894901144,0.0
1604995245671,-0.009765625,-0.01171875,0.0
1604995245703,-0.013671875,-0.0078125,0.0
1604995245736,-0.014692378328741965,-0.0036730945821854912,0.0
1604995245767,-0.018730489073881373,0.002081165452653486,0.0
1604995245800,-0.01928374655647383,0.005509641873278237,0.0
1604995245831,-0.018730489073881373,0.01040582726326743,0.0
1604995245863,-0.0166015625,0.013671875,0.0
1604995245895,-0.013671875,0.0166015625,0.0
1604995245929,-0.00865051903114187,0.01643598615916955,0.033296453287197235
1604995245960,-0.006243496357960458,0.019771071800208116,0.002422580645161297
1604995246008,-0.00043402777777777775,0.009114583333333334,0.0005562934027777658
1604995246041,0.004591368227731864,0.018365472910927456,-0.0004838383838383687
1604995246072,0.008324661810613945,0.015608740894901144,-0.0005843912591050974
1604995246103,0.013527575442247659,0.015608740894901144,-0.0003921956295525559
1604995246135,0.015625,0.0107421875,-0.0009552734374999872
1604995246167,0.0166015625,0.005859375,-0.002006250000000015
1604995246199,0.01953125,-0.001953125,-0.0002535156250000059
1604995246246,0.008601177003168854,-0.0022634676324128564,-0.0004393843368039793
1604995246274,0.02295918367346939,-0.01403061224489796,-0.000844897959183662
1604995246295,0.03854875283446712,-0.027210884353741496,-0.003739455782312935
1604995246328,0.011937557392102846,-0.014692378328741965,-0.0010412304866850425
1604995246360,0.009765625,-0.0185546875,-0.0006666015624999799
1604995246407,0.0022634676324128564,-0.009053870529651425,-0.00018139429606156654
1604995246439,-0.001953125,-0.0205078125,0.0017749999999999988
1604995246472,-0.0036730945821854912,-0.015610651974288337,0.0009974288337924618
1604995246504,-0.0068359375,-0.0146484375,0.0006833007812500069
1604995246535,-0.007284079084287201,-0.013527575442247659,0.0007229968782518071
1604995246568,-0.010101010101010102,-0.008264462809917356,0.0010089990817263648
1604995246600,-0.0107421875,-0.0068359375,0.0007975585937499974
1604995246631,-0.014568158168574402,0.0,0.001481061394380836
1604995246663,-0.0146484375,0.0048828125,0.0024123046875000054
1604995246697,-0.012975778546712802,0.007785467128027681,0.0019188581314878857
1604995246728,-0.013527575442247659,0.012486992715920915,0.002454734651404796
1604995246760,-0.01171875,0.0146484375,0.002371679687499989
1604995246807,-0.0036215482118605704,0.007243096423721141,0.0010172928927116437
1604995246840,-0.0036730945821854912,0.018365472910927456,0.0014620752984389267
1604995246872,0.0009765625,0.017578125,0.0013711914062499997
1604995246904,0.005859375,0.0185546875,0.0006027343749999969
1604995246935,0.01040582726326743,0.01664932362122789,0.0015475546305931335
1604995246967,0.01171875,0.0126953125,0.0008970703124999979
1604995246999,0.0146484375,0.0078125,-0.0006254882812500029
1604995247031,0.015625,0.001953125,-0.001384960937499985
1604995247063,0.0166015625,-0.001953125,-0.001270605468750019
1604995247095,0.017578125,-0.00390625,-0.00048818359374999676
1604995247143,0.007378472222222222,-0.00390625,-0.0006445746527777728
1604995247162,0.04155124653739612,-0.0332409972299169,-0.00672548476454292
1604995247208,0.006143667296786389,-0.006143667296786389,-0.0011507088846880902
1604995247239,0.01040582726326743,-0.01768990634755463,-0.001610405827263285
1604995247271,0.00390625,-0.015625,7.109375000000084e-05
1604995247303,-0.0009765625,-0.0166015625,0.0005787109375000044
1604995247335,-0.0048828125,-0.015625,0.000998242187499998
1604995247367,-0.005859375,-0.013671875,0.0007978515625000071
1604995247399,-0.0068359375,-0.009765625,0.0009227539062499901
1604995247431,-0.009765625,-0.005859375,0.0009587890625000206
1604995247464,-0.010101010101010102,-0.0018365472910927456,0.0012643709825527804
1604995247496,-0.01171875,0.001953125,0.0015465820312500211
1604995247527,-0.012486992715920915,0.005202913631633715,0.0023905306971904045
1604995247561,-0.009515570934256055,0.007785467128027681,0.001835899653979235
1604995247608,-0.004074241738343142,0.005885015844273427,0.0008196016296967038
1604995247639,-0.006243496357960458,0.014568158168574402,0.0016945889698231035
1604995247671,-0.001953125,0.0166015625,0.0014624023437500022
1604995247704,0.0018365472910927456,0.015610651974288337,0.000574747474747476
1604995247735,0.005202913631633715,0.019771071800208116,0.0014738813735691797
1604995247768,0.0073461891643709825,0.01652892561983471,0.0014311294765840307
1604995247799,0.011446409989594173,0.013527575442247659,0.0004396462018730335
1604995247831,0.0126953125,0.0107421875,4.0722656250019584e-05
1604995247864,0.013774104683195593,0.0036730945821854912,-0.001167860422405889
1604995247896,0.0126953125,0.0,-0.0014109374999999869
1604995247929,0.014692378328741965,-0.0027548209366391185,-0.0008292929292929507
1604995247976,0.007243096423721141,-0.0022634676324128564,-0.0004768673607967325
1604995248008,0.0126953125,-0.0087890625,-0.0004073242187500048
1604995248039,0.013527575442247659,-0.014568158168574402,-0.00012726326742975612
1604995248072,0.005509641873278237,-0.014692378328741965,-0.0015388429752066202
1604995248103,0.003121748178980229,-0.019771071800208116,0.00017877211238295405
1604995248135,-0.0029296875,-0.0166015625,0.0002268554687499813
1604995248167,-0.005859375,-0.015625,0.0009805664062499941
1604995248200,-0.005509641873278237,-0.014692378328741965,-0.0008179981634526946
1604995248232,-0.0078125,-0.0107421875,-0.000590527343750008
1604995248264,-0.01171875,-0.0107421875,-0.0010936523437500012
1604995248296,-0.009765625,-0.01171875,-0.0025097656249999933
1604995248328,-0.01171875,-0.0078125,-0.0021443359374999915
1604995248376,-0.005642361111111111,0.0,-0.00016579861111111328
1604995248407,-0.01664932362122789,0.007284079084287201,0.0014275754422476404
1604995248441,-0.012975778546712802,0.009515570934256055,0.0018628892733564084
1604995248471,-0.015555555555555555,0.017777777777777778,0.002601555555555548
1604995248503,-0.009765625,0.0166015625,0.002057910156250009
1604995248535,-0.005859375,0.01953125,0.002094042968750015
1604995248567,0.0,0.021484375,0.001355761718749987
1604995248599,0.00390625,0.021484375,0.0010789062500000113
1604995248632,0.008264462809917356,0.017447199265381085,0.0006289256198347098
1604995248664,0.0126953125,0.015625,-0.00041406250000000644
1604995248696,0.0146484375,0.009765625,-0.0010555664062500136
1604995248729,0.014692378328741965,0.0027548209366391185,-0.002120661157024777
1604995248776,0.006337709370755998,-0.0022634676324128564,-0.0012240832956088763
1604995248808,0.0166015625,-0.005859375,-0.002850195312499998
1604995248839,0.01664932362122789,-0.011446409989594173,-0.003805306971904274
1604995248872,0.013774104683195593,-0.011937557392102846,-0.0033922865013774057
1604995248903,0.009365244536940686,-0.019771071800208116,-0.0038341311134235056
1604995248935,0.005859375,-0.01953125,-0.0022140625000000025
1604995248967,-0.0009765625,-0.0205078125,-0.0017273437499999988
1604995248999,-0.0068359375,-0.021484375,0.0007400390625000031
1604995249032,-0.0073461891643709825,-0.017447199265381085,-0.00016023875114786336
1604995249063,-0.011446409989594173,-0.01768990634755463,-0.0012193548387096674
1604995249097,-0.010380622837370242,-0.010380622837370242,-0.0009905709342560424
1604995249128,-0.014568158168574402,-0.009365244536940686,-0.001428824141519274
1604995249175,-0.006337709370755998,-0.003168854685377999,-0.0002823902218198228
1604995249207,-0.0185546875,0.001953125,9.814453125001066e-05
1604995249239,-0.0185546875,0.0068359375,-0.0003199218750000177
1604995249271,-0.021484375,0.0126953125,0.0006192382812500175
1604995249304,-0.01652892561983471,0.015610651974288337,0.0018316804407713448
1604995249335,-0.013527575442247659,0.018730489073881373,0.0006146722164412053
1604995249367,-0.0078125,0.0205078125,8.105468749999845e-05
1604995249399,0.0009765625,0.0224609375,2.8124999999989964e-05
1604995249431,0.0068359375,0.0185546875,-0.002331933593750002
1604995249464,0.011937557392102846,0.01652892561983471,-0.0012798898071625334
1604995249496,0.015625,0.0126953125,-0.0018488281249999794
1604995249530,0.01643598615916955,0.006920415224913495,-0.0024388408304498502
1604995249576,0.00945179584120983,0.0004725897920604915,0.0
1604995249607,0.02081165452653486,-0.005202913631633715,0.0
1604995249640,0.018365472910927456,-0.008264462809917356,0.0
1604995249671,0.014568158168574402,-0.015608740894901144,0.0
1604995249703,0.009765625,-0.01953125,0.0
1604995249736,0.0036730945821854912,-0.01928374655647383,0.0
1604995249767,-0.001040582726326743,-0.021852237252861603,0.0
1604995249799,-0.0078125,-0.021484375,0.0
1604995249832,-0.006427915518824609,-0.015610651974288337,0.0
1604995249864,-0.0146484375,-0.0126953125,0.0
1604995249896,-0.01171875,-0.009765625,0.0
1604995249943,-0.007695789950203712,-0.0022634676324128564,0.0
1604995249976,-0.017447199265381085,-0.0009182736455463728,0.0
1604995250008,-0.01953125,0.005859375,0.0
1604995250039,-0.02081165452653486,0.011446409989594173,0.0
1604995250071,-0.0224609375,0.0166015625,0.0
1604995250103,-0.0146484375,0.0205078125,0.0
1604995250136,-0.010101010101010102,0.01928374655647383,0.0
1604995250167,0.0,0.021852237252861603,0.0
1604995250200,0.0,0.020202020202020204,0.0
1604995250231,0.011446409989594173,0.02081165452653486,0.0
1604995250263,0.0126953125,0.0166015625,0.0
1604995250297,0.014705882352941176,0.010380622837370242,0.0
1604995250344,0.009506564056133997,0.003168854685377999,0.0
1604995250376,0.021484375,0.0,0.0
1604995250408,0.0205078125,-0.005859375,0.0
1604995250439,0.022892819979188347,-0.005202913631633715,0.0
1604995250476,0.01095690284879474,-0.013878743608473338,0.0
1604995250503,0.01783264746227709,-0.0205761316872428,0.0
1604995250535,0.0048828125,-0.021484375,0.0
1604995250568,-0.0018365472910927456,-0.02203856749311295,0.0
1604995250599,-0.006243496357960458,-0.023933402705515087,0.0
1604995250632,-0.011019283746556474,-0.018365472910927456,0.0
1604995250663,-0.01664932362122789,-0.013527575442247659,0.0
1604995250701,-0.012465373961218837,-0.00554016620498615,0.0
1604995250762,-0.005643644181671593,-0.0008062348830959419,0.0
1604995250783,-0.05215419501133787,0.0,0.0
1604995250807,-0.041666666666666664,0.010416666666666666,-0.04822465277777778
1604995250840,-0.021120293847566574,0.009182736455463728,0.0
1604995250871,-0.021852237252861603,0.015608740894901144,0.0
1604995250903,-0.0185546875,0.01953125,0.0
1604995250935,-0.013671875,0.0234375,0.0
1604995250967,-0.0087890625,0.029296875,0.0
1604995251003,0.0007716049382716049,0.023148148148148147,0.0
1604995251031,0.01020408163265306,0.03571428571428571,0.0
1604995251064,0.014692378328741965,0.02203856749311295,0.0
1604995251097,0.020202020202020204,0.015610651974288337,0.0
1604995251144,0.010864644635581712,0.0009053870529651426,0.0
1604995251175,0.02809573361082206,-0.004162330905306972,0.0
1604995251207,0.0263671875,-0.01171875,0.0
1604995251239,0.02734375,-0.0029296875,0.0
1604995251272,0.023875114784205693,-0.012855831037649219,0.0
1604995251303,0.018730489073881373,-0.02497398543184183,0.0
1604995251335,0.01171875,-0.0263671875,0.0
1604995251367,0.0029296875,-0.0263671875,0.0
1604995251399,-0.005859375,-0.0302734375,0.0
1604995251431,-0.0107421875,-0.0283203125,0.0
1604995251464,-0.015610651974288337,-0.025711662075298437,0.0
1604995251498,-0.018166089965397925,-0.01903114186851211,0.0
1604995251543,-0.011851851851851851,-0.008888888888888889,0.0
1604995251576,-0.025711662075298437,-0.004591368227731864,0.0
1604995251608,-0.0302734375,0.0009765625,0.0
1604995251640,-0.0302734375,0.00390625,0.0
1604995251676,-0.022376543209876542,0.006944444444444444,0.0
1604995251705,-0.034482758620689655,0.015457788347205707,0.0
1604995251736,-0.02497398543184183,0.019771071800208116,0.0
1604995251767,-0.02081165452653486,0.02809573361082206,0.0
1604995251799,-0.0126953125,0.0283203125,0.0
1604995251831,-0.005859375,0.029296875,0.0
1604995251863,0.0009765625,0.03125,0.0
1604995251897,0.006920415224913495,0.025086505190311418,0.0
1604995251945,0.006944444444444444,0.011284722222222222,0.0
1604995251976,0.019771071800208116,0.013527575442247659,0.0
1604995252007,0.026014568158168574,0.01040582726326743,0.0
1604995252039,0.0283203125,-0.0029296875,0.0
1604995252072,0.030303030303030304,-0.006427915518824609,0.0
1604995252104,0.0302734375,-0.0087890625,0.0
1604995252137,0.030303030303030304,0.01928374655647383,0.0
1604995252167,0.03,-0.18555555555555556,0.0
1604995252201,0.04498269896193772,0.0034602076124567475,0.0
1604995252232,0.022892819979188347,-0.03433922996878252,0.0
1604995252264,0.0146484375,-0.037109375,0.0
1604995252296,0.015625,-0.0244140625,0.0
1604995252343,0.004074241738343142,-0.011770031688546853,0.0
1604995252377,0.004325259515570935,-0.025086505190311418,0.0
