1604988753776,-0.02295684113865932,0.010101010101010102,0.0
1604988753807,-0.026014568158168574,0.011446409989594173,0.0
1604988753840,-0.018365472910927456,0.010101010101010102,0.0
1604988753872,-0.0166015625,0.0078125,0.0
1604988753904,-0.015625,0.0068359375,0.0
1604988753938,-0.01124567474048443,0.0034602076124567475,0.12044697231833912
1604988753984,-0.005671077504725898,0.001890359168241966,0.001439224952741021
1604988754016,-0.009765625,0.001953125,0.0028779296875000027
1604988754048,-0.01171875,0.0009765625,0.0024560546874999867
1604988754079,-0.008324661810613945,0.002081165452653486,0.0024560546874999867
1604988754111,-0.0078125,0.001953125,0.15840253906250001
1604988754144,-0.008264462809917356,0.0,0.001791643709825525
1604988754176,-0.0068359375,0.0009765625,0.0014141601562499828
1604988754207,-0.006243496357960458,0.0,0.00101207075962539
1604988754239,-0.005859375,0.0009765625,0.0007458984375000033
1604988754272,-0.004591368227731864,0.0018365472910927456,0.0009943985307621626
1604988754304,-0.00390625,0.0009765625,0.0009621093750000198
1604988754336,-0.00390625,0.001953125,0.0005022460937499917
1604988754384,-0.001736111111111111,0.0008680555555555555,0.0005638454861111154
1604988754415,-0.003121748178980229,0.002081165452653486,0.0010979188345473275
1604988754448,-0.0036730945821854912,0.0018365472910927456,0.00023516988062442933
1604988754480,-0.0029296875,0.001953125,0.000807226562500013
1604988754512,-0.0029296875,0.0,0.0005722656249999847
1604988754544,-0.0029296875,0.0,0.0005236328125000078
1604988754575,-0.002081165452653486,0.0,0.00044734651404787046
1604988754608,-0.0027548209366391185,0.0,0.0006333333333333221
1604988754639,-0.002081165452653486,0.0,0.0004253902185223867
1604988754671,-0.001953125,0.0,7.910156249998912e-05
1604988754705,-0.0017301038062283738,0.0,0.00037448096885814693
1604988754736,-0.001040582726326743,0.0,-0.00017877211238295405
1604988754784,-0.00043402777777777775,0.0,8.8802083333333e-05
1604988754816,-0.0009765625,0.0,0.0003660156249999935
1604988754847,-0.001040582726326743,0.001040582726326743,0.00037440166493236943
1604988754879,-0.0009765625,0.0,0.000498828125000017
1604988754913,0.0,0.0008650519031141869,0.0005245674740484251
1604988754944,-0.001040582726326743,0.0,0.0005586888657648312
1604988754975,0.0,0.001040582726326743,0.0003380853277835731
1604988755007,0.0009765625,0.0,0.00026083984374999925
1604988755039,0.0,0.0009765625,0.00026035156249998304
1604988755072,0.0,0.0,0.00036675849403123434
1604988755104,0.0,0.0009765625,0.00038017578124999174
1604988755136,0.0,0.0,0.0006014648437500103
1604988755185,0.00041649312786339027,0.0,0.0003351520199916688
1604988755218,0.0,0.0,0.00025831037649218317
1604988755247,0.0011890606420927466,0.0,0.0009249702734839676
1604988755279,0.0009765625,0.0,0.0003610351562499947
1604988755311,-0.0009765625,-0.0009765625,-0.0004885742187500097
1604988755344,0.0,0.0,-0.00045114784205692874
1604988755375,0.0,0.0,-0.0003208116545265376
1604988755408,0.0,0.0009182736455463728,0.0002418732782369316
1604988755441,0.0,0.0018365472910927456,0.00020101010101009254
1604988755471,0.0011111111111111111,0.0022222222222222222,0.00011411111111110964
1604988755505,0.0008650519031141869,0.0017301038062283738,-0.0003445501730103859
1604988755536,0.003121748178980229,0.004162330905306972,-0.0005247658688865771
1604988755585,0.0012494793835901709,0.0020824656393169513,-0.00010941274468971066
1604988755616,0.005202913631633715,0.007284079084287201,-0.0006620187304890762
1604988755648,0.005859375,0.0078125,-0.0005153320312500098
1604988755680,0.005859375,0.009765625,-0.0008859374999999892
1604988755711,0.008324661810613945,0.009365244536940686,-0.0003867845993756547
1604988755743,0.0068359375,0.0107421875,-0.00031748046874999214
1604988755776,0.0073461891643709825,0.010101010101010102,-0.0003823691460055189
1604988755807,0.009365244536940686,0.012486992715920915,-0.0003268470343392261
1604988755840,0.009182736455463728,0.010101010101010102,-0.0002481175390266193
1604988755872,0.0107421875,0.0107421875,-0.0005827148437499985
1604988755905,0.011019283746556474,0.011019283746556474,-0.00021753902662995396
1604988755937,0.0126953125,0.0107421875,-0.001049121093749994
1604988755984,0.005432322317790856,0.002716161158895428,-0.0005220914440923502
1604988756016,0.013671875,0.009765625,-0.000948339843749979
1604988756047,0.013527575442247659,0.008324661810613945,-0.0015294484911550683
1604988756079,0.009765625,-0.001953125,-0.000840429687500005
1604988756112,0.011019283746556474,0.008264462809917356,-0.0016791551882460922
1604988756143,0.01040582726326743,0.007284079084287201,-0.0006456815816857364
1604988756175,0.0107421875,-0.0009765625,-0.0010700195312499938
1604988756207,0.0078125,0.009765625,-0.0006595703124999963
1604988756240,0.006427915518824609,0.0036730945821854912,-0.0004876033057851294
1604988756271,0.002081165452653486,-0.002081165452653486,0.00012955254942766223
1604988756305,0.0034602076124567475,0.0,0.0010385813148789
1604988756336,-0.002081165452653486,0.002081165452653486,0.0039695109261186435
1604988756385,0.00041649312786339027,0.00041649312786339027,0.000652103290295707
1604988756416,0.002081165452653486,0.0,0.0005079084287200862
1604988756448,-0.001953125,0.001953125,0.0016321289062500022
1604988756484,-0.006172839506172839,-0.006172839506172839,0.0024695216049382537
1604988756511,-0.0013717421124828531,0.00411522633744856,-2.0850480109729762e-05
1604988756543,-0.0068359375,-0.0009765625,-0.00024404296874999676
1604988756575,-0.0048828125,-0.0068359375,0.0010814453125000123
1604988756607,-0.0078125,-0.001953125,-0.0009672851562499973
1604988756640,-0.008264462809917356,-0.004591368227731864,0.0003468319559228429
1604988756673,-0.009182736455463728,-0.009182736455463728,0.0017701561065197574
1604988756705,-0.009765625,-0.0087890625,-0.00026210937500001363
1604988756736,-0.011446409989594173,-0.004162330905306972,0.0005196670135275842
1604988756785,-0.003748438150770512,0.0012494793835901709,0.00023127863390253576
1604988756816,-0.009365244536940686,-0.004162330905306972,4.807492195629439e-05
1604988756848,-0.01171875,-0.0107421875,0.0010752929687500024
1604988756879,-0.009365244536940686,-0.008324661810613945,0.0005444328824141548
1604988756911,-0.0107421875,-0.009765625,0.0007650390625000003
1604988756943,-0.009765625,-0.009765625,0.00018925781250000995
1604988756975,-0.009765625,-0.0087890625,0.0005982421874999866
1604988757007,-0.0087890625,-0.0107421875,0.0004037109375000236
1604988757039,-0.0078125,-0.009765625,0.00014658203124998104
1604988757072,-0.0073461891643709825,-0.0073461891643709825,-0.00047190082644628714
1604988757105,-0.006427915518824609,-0.008264462809917356,0.0002483930211203185
1604988757151,-0.002835538752362949,-0.0033081285444234404,-0.0001519848771266625
1604988757184,-0.005509641873278237,-0.0073461891643709825,-0.0002308539944903486
1604988757215,-0.006243496357960458,-0.006243496357960458,-0.00046909469302811155
1604988757248,-0.004591368227731864,-0.004591368227731864,7.887970615244206e-05
1604988757279,-0.004162330905306972,-0.006243496357960458,-0.00035702393340269784
1604988757312,-0.004591368227731864,-0.004591368227731864,0.00014325068870523958
1604988757343,-0.003121748178980229,-0.005202913631633715,-0.00022382934443288942
1604988757375,-0.00390625,-0.0029296875,-6.445312500000244e-05
1604988757407,-0.00390625,-0.0029296875,0.00038652343750000817
1604988757440,-0.0027548209366391185,-0.0027548209366391185,0.00024857667584938164
1604988757472,-0.001953125,-0.001953125,-0.00022216796874999223
1604988757504,-0.001953125,-0.001953125,7.968750000000857e-05
1604988757552,-0.0008680555555555555,-0.0008680555555555555,-1.510416666667464e-05
1604988757584,-0.0009765625,-0.001953125,-3.3105468749988765e-05
1604988757616,0.0,-0.0009765625,-0.0001409179687499873
1604988757649,0.0,0.0,-0.00020486685032141094
1604988757680,0.0,0.0,-0.00020031217481789328
1604988757712,0.0,-0.0009765625,0.00016367187499999325
1604988757744,0.0009765625,0.0009765625,-0.00011035156249999956
1604988757775,0.001040582726326743,0.0,0.0002004162330905294
1604988757808,0.0009182736455463728,0.0,-0.00012782369146004428
1604988757840,0.0009765625,0.0029296875,-0.0005499023437499917
1604988757872,0.001953125,0.0029296875,-0.00021376953125001874
1604988757904,0.0029296875,0.00390625,9.707031250000275e-05
1604988757952,0.0013020833333333333,0.002170138888888889,-0.00019179687500000173
1604988757985,0.004591368227731864,0.0073461891643709825,-0.0003013774104683023
1604988758017,0.005859375,0.009765625,-0.00022724609375002203
1604988758048,0.006243496357960458,0.009365244536940686,-0.00011217481789802024
1604988758079,0.008324661810613945,0.01040582726326743,-0.0002167533818938397
1604988758111,0.0068359375,0.009765625,-0.0006520507812500242
1604988758143,0.0078125,0.009765625,-0.0003682617187499848
1604988758176,0.008264462809917356,0.009182736455463728,-0.00042681359044995115
1604988758208,0.0087890625,0.009765625,-0.0007306640624999972
1604988758240,0.0087890625,0.009765625,-0.0005724609375000189
1604988758273,0.009182736455463728,0.008264462809917356,-0.0003350780532598506
1604988758305,0.009765625,0.009765625,-0.0007502929687500104
1604988758353,0.004774305555555556,0.004340277777777778,-1.5451388888883717e-05
1604988758402,0.004581424406497293,0.004581424406497293,-0.0003571845064556515
1604988758443,0.006543723973825104,0.00594883997620464,-0.00046038072575847565
1604988758459,0.04296875,0.03515625,-0.003273046874999963
1604988758480,0.024943310657596373,0.015873015873015872,-0.0019659863945578654
1604988758511,0.01040582726326743,0.007284079084287201,-0.0005208116545265225
1604988758543,0.009765625,0.0087890625,-0.0007252929687499854
1604988758575,0.0068359375,-0.0009765625,-0.0011519531250000214
1604988758607,0.0087890625,0.0068359375,-0.0002450195312500014
1604988758640,0.009182736455463728,0.0073461891643709825,-0.0007946740128558254
1604988758689,0.0029154518950437317,-0.0020824656393169513,-0.0003591836734693911
1604988758710,0.015873015873015872,0.009070294784580499,-0.0003591836734693911
1604988758754,0.003615702479338843,0.0010330578512396695,0.08042670454545454
1604988758797,0.0027041644131963224,0.001081665765278529,-0.0004977825851811794
1604988758818,0.013605442176870748,0.0022675736961451248,-0.001341723356009077
1604988758848,0.0033333333333333335,0.006666666666666667,0.0007642222222222333
1604988758896,0.0013020833333333333,0.00043402777777777775,0.0006822482638888886
1604988758930,-0.0017301038062283738,-0.0017301038062283738,0.0012999999999999822
1604988758945,0.0,0.0044444444444444444,0.006102666666666766
1604988758976,-0.003121748178980229,-0.003121748178980229,0.0010694068678459747
1604988759008,-0.00390625,0.0009765625,0.0009234375000000128
1604988759041,-0.005509641873278237,0.0027548209366391185,0.0010408631772268117
1604988759073,-0.005859375,-0.0048828125,0.0007202148437499833
1604988759108,-0.005714285714285714,0.0,0.0008760000000000088
1604988759151,-0.0037858301784748512,0.0,0.0005569497025419115
1604988759184,-0.011019283746556474,-0.011019283746556474,0.0013816345270890823
1604988759215,-0.01040582726326743,-0.004162330905306972,0.0009071800208116622
1604988759247,-0.0107421875,-0.0068359375,0.0009782226562499996
1604988759280,-0.011019283746556474,-0.009182736455463728,0.0011370064279154985
1604988759312,-0.009765625,-0.0078125,0.0007658203124999985
1604988759343,-0.011446409989594173,-0.009365244536940686,0.0007877211238293497
1604988759375,-0.0107421875,-0.009765625,0.0007400390625000031
1604988759412,-0.007304601899196494,-0.006574141709276844,0.0003804967129291539
1604988759440,-0.012755102040816327,-0.01403061224489796,0.000523979591836728
1604988759473,-0.009182736455463728,-0.009182736455463728,-0.00018154269972451564
1604988759504,-0.01040582726326743,-0.01040582726326743,0.0005427679500520359
1604988759552,-0.00390625,-0.00390625,-0.0002570312500000085
1604988759584,-0.0078125,-0.009765625,2.607421875000515e-05
1604988759616,-0.0078125,-0.009765625,-1.2207031249988898e-05
1604988759647,-0.008324661810613945,-0.009365244536940686,-4.703433922996268e-05
1604988759680,-0.006427915518824609,-0.0073461891643709825,-0.00020936639118458093
1604988759713,-0.005509641873278237,-0.0073461891643709825,6.90541781450829e-05
1604988759744,-0.005202913631633715,-0.007284079084287201,-0.00048824141519250856
1604988759776,-0.0048828125,-0.005859375,-3.5351562500007816e-05
1604988759808,-0.0048828125,-0.005859375,-0.0003823242187499798
1604988759840,-0.00390625,-0.00390625,6.386718749998299e-05
1604988759872,-0.00390625,-0.0048828125,-0.0002584960937500047
1604988759905,-0.0027548209366391185,-0.0036730945821854912,-1.0743801652883834e-05
1604988759952,-0.001358080579447714,-0.001358080579447714,-0.00012865550022634606
1604988759983,-0.002081165452653486,-0.002081165452653486,0.0001644120707596119
1604988760015,-0.001953125,-0.001953125,-0.0001114257812499797
1604988760047,-0.001953125,-0.0009765625,8.0468749999979e-05
1604988760080,-0.0009182736455463728,-0.0036730945821854912,-6.565656565655293e-05
1604988760111,-0.001040582726326743,0.0,-5.6399583766918506e-05
1604988760143,-0.0009765625,0.0029296875,5.957031250003464e-06
1604988760175,0.0,-0.001953125,-0.0002720703124999835
1604988760208,0.0,-0.0009182736455463728,0.00019522497704314103
1604988760239,0.001040582726326743,0.001040582726326743,-0.0001875130072840635
1604988760273,0.0017301038062283738,-0.0008650519031141869,-0.00026851211072665706
1604988760303,0.0,0.0,-0.0004345555555555494
1604988760352,0.0008329862557267805,0.0020824656393169513,9.691795085380847e-05
1604988760386,0.0017301038062283738,0.0017301038062283738,-0.0004853806228373546
1604988760416,0.0044444444444444444,0.005555555555555556,-0.0007641111111111185
1604988760448,0.0048828125,0.0068359375,-0.0003056640625000162
1604988760479,0.006243496357960458,0.008324661810613945,-0.0008440166493236024
1604988760511,0.0068359375,0.009765625,-0.00043818359375000226
1604988760544,0.0073461891643709825,0.009182736455463728,-0.0006041322314049698
1604988760576,0.0078125,0.0107421875,-0.00041005859374998455
1604988760608,0.009765625,0.01171875,-0.0007520507812500132
1604988760640,0.0087890625,0.01171875,-0.00037812499999997917
1604988760689,0.004164931278633903,0.0049979175343606835,-0.00017130362349021712
1604988760719,0.012222222222222223,0.013333333333333334,-0.0005906666666666638
1604988760751,0.009765625,0.01171875,-0.0002248046874999965
1604988760783,0.0107421875,0.0107421875,-0.00040000000000001146
1604988760816,0.010101010101010102,0.011019283746556474,-0.0005014692378328702
1604988760852,0.008487654320987654,0.006172839506172839,-0.0003423611111111164
1604988760880,0.012755102040816327,0.01020408163265306,-0.0010477040816326312
1604988760911,0.011446409989594173,0.01040582726326743,-0.0008371488033298841
1604988760943,0.009765625,0.005859375,-0.0007581054687499922
1604988760976,0.009182736455463728,0.0036730945821854912,-0.0011865932047750306
1604988761008,0.0107421875,0.0087890625,-0.0010431640624999905
1604988761041,0.008264462809917356,0.0036730945821854912,-0.0006369146005509675
1604988761073,0.0068359375,-0.001953125,-0.0009945312499999859
1604988761119,0.003780718336483932,0.0023629489603024575,-0.0003446597353497275
1604988761151,0.0048828125,-0.001953125,-0.00050166015625
1604988761183,0.0048828125,0.0009765625,-0.00010390624999997988
1604988761215,0.0029296875,-0.0029296875,0.002490527343749993
1604988761248,-0.0009182736455463728,0.0027548209366391185,0.002190633608815411
1604988761279,-0.001040582726326743,-0.003121748178980229,0.001425910509885551
1604988761312,-0.0027548209366391185,0.0027548209366391185,0.0004818181818181779
1604988761344,-0.001953125,-0.0009765625,0.0008064453125000148
1604988761375,-0.004162330905306972,-0.003121748178980229,0.0006163371488033242
1604988761408,-0.004591368227731864,-0.0009182736455463728,0.0004773186409550079
1604988761440,-0.0048828125,-0.0029296875,0.0008911132812499944
1604988761488,-0.0030381944444444445,-0.0013020833333333333,0.00017842881944444647
1604988761520,-0.0078125,-0.0068359375,0.0006247070312500047
1604988761552,-0.0068359375,-0.0048828125,0.0006412109374999975
1604988761583,-0.009365244536940686,-0.001040582726326743,0.0008072840790842616
1604988761616,-0.008264462809917356,-0.0018365472910927456,0.00015766758494032646
1604988761649,-0.0073461891643709825,-0.0036730945821854912,0.0005528007346189199
1604988761681,-0.0087890625,-0.0068359375,0.0004920898437499877
1604988761711,-0.011111111111111112,-0.008888888888888889,0.0005751111111111287
1604988761744,-0.009182736455463728,-0.008264462809917356,0.00033599632690540143
1604988761776,-0.0087890625,-0.0087890625,0.0002225585937500052
1604988761808,-0.0107421875,-0.0087890625,0.00016669921875001048
1604988761841,-0.008264462809917356,-0.008264462809917356,0.000140587695133145
1604988761872,-0.009365244536940686,-0.01040582726326743,0.0003001040582726283
1604988761921,-0.004164931278633903,-0.004164931278633903,5.776759683465225e-05
1604988761952,-0.008324661810613945,-0.009365244536940686,0.0006129032258064502
1604988761983,-0.008324661810613945,-0.008324661810613945,0.0005232049947970944
1604988762015,-0.0078125,-0.0087890625,0.00023232421874999631
1604988762047,-0.005859375,-0.0078125,0.00016005859375001208
1604988762079,-0.0068359375,-0.0068359375,0.0002528320312499832
1604988762112,-0.004591368227731864,-0.006427915518824609,8.06244260789859e-05
1604988762143,-0.006243496357960458,-0.006243496357960458,-6.805411030178044e-05
1604988762176,-0.004591368227731864,-0.005509641873278237,0.00033783287419650293
1604988762208,-0.00390625,-0.00390625,-1.640624999998952e-05
1604988762240,-0.005859375,0.0009765625,0.00025732421874999356
1604988762288,-0.002170138888888889,-0.001736111111111111,-0.00011592881944444411
1604988762320,-0.0029296875,-0.005859375,-0.0006946289062499944
1604988762351,-0.004162330905306972,-0.003121748178980229,-6.566077003120863e-05
1604988762383,-0.0029296875,-0.00390625,-0.00069091796875001
1604988762415,-0.0029296875,-0.0009765625,-0.000454687499999995
1604988762447,-0.001953125,-0.0009765625,0.00019150390625000124
1604988762480,0.0,-0.0027548209366391185,-0.0006701561065197535
1604988762511,0.0,-0.001040582726326743,-0.0005033298647242444
1604988762544,-0.0009182736455463728,0.0009182736455463728,-0.00025454545454544855
1604988762576,0.001953125,-0.0009765625,-0.0002814453124999894
1604988762608,0.0009765625,0.0009765625,-0.00038476562500000533
1604988762641,0.0009182736455463728,0.0009182736455463728,-0.0002160697887970571
1604988762672,0.003121748178980229,-0.002081165452653486,-0.00017263267429762946
1604988762720,0.00043402777777777775,0.0013020833333333333,-7.53038194444401e-05
1604988762752,0.0029296875,0.00390625,-0.0004625976562500078
1604988762784,0.0029296875,0.0048828125,-0.000241210937499986
1604988762816,0.0048828125,0.005859375,-0.0007555664062500189
1604988762866,0.002,0.0032,-0.00028607999999999265
1604988762896,0.0077777777777777776,0.006666666666666667,-0.0006562222222222166
1604988762912,0.02734375,0.03515625,-0.0018339843750000417
1604988762944,0.0078125,0.009765625,-0.00019072265625000306
1604988762976,0.0087890625,0.009765625,-0.0006993164062500112
1604988763008,0.0087890625,0.009765625,-0.0003084960937499992
1604988763041,0.008264462809917356,0.010101010101010102,-0.00025757575757574775
1604988763073,0.009765625,0.009765625,0.00023681640625000666
1604988763121,0.004340277777777778,0.004340277777777778,-0.0002703559027777845
1604988763151,0.012222222222222223,0.012222222222222223,0.00025044444444445287
1604988763184,0.010101010101010102,0.008264462809917356,-0.00011056014692377356
1604988763215,0.011446409989594173,0.009365244536940686,-0.0004072840790842918
1604988763247,0.009765625,0.0078125,-0.00029589843749999734
1604988763280,0.009182736455463728,0.0036730945821854912,-0.00023820018365472857
1604988763311,0.011446409989594173,0.004162330905306972,-0.0009345473465140473
1604988763343,0.009765625,0.0107421875,-9.765625000324185e-08
1604988763376,0.009182736455463728,0.004591368227731864,-0.0007537190082644548
1604988763408,0.009765625,0.0078125,-0.00027148437500001954
1604988763441,0.008264462809917356,0.0027548209366391185,-0.0007608815426997194
1604988763489,0.003472222222222222,0.00043402777777777775,-0.00031592881944444675
1604988763522,0.0073461891643709825,0.004591368227731864,-0.00027107438016528386
1604988763552,0.005555555555555556,0.0022222222222222222,-0.0007405555555555389
1604988763584,0.00390625,-0.005859375,0.0001575195312499833
1604988763616,0.0,0.0029296875,0.003297363281249993
1604988763648,0.001953125,0.0029296875,0.001827832031250004
1604988763679,-0.001040582726326743,-0.003121748178980229,0.0017857440166493357
1604988763711,-0.001953125,0.0009765625,0.0009431640625000015
1604988763743,-0.00390625,0.001953125,0.00030009765624999796
1604988763775,-0.00390625,-0.0078125,0.0012602539062500084
1604988763808,-0.0073461891643709825,0.0,0.0002820018365472831
1604988763842,-0.005190311418685121,-0.005190311418685121,0.0011361591695501743
1604988763888,-0.0033081285444234404,-0.0014177693761814746,1.1294896030244607e-05
1604988763921,-0.0073461891643709825,-0.0009182736455463728,0.0007096418732782273
1604988763952,-0.008324661810613945,-0.005202913631633715,0.0006815816857440178
1604988763984,-0.0078125,-0.00390625,-7.82226562499877e-05
1604988764015,-0.008324661810613945,-0.006243496357960458,0.00047762747138397835
1604988764048,-0.0073461891643709825,-0.0036730945821854912,0.00013902662993571654
1604988764080,-0.0078125,-0.005859375,0.000477441406250001
1604988764112,-0.0087890625,-0.0078125,0.0001759765624999854
1604988764143,-0.009365244536940686,-0.008324661810613945,-8.709677419354134e-05
1604988764176,-0.008264462809917356,-0.0073461891643709825,0.00013764921946740345
1604988764208,-0.0078125,-0.0078125,3.0468750000012257e-05
1604988764240,-0.0087890625,-0.0078125,5.957031249997913e-05
1604988764288,-0.003472222222222222,-0.0030381944444444445,-6.076388888843887e-07
1604988764321,-0.008264462809917356,-0.008264462809917356,-5.298438934803598e-05
1604988764352,-0.008324661810613945,-0.007284079084287201,0.0003143600416233047
1604988764384,-0.0078125,-0.0078125,9.863281250002687e-05
1604988764416,-0.0068359375,-0.0068359375,-0.0002689453125000185
1604988764447,-0.007284079084287201,-0.006243496357960458,-3.05931321539867e-05
1604988764480,-0.004591368227731864,-0.006427915518824609,-0.0004377410468319764
1604988764511,-0.006243496357960458,-0.006243496357960458,-4.7866805410844685e-06
1604988764544,-0.004591368227731864,-0.004591368227731864,-0.0002719926538108346
1604988764576,-0.0048828125,-0.005859375,-0.00028095703125000093
1604988764608,-0.00390625,-0.00390625,-0.00022792968750001696
1604988764640,-0.00390625,-0.00390625,-0.0004124999999999823
1604988764688,-0.001736111111111111,-0.002170138888888889,-7.46527777777765e-05
1604988764721,-0.0027548209366391185,-0.0036730945821854912,-0.0002990817263544645
1604988764752,-0.002081165452653486,-0.002081165452653486,-0.00016066597294485914
1604988764783,-0.002081165452653486,-0.003121748178980229,-4.640998959417548e-05
1604988764815,-0.0009765625,-0.0009765625,-0.00035117187500000036
1604988764852,0.0,0.0,0.00013813002191382374
1604988764879,-0.0013717421124828531,-0.0027434842249657062,-0.00048683127572018503
1604988764911,0.0009765625,0.0009765625,-4.199218750000622e-06
1604988764944,0.0009182736455463728,0.0018365472910927456,2.77318640955076e-05
1604988764975,0.0,0.0,1.675338189385479e-05
1604988765008,0.0018365472910927456,0.0027548209366391185,-0.00025325987144169315
1604988765040,0.001953125,0.0029296875,0.00017675781250001132
1604988765088,0.0008680555555555555,0.0013020833333333333,-3.519965277778672e-05
1604988765120,0.00390625,0.0048828125,-0.00024443359374998197
1604988765152,0.00390625,0.005859375,-0.0001546875000000003
1604988765184,0.005859375,0.005859375,-0.0005423828124999919
1604988765216,0.005859375,0.0078125,-0.00014013671875001688
1604988765247,0.007284079084287201,0.008324661810613945,-0.00030426638917792554
1604988765279,0.0078125,0.0078125,-0.0002684570312500023
1604988765311,0.0087890625,0.0087890625,-0.00030302734375001195
1604988765344,0.008264462809917356,0.009182736455463728,-0.00044205693296603106
1604988765376,0.009765625,0.009765625,-0.00031289062499997855
1604988765408,0.009765625,0.009765625,-0.00020009765625000897
1604988765440,0.0107421875,0.009765625,-0.00020449218749998832
1604988765489,0.004581424406497293,0.004581424406497293,-6.272386505623723e-05
1604988765521,0.009765625,0.009765625,-0.0001757812499999789
1604988765551,0.011111111111111112,0.01,3.3222222222219794e-05
1604988765584,0.008264462809917356,0.005509641873278237,-0.0007628099173553787
1604988765615,0.011446409989594173,0.009365244536940686,-0.0006477627471383998
1604988765647,0.0078125,0.001953125,-0.0008254882812500086
1604988765679,0.0087890625,0.0078125,-0.0005999023437499862
1604988765711,0.0087890625,0.00390625,-0.0006193359374999929
1604988765744,0.006427915518824609,0.0036730945821854912,-0.00031772268135904833
1604988765776,0.0068359375,0.001953125,-0.0007041992187500068
1604988765809,0.008264462809917356,0.012855831037649219,-0.0001463728191000965
1604988765840,0.005202913631633715,-0.001040582726326743,-0.0005023933402705489
1604988765887,0.0022634676324128564,0.0,-0.0003896785875961898
1604988765919,0.0048828125,0.0029296875,-0.0001952148437500134
1604988765951,0.0048828125,-0.0029296875,0.00036884765625000426
1604988765983,0.001953125,0.005859375,0.0020577148437500026
1604988766016,0.0,-0.0018365472910927456,0.0019611570247933755
1604988766047,-0.001040582726326743,-0.001040582726326743,0.002120395421436005
1604988766079,-0.0029296875,0.001953125,0.0006424804687500119
1604988766111,-0.001953125,-0.001953125,0.0012084960937499833
1604988766143,-0.0048828125,-0.00390625,0.0010305664062500164
1604988766175,-0.00390625,-0.0009765625,0.0005570312500000063
1604988766209,-0.006055363321799308,0.0008650519031141869,0.0010434256055363283
1604988766240,-0.006243496357960458,-0.011446409989594173,0.00034151925078041746
1604988766288,-0.003472222222222222,-0.0030381944444444445,0.00010750868055555942
1604988766320,-0.0078125,0.001953125,0.00015117187499999463
1604988766353,-0.0073461891643709825,-0.005509641873278237,0.00036988062442609124
1604988766383,-0.008888888888888889,-0.0033333333333333335,-0.00017155555555556628
1604988766415,-0.0087890625,-0.0078125,0.00041552734374999956
1604988766448,-0.008264462809917356,-0.008264462809917356,-7.897153351699975e-06
1604988766480,-0.0087890625,-0.0087890625,0.000574609375000007
1604988766511,-0.009365244536940686,-0.008324661810613945,-0.0004774193548387061
1604988766544,-0.008264462809917356,-0.008264462809917356,2.6170798898079142e-05
1604988766575,-0.008324661810613945,-0.008324661810613945,-0.0005266389177939683
1604988766609,-0.007785467128027681,-0.007785467128027681,-4.385813148789462e-05
1604988766640,-0.009365244536940686,-0.008324661810613945,-0.0003296566077003128
1604988766688,-0.003472222222222222,-0.003472222222222222,0.000113454861111115
1604988766719,-0.008324661810613945,-0.008324661810613945,-0.00027866805411032514
1604988766752,-0.0073461891643709825,-0.006427915518824609,-0.0004948576675849256
1604988766783,-0.007284079084287201,-0.007284079084287201,0.00016795005202912197
1604988766815,-0.0068359375,-0.0068359375,-0.000127441406249984
1604988766847,-0.005859375,-0.0048828125,-0.0006809570312500124
1604988766880,-0.004591368227731864,-0.006427915518824609,-9.917355371890762e-06
1604988766911,-0.005202913631633715,-0.004162330905306972,-0.000397502601456821
1604988766943,-0.00390625,-0.0048828125,-0.0006229492187500019
1604988766975,-0.0048828125,-0.005859375,-0.00011689453124999472
1604988767009,-0.0025951557093425604,-0.0025951557093425604,-0.0003230103806228406
1604988767040,-0.004162330905306972,-0.003121748178980229,-0.00015171696149844785
1604988767088,-0.0013020833333333333,-0.0013020833333333333,2.7690972222228617e-05
1604988767120,-0.001953125,-0.001953125,-4.208984375000946e-05
1604988767152,-0.001953125,-0.0009765625,0.00010576171875001372
1604988767184,-0.001953125,0.0,6.630859374998077e-05
1604988767216,-0.0009765625,-0.0009765625,0.0003739257812500063
1604988767248,0.0009765625,-0.0029296875,-0.0005041015624999978
1604988767279,0.001040582726326743,-0.001040582726326743,-0.00019115504682620972
1604988767312,0.0,0.0009182736455463728,0.0004931129476583818
1604988767344,0.0009765625,-0.0009765625,-0.00016005859374998432
1604988767375,0.001040582726326743,0.0,0.000224765868886585
1604988767409,0.0017301038062283738,0.0025951557093425604,-0.0002238754325259584
1604988767440,0.002081165452653486,0.002081165452653486,-0.00032715920915713447
1604988767488,0.0013020833333333333,0.0013020833333333333,-0.00012994791666666295
1604988767520,0.0029296875,0.0068359375,2.8906249999988143e-05
1604988767552,0.0048828125,0.0068359375,-0.0003983398437499841
1604988767583,0.006243496357960458,0.007284079084287201,-0.0006853277835588002
1604988767615,0.0068359375,0.0048828125,-0.0006350585937500153
1604988767664,0.0029154518950437317,0.003331945022907122,-0.0002799666805497606
1604988767692,0.011479591836734694,0.01020408163265306,-0.0008051020408163353
1604988767712,0.0175,0.025,-0.001177500000000009
1604988767743,0.009365244536940686,0.01040582726326743,-0.00026181061394380466
1604988767776,0.008264462809917356,0.009182736455463728,-0.00043204775022958263
1604988767809,0.008264462809917356,0.009182736455463728,0.0003643709825528128
1604988767856,0.004979628791308284,0.004979628791308284,-3.9429606156628524e-05
1604988767888,0.009765625,0.01171875,-0.00012363281250002411
1604988767919,0.011446409989594173,0.01040582726326743,-0.00018137356919873895
1604988767952,0.010101010101010102,0.008264462809917356,-0.00013461891643710421
1604988767984,0.009765625,0.009765625,-0.00029326171874999307
1604988768015,0.009365244536940686,0.009365244536940686,-1.456815816846651e-06
1604988768047,0.0087890625,0.0087890625,-0.00014707031249999725
1604988768079,0.0068359375,0.005859375,2.4414062499977796e-05
1604988768111,0.0068359375,0.001953125,-0.0006491210937499825
1604988768143,0.0087890625,0.0048828125,-0.00012236328125000973
1604988768176,0.0073461891643709825,0.008264462809917356,0.00013140495867768962
1604988768209,0.006427915518824609,0.0027548209366391185,-2.121212121212071e-05
1604988768256,0.0022634676324128564,-0.0009053870529651426,-0.00011842462652784771
1604988768289,0.0036730945821854912,-0.0027548209366391185,-0.00044462809917354186
1604988768319,0.006666666666666667,0.0,-0.0004095555555555721
1604988768352,0.0036730945821854912,0.004591368227731864,-8.659320477500057e-05
1604988768383,0.004162330905306972,0.003121748178980229,0.0004250780437044783
1604988768416,0.0018365472910927456,-0.0027548209366391185,0.0008825528007346075
1604988768447,-0.001040582726326743,0.002081165452653486,0.000858376690946915
1604988768479,0.0,-0.0009765625,0.001292285156250017
1604988768511,0.0009765625,0.0,0.0005187499999999845
1604988768544,-0.0027548209366391185,-0.0036730945821854912,0.0008595041322314115
1604988768576,-0.0029296875,0.0,0.0007217773437500075
1604988768608,-0.0048828125,-0.0029296875,0.0006191406249999865
1604988768656,-0.001736111111111111,-0.0008680555555555555,0.00042482638888889185
1604988768689,-0.006427915518824609,-0.0036730945821854912,0.00034003673094583516
1604988768720,-0.007284079084287201,-0.003121748178980229,0.0010530697190426644
1604988768751,-0.007284079084287201,-0.006243496357960458,0.000146305931321517
1604988768784,-0.008264462809917356,-0.0027548209366391185,0.000577869605142333
1604988768816,-0.0068359375,-0.0009765625,-0.00011503906249998863
1604988768848,-0.009765625,-0.009765625,0.00033242187499998854
1604988768880,-0.0068359375,0.0,0.0001843750000000144
1604988768912,-0.0087890625,-0.0087890625,0.00034619140625000155
1604988768943,-0.01040582726326743,-0.007284079084287201,0.00047627471383973824
1604988768976,-0.009182736455463728,-0.008264462809917356,0.00023406795224976322
1604988769008,-0.0078125,-0.0078125,-0.0001957031249999741
1604988769056,-0.004340277777777778,-0.00390625,-0.00011254340277778841
1604988769089,-0.008264462809917356,-0.008264462809917356,0.00035821854912765664
1604988769120,-0.009365244536940686,-0.009365244536940686,-3.069719042665241e-05
1604988769151,-0.009365244536940686,-0.009365244536940686,0.00012143600416233994
1604988769183,-0.0078125,-0.0087890625,6.171874999999494e-05
1604988769216,-0.0073461891643709825,-0.0073461891643709825,-2.7456382001834542e-05
1604988769248,-0.0068359375,-0.0078125,-0.00019189453124998646
1604988769279,-0.008324661810613945,-0.008324661810613945,0.00019292403746096475
1604988769313,-0.005190311418685121,-0.006055363321799308,-0.00022041522491348514
1604988769343,-0.006666666666666667,-0.006666666666666667,-0.0004188888888888995
1604988769377,-0.005190311418685121,-0.005190311418685121,1.634948096885998e-05
1604988769408,-0.004162330905306972,-0.005202913631633715,-0.0004884495317377808
1604988769456,-0.001736111111111111,-0.0026041666666666665,-7.964409722222627e-05
1604988769492,-0.0038580246913580245,-0.0030864197530864196,-0.00022862654320985633
1604988769519,-0.00411522633744856,-0.00411522633744856,-0.00024924554183814324
1604988769551,-0.00390625,-0.00390625,-7.226562500001199e-05
1604988769583,-0.0029296875,-0.0009765625,-0.00027656249999999383
1604988769615,-0.0029296875,-0.0029296875,-7.451171875000329e-05
1604988769648,-0.0018365472910927456,-0.0027548209366391185,-0.0003044995408631853
1604988769679,-0.001040582726326743,-0.001040582726326743,-0.00019656607700311096
1604988769712,-0.0009182736455463728,-0.0009182736455463728,-0.0003839302112029474
1604988769744,0.0,-0.0009765625,-0.00014394531249997677
1604988769776,0.0,0.0,-0.00043447265625001785
1604988769808,0.0009765625,0.0009765625,6.718750000000995e-05
1604988769855,0.0009053870529651426,-0.0004526935264825713,-0.00017161611588954008
1604988769888,0.0009182736455463728,0.0,-5.050505050516116e-06
1604988769920,0.0009765625,0.001953125,-3.056640624998774e-05
1604988769952,0.0009765625,0.0029296875,7.480468749998526e-05
1604988769983,0.002081165452653486,0.001040582726326743,-5.234131113422779e-05
1604988770015,0.001953125,0.0048828125,-2.89062500000159e-05
1604988770048,0.0036730945821854912,0.0036730945821854912,-6.216712580346526e-05
1604988770079,0.003121748178980229,0.005202913631633715,-0.00021696149843914152
1604988770111,0.005859375,0.005859375,-0.0007140625000000012
1604988770144,0.004591368227731864,0.006427915518824609,-0.00021120293847565636
1604988770177,0.006427915518824609,0.0073461891643709825,-0.00028870523415978536
1604988770208,0.007284079084287201,0.009365244536940686,0.0001713839750260255
1604988770256,0.0030381944444444445,0.00390625,-8.467881944445526e-05
1604988770288,0.0087890625,0.0107421875,-1.6894531249977973e-05
1604988770320,0.009765625,0.009765625,-0.00022783203125001372
1604988770351,0.01040582726326743,0.01040582726326743,-0.00031488033298645576
1604988770384,0.011019283746556474,0.010101010101010102,-0.00016005509641874797
1604988770416,0.0107421875,0.009765625,-0.0003982421875000086
1604988770448,0.0107421875,0.0087890625,-0.00033906249999998694
1604988770480,0.0107421875,0.0107421875,-0.0004851562500000073
1604988770512,0.01171875,0.0087890625,-0.00033300781249998024
1604988770544,0.0107421875,0.0087890625,-0.0003332031250000145
1604988770577,0.010101010101010102,0.008264462809917356,-0.0006367309458218521
1604988770608,0.011446409989594173,0.006243496357960458,-0.0005994797086368332
1604988770656,0.004340277777777778,0.002170138888888889,-0.00022187500000000102
1604988770688,0.0087890625,0.0009765625,-0.0009547851562499987
1604988770719,0.01040582726326743,0.01040582726326743,-0.0007281997918834656
1604988770751,0.0078125,-0.00390625,-0.000685449218749995
1604988770783,0.0068359375,0.0068359375,-0.0001353515624999968
1604988770816,0.006427915518824609,-0.0027548209366391185,-0.0004134986225895304
1604988770847,0.004162330905306972,-0.001040582726326743,-0.0002541103017689973
1604988770879,0.0048828125,0.0068359375,0.00025068359374999516
1604988770911,0.001953125,-0.0009765625,0.0017583984375000028
1604988770944,-0.0027548209366391185,-0.0009182736455463728,0.002543067033976142
1604988770978,0.0008650519031141869,-0.0017301038062283738,0.0015313148788927236
1604988771024,0.0,0.0023629489603024575,0.00020860113421549496
1604988771056,-0.001953125,-0.0029296875,0.0005892578125000214
1604988771088,-0.0048828125,0.001953125,0.000954492187499989
1604988771120,-0.0029296875,-0.001953125,7.343749999999538e-05
1604988771152,-0.0048828125,-0.0048828125,0.0006350585937500153
1604988771183,-0.005202913631633715,-0.002081165452653486,0.00042414151925078273
1604988771215,-0.0068359375,-0.00390625,0.0004844726562499846
1604988771248,-0.0073461891643709825,-0.0009182736455463728,0.00047621671258034175
1604988771280,-0.0068359375,-0.001953125,0.0002595703125000126
1604988771312,-0.0078125,-0.0078125,-4.980468749998801e-05
1604988771344,-0.0078125,0.0009765625,0.0002588867187499899
1604988771376,-0.0068359375,-0.0009765625,-9.433593749999525e-05
1604988771423,-0.003168854685377999,-0.0022634676324128564,-0.00014087822544138237
1604988771456,-0.009182736455463728,-0.0073461891643709825,0.0006284664830119474
1604988771488,-0.0078125,-0.0048828125,0.0001785156249999864
1604988771519,-0.009365244536940686,-0.008324661810613945,0.00024099895941728872
1604988771551,-0.0087890625,-0.0078125,0.00037714843750000226
1604988771583,-0.0087890625,-0.0068359375,-9.208984375000395e-05
1604988771615,-0.009765625,-0.0087890625,9.765624999991118e-06
1604988771648,-0.0073461891643709825,-0.0073461891643709825,-7.658402203855213e-05
1604988771679,-0.01040582726326743,-0.009365244536940686,0.00032767950052028553
1604988771712,-0.0073461891643709825,-0.008264462809917356,0.00012020202020201736
1604988771744,-0.0087890625,-0.0087890625,-5.76171874999698e-06
1604988771776,-0.0068359375,-0.0078125,-0.00017617187500001963
1604988771824,-0.0030381944444444445,-0.003472222222222222,-5.1258680555554825e-05
1604988771855,-0.007284079084287201,-0.008324661810613945,-0.0001350676378771996
1604988771888,-0.006427915518824609,-0.006427915518824609,8.494031221304053e-05
1604988771920,-0.005859375,-0.0068359375,-0.0005090820312499966
1604988771951,-0.006243496357960458,-0.006243496357960458,-0.00024838709677418765
1604988771984,-0.005509641873278237,-0.005509641873278237,-6.473829201102826e-05
1604988772015,-0.005202913631633715,-0.004162330905306972,-9.88553590010394e-05
1604988772047,-0.00390625,-0.0048828125,-0.0003032226562499907
1604988772079,-0.00390625,-0.00390625,-4.0722656250019584e-05
1604988772112,-0.0018365472910927456,-0.0018365472910927456,-0.0001206611570247797
1604988772144,-0.0029296875,-0.0029296875,-7.089843749999436e-05
1604988772192,-0.00043402777777777775,0.0,-0.00010694444444445426
1604988772224,0.0,-0.0009765625,-0.00016757812499998415
1604988772256,0.0,-0.0009765625,-0.0002625976562500021
1604988772287,-0.001040582726326743,-0.002081165452653486,-0.00017252861602496376
1604988772320,0.0009182736455463728,0.0027548209366391185,0.000265105601469217
1604988772352,0.0,-0.0009765625,-0.00018378906249999494
1604988772383,0.001040582726326743,-0.002081165452653486,-0.0002925078043704275
1604988772416,0.0009182736455463728,0.0,5.059687786958836e-05
1604988772448,0.0009765625,-0.0009765625,-0.00021728515624999667
1604988772479,0.002081165452653486,-0.003121748178980229,-0.00047804370447449327
1604988772512,0.0027548209366391185,-0.0027548209366391185,-0.0007189164370982664
1604988772545,0.0027548209366391185,-0.006427915518824609,-0.0009931129476584072
1604988772592,0.001358080579447714,-0.004979628791308284,-0.0007588048890900834
1604988772623,0.005202913631633715,-0.015608740894901144,-0.0031424557752341383
1604988772655,0.0048828125,-0.025390625,-0.004147558593749989
1604988772687,0.0048828125,-0.015625,-0.005883105468750011
1604988772720,0.004591368227731864,-0.012855831037649219,-0.00676152433425159
