1604728936325,0.0,0.0,0.0005598702001081683
1604728936632,-0.0009336969092510265,-0.00048806883892667295,-0.0001250803722055407
1604728936690,-0.0008917954815695601,-0.0011890606420927466,0.0002679548156956075
1604728936741,0.0,-0.0019223375624759708,0.000670242214532863
1604728936952,0.001347678623570899,-0.00042676489746411805,0.000983349430605782
1604728936993,0.00594883997620464,-0.001784651992861392,0.001492563950029736
1604728937034,0.004759071980963712,-0.001189767995240928,0.001000059488399771
1604728937075,0.007138607971445568,-0.00297441998810232,0.0012897679952409168
1604728937106,0.002081165452653486,0.0,0.00011019771071802252
1604728937162,0.0,0.0,-0.0001477359693877563
1604728937208,-0.0004725897920604915,-0.0004725897920604915,-9.29584120983087e-05
1604728937248,-0.010625,-0.001875,-0.0007195624999999949
1604728937316,-0.004757785467128028,0.0006487889273356401,0.000489900519031141
1604728937375,-0.002872737719046251,0.0,-0.0005989370870439542
1604728937453,-0.0067389875082182775,0.0014792899408284023,-0.0024338428665351703
1604728937492,-0.011176857330703484,0.0039447731755424065,0.0031279421433267566
1604728937539,-0.0018107741059302852,-0.0004526935264825713,0.0011889090086011707
1604728937581,-0.007936507936507936,0.003968253968253968,0.00553367346938776
1604728937625,-0.0030991735537190084,0.0,0.0018137913223140413
1604728937669,0.0,-0.002066115702479339,0.0002033574380165413
1604728937700,0.012486992715920915,-0.004162330905306972,-0.017832154006243515
1604728937732,0.009765625,-0.005859375,-0.0044585937499999895
1604728937790,0.002972651605231867,-0.00029726516052318666,-0.0010350178359096291
1604728937842,0.00628698224852071,-0.0025887573964497044,0.0004851701183431879
1604728938042,0.001825,0.0003,0.0004674225
1604728938118,0.002077562326869806,0.002077562326869806,-0.00011892313019390237
1604728938149,-0.001040582726326743,0.007284079084287201,-0.0008144640998959474
1604728938194,-0.0019753086419753087,0.0034567901234567903,-0.0001443950617284024
1604728938250,-0.004464285714285714,0.003826530612244898,-0.00038000637755101953
1604728938307,-0.0030778701138811943,0.0021545090797168358,-6.811326562018626e-05
1604728938336,-0.014268727705112961,-0.0011890606420927466,0.0013741973840665825
1604728938378,-0.002834467120181406,0.0022675736961451248,-0.0006401927437641727
1604728938409,0.0,-0.007284079084287201,-0.000860874089490123
1604728938459,0.0008,-0.004,-0.0004295599999999922
1604728938508,-0.00041649312786339027,-0.007913369429404415,-1.166180758018326e-05
1604728938579,0.00039674667724657806,-0.010315413608411029,0.0007538980361039469
1604728938626,0.0004526935264825713,-0.006790402897238569,-0.000465459483929379
1604728938679,-0.001067995728017088,-0.008543965824136704,-0.0013674617301530744
1604728938719,-0.0025,-0.005,-0.0013561250000000058
1604728938761,0.0,-0.002834467120181406,-0.0011221088435374139
1604728938808,-0.0009053870529651426,-0.0004526935264825713,0.00020593028519692584
1604728938849,0.00297441998810232,0.00892325996430696,0.001128732897085071
1604728938886,0.003652300949598247,0.009495982468955442,0.0001257852447041663
1604728938929,0.002163331530557058,0.008112493239588967,0.0006351000540832819
1604728938976,0.001358080579447714,0.007243096423721141,0.0006309189678587576
1604728939005,0.007134363852556481,0.03804994054696789,-0.002019500594530312
1604728939052,-0.0004526935264825713,0.008601177003168854,-0.001082344952467187
1604728939110,0.0005945303210463733,0.005648038049940547,-4.515457788346715e-05
1604728939250,-5.102040816326531e-05,0.0009183673469387755,9.371428571428482e-05
1604728939280,-0.0011111111111111111,-0.022222222222222223,-0.0012068888888888789
1604728939343,0.0,-0.004031242126480222,0.0003366591080876772
1604728939385,0.0,-0.024376417233560092,0.0018729024943310792
1604728939465,-0.00109375,-0.0059375,-0.0004911406250000017
1604728939496,-0.006243496357960458,-0.021852237252861603,-0.0023378772112382976
1604728939543,-0.0009053870529651426,-0.0022634676324128564,-0.0002531462200090557
1604728939585,0.0011337868480725624,0.003401360544217687,5.9297052154197795e-05
1604728939631,0.0014177693761814746,0.005198487712665407,0.0005110113421550089
1604728939676,0.0019753086419753087,0.014320987654320988,0.0006988641975308635
1604728939701,0.0064,0.0288,0.002555040000000008
1604728939754,0.0,0.006407974368102528,-0.0006226415094339606
1604728939809,0.00033057851239669424,0.00628099173553719,-0.0010107768595041349
1604728939847,-0.006925207756232687,0.0221606648199446,-0.002713504155124645
1604728939869,0.006198347107438017,0.022727272727272728,0.0007533057851239583
1604728939947,0.0,0.0018080210387902695,-0.0002354043392504922
1604728940009,-0.00026014568158168577,0.00026014568158168577,-0.0009127211238293439
1604728940051,0.0011337868480725624,-0.005668934240362812,-0.0030154761904762056
1604728940384,-0.00016232448664881097,-0.0007124241358475592,-0.00016071296521746954
1604728940553,0.00010503833899373271,-0.0001400511186583103,0.0001744931900143552
1604728940648,0.000997229916897507,0.000554016620498615,0.0006088088642659267
1604728940695,0.0036215482118605704,0.0009053870529651426,0.004497012222725212
1604728940742,-0.0004526935264825713,0.004074241738343142,0.003383657763693982
1604728940770,0.0,-0.0012755102040816326,0.006302168367346938
1604728940819,0.00041649312786339027,0.00041649312786339027,0.0013248229904206615
1604728940862,-0.0005408328826392645,0.0,0.0012156841535965453
1604728940908,-0.0014177693761814746,0.0004725897920604915,0.0020405482041587794
1604728940948,-0.00125,0.0025,0.0009683125000000104
1604728940974,0.0014792899408284023,0.0014792899408284023,0.0007578402366863639
1604728941021,0.0,0.0,0.0002943413309189734
1604728941052,0.001040582726326743,-0.001040582726326743,-0.0005443288241415187
1604728941109,0.0,-0.0012311480455524776,-0.0002484764542936282
1604728941151,0.0011337868480725624,-0.00510204081632653,-0.0016597505668934187
1604728941193,0.0,-0.0045351473922902496,-0.0008077664399093016
1604728941243,0.0004,-0.0064,-0.0006707200000000057
1604728941282,-0.007232084155161078,-0.018408941485864562,-0.003352991452991447
1604728941721,-0.0007264387378645814,-0.00031651973578385336,4.817897374961732e-05
1604728941778,-0.0006155740227762388,0.0,-0.0004634041243459486
1604728942101,0.0009872614517535871,-4.792531319192171e-05,-0.00012242904657381955
1604728942428,-0.0008416799932665601,0.00014027999887776,0.00015981632672146937
1604728942515,-0.00039635354736424893,0.0010569427929713305,-0.0003822433610780789
1604728942550,0.006530612244897959,0.0016326530612244899,0.0021679999999999994
1604728942577,0.015089163237311385,0.00411522633744856,0.002449931412894378
1604728942793,0.0022933813443072703,0.0008787722908093279,-0.00033966478052126247
1604728943008,0.0016657652785289345,0.0011465657111952407,0.00029524283396430525
1604728943058,0.002,0.0032,-0.00031499999999999774
1604728943109,0.0007689350249903883,0.00038446751249519417,3.210303729334355e-05
1604728943148,0.0006574621959237344,0.0039447731755424065,0.0020648257725180844
1604728943240,-0.0007088846880907373,0.0004725897920604915,0.00035444234404536864
1604728943277,-0.010226442658875092,0.0014609203798392988,-0.011481884587290003
1604728943315,-0.004847645429362881,0.0006925207756232687,-7.479224376723712e-06
1604728943359,-0.0046487603305785125,0.0005165289256198347,-0.000214411157024791
1604728943410,-0.00461361014994233,-0.00038446751249519417,0.000653325643983081
1604728943563,-0.0016233072749797088,-0.0002563116749967961,-0.00041554103122730526
1604728943609,-0.0004725897920604915,0.000945179584120983,-0.0008002835538752348
1604728943899,0.0009512485136741974,-2.3781212841854935e-05,0.0003328311533888227
1604728943942,0.0005408328826392645,-0.001081665765278529,-0.0012087614926987636
1604728943984,0.0011337868480725624,0.0,-0.000641950113378679
1604728944025,-0.001784651992861392,0.000594883997620464,0.0006647233789411086
1604728944149,-0.0016259105098855359,0.0003251821019771072,-0.001011348855359001
1604728944481,-0.0009435331688198577,-6.350704020902888e-05,-0.00017141185222818982
1604728944516,0.0008163265306122449,-0.0016326530612244899,-0.006059673469387759
1604728944547,0.001040582726326743,-0.002081165452653486,0.001619146722164424
1604728944580,0.0027548209366391185,-0.0036730945821854912,-0.011398438934802578
1604728944643,-0.0002519526329050139,-0.0015117157974300832,-0.00045762156714537983
1604728944682,-0.0019723865877712033,0.0,0.0045249178172255215
1604728944722,-0.00125,0.0,0.018137437499999985
1604728944762,0.0,-0.000625,0.014054312500000013
1604728944796,0.0,-0.0008650519031141869,0.0012051038062283771
1604728944851,0.002644628099173554,0.001322314049586777,-0.01686201652892563
1604728944896,0.003950617283950617,0.0004938271604938272,-0.01014617283950617
1604728945277,0.0002824450093344631,-6.888902666694222e-05,0.0003901991581760942
1604728945365,-0.0015495867768595042,-0.00490702479338843,-9.837293388430039e-05
1604728945400,-0.005714285714285714,-0.019591836734693877,-0.000421387755102039
1604728945447,-0.008601177003168854,-0.016296966953372568,-0.002247578089633318
1604728945493,-0.0023629489603024575,-0.005671077504725898,-0.0003143667296786383
1604728945541,-0.002170138888888889,-0.0026041666666666665,0.00023693576388889644
1604728945580,-0.0046022353714661405,-0.003287310979618672,0.0013434582511505531
1604728945617,0.006574141709276844,0.005843681519357195,-0.0021118334550766942
1604728945648,0.006243496357960458,0.014568158168574402,0.0002457856399583732
1604728945683,0.006530612244897959,0.00816326530612245,4.759183673469607e-05
1604728945731,0.003472222222222222,0.0078125,0.00014991319444443738
1604728945777,0.0023629489603024575,0.007561436672967864,0.00046138941398866213
1604728945818,0.007138607971445568,0.024985127900059488,-0.000760321237358712
1604728946956,-1.4671316186940366e-05,2.393741062079744e-05,-1.858647273760583e-05
1604728947012,0.00031887755102040814,0.00031887755102040814,-0.0001473214285714251
1604728947253,-0.0011707787400354677,0.0006026067044300202,0.0007462888035674312
1604728947313,0.0011111111111111111,-0.001388888888888889,-0.00021599999999999397
1604728947740,0.0008939883397594458,-0.00018099150436847675,-5.716315012971065e-05
1604728947779,-0.0019723865877712033,0.0019723865877712033,0.0012774490466798238
1604728947805,-0.0014792899408284023,-0.0029585798816568047,-0.006035207100591725
1604728948211,-0.0007219296755563105,0.00010919944672280328,-0.0002505053507728895
1604728948322,0.00024348672997321646,-0.0019478938397857316,-0.0007137407677948205
1604728948361,-0.0019723865877712033,-0.005917159763313609,0.007939316239316228
1604728948415,-0.0006858710562414266,-0.00205761316872428,0.0063026748971193435
1604728948456,-0.00297441998810232,-0.005353955978584176,0.016457227840571093
1604728948490,-0.0008650519031141869,-0.0017301038062283738,0.0029075259515570877
1604728948537,-0.0004526935264825713,0.0,0.0004950203712086944
1604728948582,0.0004938271604938272,-0.0004938271604938272,-9.570370370370874e-05
1604728948625,0.004326663061114116,0.0005408328826392645,-0.01089610600324499
1604728948679,0.00205761316872428,0.0003429355281207133,-0.009497496570644724
1604728948796,0.001826283877565929,0.0008035649061290087,0.0010526627218934927
1604728948840,0.0010330578512396695,0.0025826446280991736,0.003623915289256192
1604728948880,0.001875,0.004375,0.0029053124999999904
1604728948917,0.0,0.005843681519357195,0.00529569028487949
1604728948948,0.0,-0.001040582726326743,0.004102081165452635
1604728948979,-0.002081165452653486,0.001040582726326743,0.0015107180020811862
1604728949044,0.0,-0.00023668639053254438,0.0006148165680473373
1604728949084,-0.001875,0.000625,0.0008906874999999914
1604728949118,-0.0017301038062283738,-0.0034602076124567475,-9.809688581313529e-05
1604728949149,-0.003121748178980229,-0.001040582726326743,-0.0021322580645161395
1604728949192,-0.0016224986479177934,-0.001081665765278529,-0.001240616549486213
1604728949239,-0.0022634676324128564,0.0,-0.0018441376188320518
1604728949283,-0.004132231404958678,-0.0030991735537190084,-0.002552066115702477
1604728949351,-0.0038927335640138406,-0.00043252595155709344,-0.002796172145328718
1604728949392,-0.005353955978584176,-0.002379535990481856,8.964901844140423e-05
1604728949449,-0.0009233610341643582,-0.0003077870113881194,-4.453678054786097e-05
1604728949490,-0.003569303985722784,0.0,0.003377810826888757
1604728949529,0.0013149243918474688,-0.0013149243918474688,0.0008095989480604729
1604728949567,0.0006925207756232687,0.0006925207756232687,0.0018491689750692677
1604728949608,0.00892325996430696,-0.001189767995240928,0.0006976204640095134
1604728949655,0.004526935264825713,0.0009053870529651426,0.0002627433227704832
1604728949697,0.0011337868480725624,-0.0005668934240362812,0.0018542517006802787
1604728949740,0.0,-0.0005408328826392645,0.00012422931314222814
1604728949768,0.0,0.0012755102040816326,0.0018885204081632776
1604728949947,-0.00184139071814238,-0.000998720389500952,0.00034442433132548893
1604728949983,-0.008487654320987654,-0.006944444444444444,0.00125216049382717
1604728950024,-0.005353955978584176,-0.00594883997620464,7.745389649018565e-05
1604728950064,-0.008125,-0.005625,-0.0005383750000000021
1604728950114,-0.0024,-0.0024,-0.00025528000000000475
1604728950154,-0.01,-0.009375,-0.0013599999999999923
1604728950193,-0.0046022353714661405,-0.0039447731755424065,-0.0007247205785667415
1604728950232,-0.0039447731755424065,-0.0039447731755424065,-0.0001612754766600829
1604728950265,-0.0018365472910927456,-0.0027548209366391185,-0.0008433425160697807
1604728950310,-0.0004938271604938272,-0.0004938271604938272,-0.0006574814814814825
1604728950359,0.0024989587671803417,-0.0020824656393169513,-0.0008936693044564786
1604728950406,0.002716161158895428,-0.0022634676324128564,2.7795382526026213e-05
1604728950444,0.006925207756232687,0.0006925207756232687,0.002715927977839348
1604728950510,0.006887052341597796,-0.0009182736455463728,0.0016030762167125747
1604728950598,0.002453512396694215,0.00012913223140495868,0.00027656250000000185
1604728950645,0.0009053870529651426,0.0,0.00014445450430058477
1604728950682,0.0007304601899196494,0.004382761139517896,6.508400292184219e-05
1604728950711,-0.005945303210463734,-0.0011890606420927466,-0.0005096313912009379
1604728950742,-0.01040582726326743,0.0,-0.0006258064516129161
1604728950798,-0.0028698979591836736,0.00031887755102040814,-0.0004226084183673465
1604728950878,-0.00359375,-0.00015625,-0.0006734843750000019
1604728950943,-0.0073372781065088755,-0.00047337278106508875,-0.0018691834319526563
1604728950997,-0.003429355281207133,0.0013717421124828531,0.0015241769547325022
1604728951195,-0.00015304560759106213,0.00015304560759106213,6.923018059381701e-05
1604728951246,0.002691272587466359,0.00038446751249519417,-9.842368319875887e-06
1604728951284,0.006925207756232687,-0.002077562326869806,-0.0027716066481994375
1604728951317,0.015610651974288337,0.0018365472910927456,0.0005091827364554547
1604728951349,0.015625,0.0009765625,0.001574707031250011
1604728951398,0.006247396917950854,0.00041649312786339027,0.0018115368596418066
1604728951618,0.0016735537190082645,0.00020661157024793388,-0.00015783677685950396
1604728951665,0.0018107741059302852,-0.0004526935264825713,-0.0007835219556360289
1604728951706,0.002379535990481856,0.00297441998810232,-0.0003538370017846643
1604728951745,0.0013149243918474688,0.0013149243918474688,0.0002037475345167833
1604728951782,-0.004382761139517896,0.004382761139517896,0.002165960555149731
1604728951814,-0.0087890625,0.00390625,0.005771777343750006
1604728951862,-0.004340277777777778,0.00043402777777777775,0.001547352430555556
1604728951915,-0.002847988608045568,0.002135991456034176,0.0006804912780348842
1604728951955,-0.01375,0.005,-0.0009201874999999937
1604728951984,-0.011890606420927468,0.0023781212841854932,-0.0013929845422116633
1604728952015,-0.007284079084287201,0.005202913631633715,-0.0038254942767950027
1604728952061,-0.001890359168241966,0.001890359168241966,0.0006885160680529255
1604728952114,0.0,0.00177999288002848,-7.61480954076167e-05
1604728952154,0.005625,0.0025,0.00012837499999999836
1604728952193,0.005917159763313609,0.0026298487836949377,-0.0011662064431295163
1604728952321,0.00341796875,0.0009765625,-0.0004577941894531243
1604728952455,0.003452884829583426,0.0013366005791935842,0.00015095232791267522
1604728952492,0.005113221329437546,0.004382761139517896,-0.0008782322863404003
1604728952535,0.003244997295835587,0.002163331530557058,-0.0012825851811790144
1604728952579,0.004132231404958678,0.002066115702479339,-5.268595041322514e-05
1604728952616,0.0007304601899196494,0.003652300949598247,-0.0005240321402483548
1604728952648,-0.0009765625,0.0009765625,-0.0010727539062500013
1604728952680,-0.0048828125,0.0009765625,0.0009024414062500097
1604728952716,-0.004629629629629629,0.0015432098765432098,0.0006664351851851808
1604728952773,-0.0030778701138811943,0.0006155740227762388,0.00012117574638350123
1604728952815,-0.011337868480725623,-0.0005668934240362812,-0.0021367913832199474
1604728952883,-0.006487889273356401,-0.0006487889273356401,-0.0014819852941176468
1604728953014,-0.0006409882873958394,0.0006409882873958394,-0.00010560573393158868
1604728953083,0.004200798151648814,0.0004200798151648813,-0.0003261709724847768
1604728953137,0.0027434842249657062,-0.003429355281207133,0.0008341563786008235
1604728953224,0.005945303210463734,0.0006605892456070815,0.0017674990091161343
1604728953264,0.0075,-0.000625,-0.00029731250000001095
1604728953302,0.008310249307479225,-0.004847645429362881,-0.00039632963988918575
1604728953567,0.0001851192595229619,0.00027055891776432895,0.00012538554645781394
1604728953624,-0.0052323791935980305,0.0009233610341643582,-0.002081840566328103
1604728953718,-0.0035083748302399275,0.0005658669081032141,4.6253961068357884e-05
1604728953749,-0.012486992715920915,-0.002081165452653486,-0.0006476586888657638
1604728953882,-0.0018655661710667646,0.00022612923285657754,5.436146757872148e-05
1604728953924,-0.011337868480725623,0.002834467120181406,-0.002336507936507937
1604728953963,-0.0039447731755424065,0.0006574621959237344,-0.0031037475345167633
1604728954051,-0.0015495867768595042,0.0005165289256198347,0.0002446410123966934
1604728954092,0.004164187983343248,-0.002379535990481856,-0.00036281975014872716
1604728954134,0.003968253968253968,-0.0045351473922902496,0.0009592403628117974
1604728954180,0.0033081285444234404,-0.005671077504725898,0.0005626181474480084
1604728954205,0.0272,-0.0224,0.001265440000000035
1604728954252,0.004074241738343142,-0.003168854685377999,0.0011681303757356259
1604728954283,0.01040582726326743,-0.008324661810613945,0.004141311134235154
1604728954347,0.00146484375,-0.001220703125,0.00016752929687500334
1604728954384,0.002191380569758948,-0.008035062089116142,0.00039912344777210047
1604728954421,-0.0007304601899196494,-0.0014609203798392988,0.0010618699780861928
1604728954453,-0.0048828125,0.0,0.00044785156249999014
1604728954499,-0.0014177693761814746,0.0004725897920604915,0.0003451795841209844
1604728954548,-0.001665972511453561,0.0,2.069970845481108e-05
1604728954594,-0.00945179584120983,0.004253308128544423,-0.0005456049149338435
1604728954633,-0.007889546351084813,0.0019723865877712033,-0.0014929651545036028
1604728954680,-0.004526935264825713,0.0022634676324128564,-0.00019556360344047822
1604728954707,-0.02880658436213992,0.006858710562414266,-0.005096296296296271
1604728954738,-0.008324661810613945,0.006243496357960458,0.0022756503642039337
1604728954794,-0.002551020408163265,-0.0009566326530612245,0.0016398915816326592
1604728954835,-0.004759071980963712,0.003569303985722784,0.003186912552052336
1604728954881,-0.0014177693761814746,-0.002835538752362949,0.0006003308128544519
1604728954907,0.0,-0.0073964497041420114,-0.0020057692307692597
1604728954961,0.0017146776406035665,-0.0013717421124828531,-0.0004345336076817556
1604728955001,0.00375,-0.00375,-0.000662812499999994
1604728955049,0.0030381944444444445,-0.00390625,-0.0007294704861111118
1604728955080,0.015608740894901144,-0.021852237252861603,-0.0029389177939646138
1604728955229,0.0004954731768839241,-0.002792666996982118,4.2966533039052494e-05
1604728955267,-0.002770083102493075,-0.01038781163434903,0.0004967451523545668
1604728955309,-0.0022675736961451248,-0.00510204081632653,0.001527777777777774
1604728955355,-0.003780718336483932,-0.004253308128544423,0.0008495274102079476
1604728955395,-0.000625,-0.000625,0.0002571874999999935
1604728955437,0.002834467120181406,0.002834467120181406,-0.0008155895691610042
1604728955479,0.0011337868480725624,0.003968253968253968,-0.0003192176870748251
1604728955509,0.015555555555555555,0.022222222222222223,-0.0035573333333333164
1604728955541,0.00390625,0.017578125,-0.0009947265625000201
1604728955587,0.001890359168241966,0.007561436672967864,0.00011020793950851169
1604728955632,0.0019753086419753087,0.008395061728395062,0.00022558024691357383
1604728955681,0.0,0.008329862557267805,7.90503956684796e-05
1604728955748,0.001559367342392515,0.011583871686344397,0.00011071508130986538
1604728955836,0.00025826446280991736,0.0034865702479338844,-5.9762396694213226e-05
1604728955880,0.0,0.0025826446280991736,-0.00020532024793388842
1604728955920,0.001875,-0.008125,0.0001994999999999969
1604728955950,-0.0011111111111111111,-0.012222222222222223,-0.0004588888888888694
1604728955981,-0.002081165452653486,-0.013527575442247659,0.0009606659729448283
1604728956027,-0.000945179584120983,-0.011342155009451797,-0.00037887523629488777
1604728956082,-0.0006611570247933885,-0.006611570247933884,-0.00010776859504132953
1604728956125,-0.004326663061114116,-0.0167658193618172,-9.664683612763228e-05
1604728956162,-0.003652300949598247,-0.01168736303871439,-0.0006488677867056148
1604728956203,-0.001784651992861392,-0.009518143961927425,0.0005570493753717977
1604728956247,-0.0030991735537190084,-0.0025826446280991736,-0.00011389462809918154
1604728956286,-0.0013149243918474688,-0.0046022353714661405,0.0011339907955292675
1604728956327,0.001189767995240928,0.003569303985722784,-0.0005440214158239166
1604728956365,0.002770083102493075,0.004847645429362881,-0.0009889889196675905
1604728956417,0.0029585798816568047,0.004437869822485207,-0.0005641272189349077
1604728956457,0.006875,0.018125,0.00023106249999999662
1604728956498,0.00297441998810232,0.01189767995240928,-3.932183224271613e-05
1604728956548,0.0012,0.006,-0.0004702800000000025
1604728956587,-0.0026298487836949377,0.020381328073635765,0.00010440499671269796
1604728956614,0.0027434842249657062,0.015089163237311385,0.0015737997256515793
1604728956660,0.0004725897920604915,0.0033081285444234404,6.219281663515677e-05
1604728956716,0.0009566326530612245,0.0012755102040816326,0.0002589604591836783
1604728956757,0.001189767995240928,-0.001784651992861392,-0.001840511600237965
1604728956797,0.0,-0.00125,-0.0010554999999999913
1604728956833,0.0015432098765432098,-0.0015432098765432098,-0.0015003858024691397
1604728956880,0.0,-0.0022634676324128564,-0.0016135355364418301
1604728957014,0.0,-0.0017821341055914458,-0.0013350412118511923
1604728957081,-0.0017821341055914458,0.0,-0.004540053464023162
1604728957115,0.0,-0.0008650519031141869,-0.0021660899653979404
1604728957162,-0.0004526935264825713,-0.0022634676324128564,0.0011372114078768692
1604728957381,-0.0010842142574174851,-8.340109672442193e-05,0.0009211526031567319
1604728957462,-0.004877305288827923,0.0007620789513793629,0.002498033836305437
1604728957500,-0.002770083102493075,-0.0013850415512465374,-0.0010836565096952848
1604728957547,0.0018107741059302852,0.0018107741059302852,0.0004429153463105448
1604728957593,0.002835538752362949,0.000945179584120983,-0.001337901701323246
1604728957651,0.0011890606420927466,0.0,-4.0903686087988096e-05
1604728957689,0.012465373961218837,-0.0013850415512465374,-0.007952146814404433
1604728957717,0.006377551020408163,0.006377551020408163,0.007401913265306123
1604728957748,0.011446409989594173,-0.003121748178980229,-0.0018956295525494498
1604728957820,0.002507716049382716,0.0,0.0001970293209876543
1604728957863,0.011357490535424553,0.0005408328826392645,0.002446403461330454
1604728957915,0.0025887573964497044,0.0003698224852071006,-9.082840236686244e-05
1604728957949,0.01730103806228374,0.0008650519031141869,-0.002794982698961933
1604728957980,0.006243496357960458,-0.003121748178980229,-0.0025292403746097797
1604728958034,0.0006858710562414266,-0.0006858710562414266,-0.0011684842249657136
1604728958083,0.001665972511453561,-0.00041649312786339027,-0.0016602249062890448
1604728958122,-0.003287310979618672,-0.0013149243918474688,-0.007047600262984864
1604728958150,0.0012755102040816326,0.0,-0.0061369897959183935
1604728958349,-0.0012373424913512286,-5.0503775157193e-05,0.0004245094820837859
1604728958388,-0.005917159763313609,-0.0006574621959237344,0.008719921104536493
1604728958421,-0.009182736455463728,0.0,-0.008834067952249784
1604728958466,-0.0034567901234567903,0.003950617283950617,0.0016713580246913594
1604728958516,-0.0028,0.0008,-0.006387879999999996
1604728958553,0.0,0.0007304601899196494,5.843681519358108e-05
1604728958582,0.0047562425683709865,0.0,0.00045386444708679554
1604728958621,0.0019723865877712033,-0.0019723865877712033,-0.00012439184746877027
1604728958684,0.0030234315948601664,-0.0012597631645250692,0.0001461073318216127
1604728958735,0.0030757400999615533,0.0,0.0035523260284505945
1604728958784,0.0029154518950437317,-0.00041649312786339027,0.0013650145772594754
1604728958827,0.009194159004867496,0.0,0.004123580313683079
1604728958881,0.003429355281207133,0.0,0.000600823045267493
1604728958921,0.010625,0.000625,0.0012819374999999945
1604728958963,0.003401360544217687,-0.0017006802721088435,-0.0008037981859410448
1604728959004,-0.000594883997620464,0.0,-0.0004019631171921512
1604728959039,0.0,-0.0024489795918367346,-0.0004884081632653018
1604728959085,-0.007088846880907372,0.0,-0.00017032136105860041
1604728959170,-0.002629757785467128,0.0001384083044982699,-0.00041146020761245766
1604728959216,-0.007088846880907372,0.000945179584120983,-0.0008002835538752348
1604728959283,-0.011583871686344397,0.0006683002895967921,0.0015288260191579407
1604728959324,-0.00892325996430696,0.001189767995240928,0.0025544913741820433
1604728959374,-0.0064,-0.0004,0.0005394000000000005
1604728959417,-0.009734991887506761,0.0,-0.0012318009734991924
1604728959450,0.004591368227731864,-0.005509641873278237,0.001223324150596878
1604728959481,0.009365244536940686,-0.002081165452653486,-0.00020520291363164346
1604728959525,0.0046487603305785125,-0.0015495867768595042,-0.0005585743801652904
1604728959572,0.005885015844273427,-0.0022634676324128564,-0.0007363060208238991
1604728959623,0.0057670126874279125,-0.0030757400999615533,-0.0017372164552095304
1604728959704,0.006401463191586648,-0.002133821063862216,-0.0008215973174820916
1604728959741,0.002191380569758948,0.0007304601899196494,-0.0013251278305332333
1604728959788,-0.0022634676324128564,0.0004526935264825713,0.0008093254866455429
1604728959829,-0.00892325996430696,0.003569303985722784,-9.476502082094098e-05
1604728959872,-0.0048674959437533805,0.001081665765278529,-0.0007063277447268857
1604728959918,-0.005671077504725898,0.0,0.0009289697542533072
1604728959957,-0.009204470742932281,-0.005917159763313609,0.003936291913214989
1604728959988,-0.006243496357960458,-0.01040582726326743,0.0008793964620187328
1604728960052,-0.000732421875,-0.001708984375,-1.0620117187498668e-05
1604728960089,-0.0014609203798392988,-0.020452885317750184,0.00019444850255660905
1604728960126,0.0,-0.01095690284879474,1.6581446311186704e-05
1604728960205,0.0003204614645088928,-0.004646691235378946,0.0006813811889120329
1604728960550,-0.0004116782188615837,4.2007981516488134e-05,-0.00012331274942239026
1604728960588,-0.004847645429362881,0.002077562326869806,-0.005386565096952908
1604728960626,0.0006925207756232687,0.0,0.0008366343490304721
1604728960717,0.002173650525298877,-0.0016906170752324597,0.0016646057239463813
1604728960759,0.00510204081632653,-0.003968253968253968,0.0019323696145124775
1604728961118,-4.655457359890131e-05,0.0004112320667902949,-2.6784398010567873e-05
1604728961162,0.0015495867768595042,0.006714876033057851,8.946280991734506e-05
1604728961203,0.002379535990481856,0.00594883997620464,0.0017292682926829312
1604728961252,0.004581424406497293,0.004581424406497293,0.0008177009579341957
1604728961292,0.018125,0.00875,-0.0045701249999999935
1604728961386,0.00441376188320507,0.0010185604345857855,-0.0005428587596197392
1604728961428,0.02040816326530612,0.007936507936507936,0.0001628117913832272
1604728961491,0.007558578987150416,0.005291005291005291,0.00024089191232048177
1604728961552,0.0013437248051599033,0.0018812147272238647,8.008599838753072e-05
1604728961593,-0.002379535990481856,0.008328375966686495,-0.0003901844140392639
1604728961638,-0.0049382716049382715,0.0014814814814814814,-0.000752345679012338
1604728961683,-0.006913580246913581,0.002962962962962963,-0.0010843950617284064
1604728962028,-0.0011174123083385844,8.401596303297627e-05,0.00015056332703213622
1604728962116,0.0025826446280991736,-0.0010330578512396695,0.00024110278925619752
1604728962175,0.006320022981901752,0.0,0.00020835966676242582
1604728962231,0.0,0.00031887755102040814,9.269770408162846e-05
1604728962285,-0.0003429355281207133,-0.0006858710562414266,-0.00013892318244169275
1604728962407,-0.0026202633700618113,0.0007390486428379468,-0.00012578607901101994
1604728962452,-0.0024691358024691358,0.0009876543209876543,-0.0003838518518518503
1604728962495,-0.008653326122228232,0.005408328826392645,-0.0006408869659275296
1604728962533,0.0013850415512465374,-0.00554016620498615,-3.85734072022172e-05
1604728963029,0.0009227042143600416,-3.6582986472424556e-05,-2.7701043834547325e-05
1604728963161,0.0004591368227731864,-0.0004017447199265381,0.00041049701561065216
1604728963200,-0.0026298487836949377,0.0013149243918474688,-0.004674687705456931
1604728963247,-0.0004526935264825713,0.0004526935264825713,-0.0008414667270258045
1604728963279,-0.0224609375,0.0029296875,-0.000633105468750006
1604728963325,-0.004725897920604915,0.0004725897920604915,0.0006138941398865815
1604728963448,-0.0032388128759336375,-0.000396589331746976,-0.0010143499239870452
1604728963479,-0.009365244536940686,-0.001040582726326743,0.003119562955254929
1604728963548,-0.001260239445494644,0.00021003990758244065,0.000860596513337538
1604728963602,0.003429355281207133,-0.003429355281207133,-1.234567901236564e-06
1604728963652,0.0052,-0.002,-0.0008924399999999991
1604728963731,0.005287614164396731,-0.002403460983816696,0.002574282967473162
1604728963784,0.004627981488074048,0.0,-0.00040544677821288954
1604728963823,0.005917159763313609,0.0013149243918474688,-0.0002973701512163104
1604728963849,-0.005917159763313609,0.004437869822485207,-0.0014804733727810623
1604728963896,-0.001358080579447714,0.0004526935264825713,0.00018492530556813203
1604728963934,-0.0034626038781163434,0.004155124653739612,0.001451038781163441
1604728963991,-0.0021545090797168358,0.0018467220683287165,0.00033598030163127106
1604728964036,-0.01037037037037037,0.0049382716049382715,-0.0005540740740740811
1604728964082,-0.004253308128544423,0.001890359168241966,-0.002374999999999997
1604728964114,-0.0224609375,0.0048828125,-0.004415332031249997
1604728964150,-0.009259259259259259,0.0,3.433641975308589e-05
1604728964199,-0.0029154518950437317,-0.00041649312786339027,0.00018267388588088634
1604728964253,-0.0017146776406035665,-0.0013717421124828531,-0.0010697873799725708
1604728964294,0.003569303985722784,-0.006543723973825104,-0.004158298631766796
1604728964335,0.00297441998810232,-0.005353955978584176,-0.001178703152885192
1604728964383,0.0030381944444444445,-0.00390625,-0.0007302951388888923
1604728964484,0.0034310361729242233,-0.0029408881482207625,0.0013984707381629264
1604728964516,0.009765625,-0.0205078125,-0.0044218750000000195
1604728964552,0.0007716049382716049,-0.008487654320987654,-0.0012354166666666466
1604728964599,-0.002716161158895428,-0.005432322317790856,-0.0008803531009506616
1604728964637,-0.0034626038781163434,-0.004847645429362881,-0.0007409279778393281
1604728964685,-0.008680555555555556,-0.004774305555555556,-0.0004897569444444441
1604728965152,-0.0002934581753320892,0.0005869163506641784,0.00010243111757126679
1604728965234,0.00520523497917906,0.002676977989292088,-0.00249883997620464
1604728965285,0.004998077662437524,-0.0015378700499807767,0.001310803537101106
1604728965384,0.003162942556881951,-0.003162942556881951,-0.0004824201612080387
1604728965425,0.0,-0.01903628792385485,0.0009558596073765572
1604728965451,-0.01775147928994083,-0.02514792899408284,-0.002086686390532527
1604728965563,-0.002551020408163265,-0.001992984693877551,-0.00035015943877551094
