1604988575028,428,7,9.2542
1604988575060,403,18,118.4773
1604988575092,373,29,19.4607
1604988575124,343,37,20.3734
1604988575156,317,44,20.9974
1604988575188,293,49,21.7392
1604988575220,273,55,22.6273
1604988575252,255,59,23.1469
1604988575285,241,62,23.8115
1604988575333,231,67,12.4126
1604988575365,221,71,13.8037
1604988575397,215,74,12.6463
1604988575428,209,77,173.6958
1604988575460,203,81,175.7895
1604988575492,198,85,177.5648
1604988575525,193,88,179.6443
1604988575556,189,89,182.1364
1604988575589,186,90,184.0093
1604988575621,182,90,184.4485
1604988575653,179,91,184.5058
1604988575685,178,92,184.5554
1604988575733,177,94,184.3266
1604988575765,175,96,184.4844
1604988575796,174,97,184.39
1604988575827,173,97,184.8449
1604988575865,172,95,184.9268
1604988575892,170,92,184.6394
1604988575924,168,90,184.8292
1604988575956,167,87,184.6783
1604988575989,167,85,184.756
1604988576020,167,84,184.5994
1604988576053,168,84,184.1524
1604988576085,169,83,183.3933
1604988576132,170,84,183.4602
1604988576164,172,85,182.9957
1604988576197,174,87,183.07
1604988576228,176,91,182.7783
1604988576261,178,95,183.4771
1604988576292,181,100,183.7866
1604988576324,185,106,184.0427
1604988576356,190,111,183.0436
1604988576389,196,119,182.8241
1604988576421,203,126,182.2584
1604988576453,210,134,182.0441
1604988576485,218,143,181.7428
1604988576533,227,152,181.5466
1604988576564,237,161,181.2747
1604988576597,247,170,180.9837
1604988576629,258,180,180.4229
1604988576660,269,190,180.2554
1604988576692,279,199,180.051
1604988576724,288,203,179.7798
1604988576756,299,213,179.3637
1604988576788,311,227,178.6538
1604988576820,319,227,178.1989
1604988576853,328,224,177.4086
1604988576885,337,235,25.2072
1604988576932,346,239,25.1751
1604988576965,353,236,25.1736
1604988576996,358,238,25.3082
1604988577028,364,240,25.4909
1604988577060,369,247,25.943
1604988577092,372,246,178.7834
1604988577130,373,245,181.4645
1604988577156,373,244,183.0021
1604988577188,375,252,182.5444
1604988577220,371,244,185.1327
1604988577252,371,243,185.1455
1604988577286,367,244,185.5104
1604988577332,365,243,186.5243
1604988577364,363,243,185.9125
1604988577396,359,244,186.3971
1604988577429,351,238,187.5701
1604988577460,346,241,187.3885
1604988577493,342,255,186.9467
1604988577524,327,237,187.4621
1604988577556,319,235,187.2302
1604988577588,311,230,187.0812
1604988577620,298,217,187.0541
1604988577653,286,207,186.7461
1604988577684,275,196,186.6848
1604988577732,263,185,186.1215
1604988577764,252,174,186.1993
1604988577796,241,162,185.6239
1604988577828,231,151,185.2452
1604988577860,222,141,184.8442
1604988577892,213,130,184.1385
1604988577925,204,120,183.8478
1604988577956,195,109,183.3723
1604988577988,187,100,182.9778
1604988578020,180,92,182.7287
1604988578054,174,84,182.2507
1604988578085,169,79,182.5576
1604988578132,165,73,182.3466
1604988578164,161,69,182.7124
1604988578196,159,67,182.5064
1604988578228,158,64,182.0488
1604988578260,156,61,182.3487
1604988578292,156,61,182.0758
1604988578324,156,60,181.7729
1604988578356,156,59,181.5283
1604988578389,156,60,181.671
1604988578420,156,61,181.8397
1604988578453,157,62,181.7761
1604988578501,158,64,181.76
1604988578533,159,68,181.8135
1604988578565,161,71,182.1465
1604988578597,164,76,182.061
1604988578628,167,81,182.5082
1604988578660,171,86,182.4727
1604988578692,176,93,181.8175
1604988578724,181,99,181.622
1604988578756,188,106,181.4683
1604988578788,195,115,181.4219
1604988578821,202,123,181.4196
1604988578857,210,132,180.6481
1604988578884,219,141,180.7808
1604988578934,227,150,180.47
1604988578965,237,159,180.0543
1604988578996,246,168,180.5867
1604988579029,256,176,180.4311
1604988579060,266,186,180.4641
1604988579092,275,194,180.7272
1604988579124,283,198,180.387
1604988579156,291,205,180.4804
1604988579188,301,214,180.1647
1604988579221,310,220,179.7965
1604988579254,316,224,179.6116
1604988579301,324,228,179.1933
1604988579333,331,231,178.7189
1604988579364,338,235,178.303
1604988579397,343,238,177.8961
1604988579429,347,236,25.7048
1604988579460,353,233,178.286
1604988579492,355,242,179.3511
1604988579524,356,232,180.7353
1604988579557,357,232,181.7405
1604988579589,359,238,182.5739
1604988579620,356,233,183.928
1604988579654,356,233,183.5431
1604988579702,355,234,183.9778
1604988579733,352,231,184.7744
1604988579766,351,231,184.4023
1604988579797,350,240,184.4918
1604988579828,347,227,185.3241
1604988579864,343,231,185.2443
1604988579892,339,232,185.1719
1604988579932,334,229,185.7116
1604988579966,329,226,185.713
1604988579988,324,222,185.6468
1604988580020,317,214,186.0724
1604988580052,312,213,185.905
1604988580101,305,207,186.5745
1604988580133,297,199,186.8166
1604988580165,289,191,186.8438
1604988580196,280,183,186.8328
1604988580228,270,174,186.8198
1604988580260,261,165,187.205
1604988580292,251,156,187.1765
1604988580325,242,146,186.8819
1604988580358,233,137,186.9867
1604988580388,224,129,187.101
1604988580421,216,120,186.7895
1604988580453,209,112,186.766
1604988580500,202,106,186.5737
1604988580532,196,99,186.4247
1604988580564,191,93,186.3656
1604988580601,187,88,186.4922
1604988580628,183,83,186.2191
1604988580661,180,78,185.9331
1604988580691,176,73,185.7369
1604988580724,174,71,186.1091
1604988580757,172,68,185.7496
1604988580789,169,67,186.1392
1604988580821,168,64,185.755
1604988580869,167,63,185.7558
1604988580902,165,62,185.7818
1604988580933,165,61,185.3622
1604988580964,164,60,185.4172
1604988580997,163,64,185.5306
1604988581028,165,62,185.3383
1604988581060,165,63,185.5913
1604988581091,166,68,185.5178
1604988581124,168,71,185.8478
1604988581157,170,73,185.7612
1604988581188,172,79,185.9282
1604988581222,175,85,185.6451
1604988581252,179,90,185.5832
1604988581300,183,98,185.4459
1604988581333,187,106,185.5541
1604988581364,192,115,185.674
1604988581396,197,125,185.5143
1604988581429,203,136,185.5476
1604988581460,209,147,185.0027
1604988581493,216,159,185.2863
1604988581525,224,170,185.2336
1604988581557,232,181,184.7985
1604988581589,242,190,184.4144
1604988581622,252,199,183.1694
1604988581653,262,208,182.9974
1604988581702,272,216,182.1253
1604988581734,282,224,181.1645
1604988581764,293,233,180.7462
1604988581796,301,237,179.9502
1604988581828,311,243,179.1353
1604988581860,321,245,178.8633
1604988581892,331,253,25.3043
1604988581924,340,246,25.2149
1604988581956,349,250,25.2069
1604988581988,357,253,25.1966
1604988582021,364,256,25.2536
1604988582052,370,257,25.8757
1604988582101,374,261,25.8571
1604988582134,379,262,26.1799
1604988582164,380,263,26.6694
1604988582196,382,264,180.9611
1604988582228,380,264,183.3848
1604988582260,382,266,182.8602
1604988582292,381,266,183.9155
1604988582324,380,263,185.1109
1604988582356,380,263,184.8255
1604988582388,378,262,185.235
1604988582421,376,261,186.5735
1604988582453,374,258,186.539
1604988582500,372,257,186.0799
1604988582533,367,253,186.8887
1604988582564,365,254,186.3874
1604988582596,360,249,186.6094
1604988582628,354,245,186.8021
1604988582660,349,243,186.6863
1604988582692,344,250,186.2262
1604988582724,336,244,186.6559
1604988582757,330,240,186.6711
1604988582788,325,239,186.4107
1604988582822,316,231,187.019
1604988582869,308,221,187.1753
1604988582901,300,213,187.2274
1604988582932,291,204,187.5237
1604988582965,283,194,187.2692
1604988582996,274,185,187.5838
1604988583028,266,175,187.1103
1604988583060,258,165,187.0045
1604988583092,249,155,187.2005
1604988583124,242,146,186.8904
1604988583156,234,136,186.599
1604988583189,227,127,186.2265
1604988583221,221,119,186.1788
1604988583268,214,110,186.2627
1604988583300,208,103,185.8067
1604988583332,202,96,185.7184
1604988583365,196,89,185.9354
1604988583396,190,83,185.7022
1604988583428,185,77,185.9007
1604988583460,180,72,186.1942
1604988583492,176,69,186.4662
1604988583525,173,65,186.8407
1604988583557,170,62,186.5618
1604988583588,167,63,186.9676
1604988583638,166,62,186.6817
1604988583668,165,62,186.6426
1604988583700,166,63,186.2666
1604988583732,167,60,186.139
1604988583764,168,60,186.2011
1604988583796,169,61,186.1058
1604988583828,170,60,185.8628
1604988583860,171,59,185.977
1604988583892,172,58,185.5911
1604988583924,174,55,184.7527
1604988583956,176,50,184.435
1604988583988,178,42,183.5512
1604988584037,181,33,181.5896
1604988584069,185,23,179.0027
1604988584100,189,9,175.3256
