1605005368908,-0.02040816326530612,0.06349206349206349,0.0
1605005368939,-0.01664932362122789,-0.001040582726326743,0.0
1605005368966,0.02606310013717421,0.023319615912208505,0.0
1605005368983,-0.031141868512110725,0.0034602076124567475,0.0
1605005369031,-0.00390625,0.002170138888888889,0.0
1605005369065,-0.00865051903114187,0.0,0.0
1605005369086,-0.03854875283446712,-0.0045351473922902496,0.0
1605005369110,-0.03298611111111111,0.0,0.0
1605005369142,-0.021484375,0.0009765625,0.0
1605005369196,-0.0075445816186556925,0.0013717421124828531,0.0
1605005369221,-0.0368,0.008,0.0
1605005369241,-0.0525,0.02,0.0
1605005369287,-0.00992438563327032,0.003780718336483932,0.0
1605005369319,-0.0205078125,0.009765625,0.0
1605005369351,-0.01953125,0.005859375,0.0
1605005369383,-0.0166015625,0.0048828125,0.0
1605005369414,-0.015608740894901144,0.003121748178980229,-0.08289011446409988
1605005369448,-0.01384083044982699,-0.0008650519031141869,-0.001672491349480974
1605005369478,-0.017777777777777778,0.0033333333333333335,0.0
1605005369511,-0.014692378328741965,0.008264462809917356,0.0
1605005369543,-0.015625,0.0126953125,0.0
1605005369575,-0.0146484375,0.0146484375,0.0
1605005369626,-0.00461361014994233,0.008073817762399077,0.0
1605005369647,-0.015873015873015872,0.047619047619047616,0.0
1605005369687,0.001875,0.014375,0.0
1605005369719,0.01171875,0.033203125,0.0
1605005369751,0.01953125,0.0126953125,0.0
1605005369784,0.023875114784205693,0.010101010101010102,0.0
1605005369814,0.03,0.008888888888888889,0.0
1605005369847,0.025711662075298437,-0.0036730945821854912,0.0
1605005369879,0.0205078125,0.005859375,0.0
1605005369911,0.0224609375,-0.0029296875,0.0
1605005369943,0.017578125,-0.0029296875,0.0
1605005369975,0.0107421875,-0.0146484375,0.0
1605005370008,0.0036730945821854912,-0.015610651974288337,0.0
1605005370043,-0.0024489795918367346,-0.017142857142857144,0.0
1605005370087,-0.005165289256198347,-0.00878099173553719,0.0
1605005370118,-0.015608740894901144,-0.01768990634755463,0.0
1605005370151,-0.015610651974288337,-0.014692378328741965,0.0
1605005370182,-0.019771071800208116,-0.012486992715920915,0.0
1605005370216,-0.01730103806228374,-0.0034602076124567475,0.009375259515570947
1605005370246,-0.023333333333333334,0.0044444444444444444,8.755555555552519e-05
1605005370279,-0.01928374655647383,0.0073461891643709825,0.0
1605005370311,-0.0185546875,0.013671875,0.0
1605005370358,-0.007243096423721141,0.007243096423721141,0.0
1605005370378,-0.03,0.045,0.0
1605005370407,-0.0047562425683709865,0.028537455410225922,0.0
1605005370442,0.0024489795918367346,0.022040816326530613,0.0
1605005370487,0.005432098765432099,0.012839506172839505,0.0
1605005370519,0.0146484375,0.0166015625,0.0
1605005370551,0.01953125,0.0009765625,0.0
1605005370583,0.0205078125,0.0048828125,0.0
1605005370614,0.02081165452653486,-0.01040582726326743,0.0
1605005370647,0.020202020202020204,-0.0009182736455463728,-0.005810560146923777
1605005370678,0.021852237252861603,-0.006243496357960458,0.0
1605005370711,0.015610651974288337,-0.011937557392102846,0.0
1605005370743,0.0107421875,-0.0244140625,0.0
1605005370775,0.001953125,-0.0234375,0.0
1605005370807,-0.0048828125,-0.021484375,0.0
1605005370840,-0.010101010101010102,-0.01652892561983471,0.0
1605005370889,-0.007080383173677634,-0.008329862557267805,0.0
1605005370918,-0.02497027348394768,-0.0178359096313912,0.0
1605005370951,-0.020202020202020204,-0.004591368227731864,0.0
1605005370983,-0.0224609375,0.001953125,0.0
1605005371014,-0.02081165452653486,0.01040582726326743,0.0
1605005371047,-0.01652892561983471,0.012855831037649219,0.0
1605005371079,-0.0126953125,0.0146484375,0.0
1605005371111,-0.0107421875,0.015625,0.0
1605005371142,0.003121748178980229,0.026014568158168574,0.0
1605005371175,0.004591368227731864,0.021120293847566574,0.0
1605005371207,0.009765625,0.021484375,0.0
1605005371255,0.006944444444444444,0.00390625,0.0
1605005371287,0.017578125,0.009765625,0.0
1605005371319,0.0205078125,0.0068359375,0.0
1605005371350,0.02497398543184183,0.0,0.0
1605005371383,0.023875114784205693,-0.0018365472910927456,0.0
1605005371415,0.0234375,-0.0107421875,0.0
1605005371447,0.017578125,-0.0166015625,0.0
1605005371478,0.01768990634755463,-0.015608740894901144,0.0
1605005371511,0.008264462809917356,-0.02295684113865932,0.0
1605005371543,-0.00390625,-0.029296875,0.0
1605005371575,-0.001953125,-0.0224609375,0.0
1605005371607,-0.01171875,-0.0224609375,0.0
1605005371655,-0.006944444444444444,-0.006510416666666667,0.0
1605005371688,-0.01652892561983471,-0.006427915518824609,0.0
1605005371720,-0.01953125,0.0,0.0
1605005371751,-0.019771071800208116,0.006243496357960458,0.0
1605005371783,-0.017578125,0.01171875,0.0
1605005371814,-0.014568158168574402,0.015608740894901144,0.0
1605005371847,-0.009182736455463728,0.017447199265381085,0.055869329660238755
1605005371880,-0.006427915518824609,0.018365472910927456,0.0017227731864095574
1605005371911,0.003121748178980229,0.021852237252861603,-0.0008178980228928214
1605005371945,0.007785467128027681,0.020761245674740483,-0.0003950692041522596
1605005371974,0.015457788347205707,0.020214030915576695,0.0
1605005372024,0.006,0.002,-0.0005649999999999977
1605005372056,0.017578125,0.0126953125,-0.0032757812499999983
1605005372087,0.02081165452653486,0.004162330905306972,-0.0016259105098855359
1605005372119,0.01953125,0.001953125,-0.0010787109375000048
1605005372230,0.0016232448664881098,0.00016232448664881097,0.0
1605005372246,0.06640625,-0.03515625,0.0
1605005372613,-0.00013364120306780806,-0.0008315452635330279,9.932808172902018e-05
1605005372629,-0.046875,-0.0390625,0.01059531250000001
1605005372645,-0.0625,-0.015625,0.011808203124999972
1605005372661,-0.0703125,0.01171875,0.011746875000000045
1605005372676,-0.07111111111111111,0.03111111111111111,0.011693333333333335
1605005372691,-0.05333333333333334,0.044444444444444446,0.008179999999999963
1605005372707,-0.03515625,0.0546875,0.007508593750000014
1605005372722,-0.022222222222222223,0.08,0.0050035555555555476
1605005372739,0.0034602076124567475,0.0657439446366782,0.0029411764705882157
1605005372754,0.02666666666666667,0.08,0.0027795555555556145
1605005372776,0.02066115702479339,0.03305785123966942,0.0001904958677685768
1605005372803,0.013717421124828532,0.015089163237311385,9.122085048013594e-05
1605005372818,0.05333333333333334,0.044444444444444446,-0.002911111111111116
1605005372834,0.0390625,0.0078125,-0.0043105468749999876
1605005372855,0.022675736961451247,-0.0022675736961451248,-0.003514739229024969
1605005372886,0.011446409989594173,0.0,-0.0007131113423517296
1605005372919,0.010101010101010102,0.0,-0.0006065197428833653
1605005372951,0.0107421875,-0.0009765625,0.00016162109375000844
1605005372983,0.0107421875,-0.0029296875,0.0012822265624999885
1605005373015,0.0078125,-0.005859375,0.0016964843750000014
1605005373047,0.0087890625,-0.009765625,0.0010855468750000097
1605005373078,0.005202913631633715,-0.01040582726326743,-0.0014685744016649442
1605005373111,0.006427915518824609,-0.01652892561983471,-0.002567860422405882
1605005373142,0.008324661810613945,0.001040582726326743,-0.0021502601456815686
1605005373175,0.0009182736455463728,-0.008264462809917356,-0.0006423324150596882
1605005373207,-0.0029296875,-0.0107421875,0.0008355468749999817
1605005373255,-0.0026041666666666665,-0.0078125,0.00011727430555556288
1605005373287,-0.0068359375,-0.0166015625,0.00039990234374998046
1605005373319,-0.009765625,-0.0146484375,0.00030830078125002047
1605005373351,-0.009765625,-0.0107421875,0.0003463867187499803
1605005373384,-0.010101010101010102,-0.0073461891643709825,0.0004405876951331603
1605005373419,-0.009795918367346938,-0.004081632653061225,0.0003057142857142954
1605005373447,-0.016581632653061226,-0.0012755102040816326,0.0014779336734693645
1605005373478,-0.012486992715920915,0.002081165452653486,0.0012457856399583865
1605005373511,-0.011019283746556474,0.0036730945821854912,0.0009961432506887065
1605005373543,-0.0107421875,0.0078125,0.0005319335937500058
1605005373575,-0.0078125,0.0087890625,0.00010419921874998961
1605005373608,-0.005509641873278237,0.010101010101010102,0.0003478420569329775
1605005373655,-0.0018107741059302852,0.006337709370755998,-0.0002497057492077898
1605005373687,-0.0029296875,0.015625,0.00010537109375000075
1605005373719,0.0009765625,0.015625,0.000768847656249988
1605005373750,0.003121748178980229,0.018730489073881373,0.0010302809573361211
1605005373783,0.006427915518824609,0.01652892561983471,0.0005584940312212877
1605005373815,0.0078125,0.0087890625,0.0009079101562500247
1605005373847,0.0087890625,0.005859375,-0.0008620117187499998
1605005373879,0.0068359375,-0.0048828125,-0.0014995117187500129
1605005373911,0.0107421875,0.0087890625,-0.0006108398437499885
1605005373943,0.013671875,0.001953125,-0.00038212890625000107
1605005373975,0.013671875,-0.005859375,0.00020234375000000027
1605005374008,0.012855831037649219,-0.0027548209366391185,0.0005348943985307455
1605005374055,0.005885015844273427,-0.005885015844273427,-1.5119963784518026e-05
1605005374088,0.011019283746556474,-0.010101010101010102,-0.001729935720844796
1605005374120,0.0166015625,-0.0029296875,-0.0047165039062500025
1605005374150,0.008888888888888889,-0.015555555555555555,-0.002605555555555554
1605005374183,0.0027548209366391185,-0.006427915518824609,-0.0012819100091827503
1605005374214,-0.003121748178980229,-0.02497398543184183,-0.0007579604578563928
1605005374247,-0.005509641873278237,-0.01928374655647383,-0.0013280073461891687
1605005374279,-0.0087890625,-0.017578125,-3.3984374999990186e-05
1605005374312,-0.010101010101010102,-0.013774104683195593,-0.0003830119375573966
1605005374343,-0.012486992715920915,-0.012486992715920915,-0.0007341311134235179
1605005374374,-0.011446409989594173,-0.009365244536940686,-0.0007474505723204987
1605005374411,-0.009495982468955442,-0.0029218407596785976,-0.00038728999269540377
1605005374454,-0.008653326122228232,0.0005408328826392645,-0.0006828015143320652
1605005374486,-0.017578125,0.0048828125,-8.300781249998002e-06
1605005374519,-0.013774104683195593,0.010101010101010102,0.0002160697887970571
1605005374551,-0.013671875,0.015625,0.0008195312500000052
1605005374583,-0.009765625,0.017578125,0.0007384765625000067
1605005374615,-0.005859375,0.01953125,0.0011136718749999996
1605005374646,0.0,0.018730489073881373,-0.0003908428720083454
1605005374679,0.004591368227731864,0.01652892561983471,-6.216712580349137e-05
1605005374711,0.0087890625,0.0107421875,-0.0008066406249999936
1605005374743,0.009765625,0.0087890625,-0.0008619140624999966
1605005374775,0.0126953125,0.0107421875,-0.0016181640625000104
1605005374824,0.006247396917950854,-0.001665972511453561,-0.0010792169929196111
1605005374855,0.018730489073881373,0.0,-0.0018155046826222629
1605005374886,0.019771071800208116,-0.004162330905306972,-0.0026038501560874294
1605005374920,0.01384083044982699,-0.006055363321799308,-0.0014357266435986043
1605005374950,0.014444444444444444,-0.015555555555555555,0.0
1605005374983,0.009182736455463728,-0.011937557392102846,-0.002483654729109277
1605005375015,0.0087890625,0.0,-0.0015993164062499954
1605005375046,0.004162330905306972,-0.014568158168574402,0.0006161290322580519
1605005375079,-0.0018365472910927456,-0.017447199265381085,0.0010780532598714478
1605005375111,-0.0048828125,-0.017578125,3.4179687500024425e-06
1605005375143,-0.0078125,-0.017578125,0.0002085937499999857
1605005375175,-0.0068359375,-0.0126953125,-5.8300781249992495e-05
1605005375224,-0.004164931278633903,-0.0049979175343606835,-9.566847147022417e-05
1605005375255,-0.013527575442247659,-0.008324661810613945,-0.0008624349635795762
1605005375287,-0.013671875,-0.00390625,0.00033388671874998166
1605005375319,-0.0146484375,0.001953125,-0.0004601562499999823
1605005375350,-0.01664932362122789,0.005202913631633715,-0.00031883454734653994
1605005375383,-0.012855831037649219,0.009182736455463728,0.0
1605005375415,-0.015625,0.01171875,0.0
1605005375446,-0.01040582726326743,0.01664932362122789,0.0
1605005375479,-0.004591368227731864,0.015610651974288337,0.0
1605005375510,0.001040582726326743,0.01664932362122789,0.002326014568158193
1605005375543,0.004591368227731864,0.01652892561983471,-0.0015657483930211348
1605005375576,0.0073461891643709825,0.011937557392102846,-0.0010780532598714478
1605005375623,0.004526935264825713,0.003168854685377999,-0.0003718424626527763
1605005375655,0.01171875,0.01171875,-0.001692382812500004
1605005375686,0.013527575442247659,0.003121748178980229,-0.0016825182101977267
1605005375718,0.0146484375,-0.0078125,-0.0015936523437499739
1605005375751,0.012855831037649219,0.0027548209366391185,0.0
1605005375783,0.0126953125,-0.0078125,0.0
1605005375815,0.0087890625,-0.0185546875,0.0
1605005375846,0.009365244536940686,0.003121748178980229,0.0
1605005375879,0.004591368227731864,-0.010101010101010102,0.0
1605005375916,-0.0007304601899196494,-0.013148283418553688,0.0
1605005375943,-0.0027434842249657062,-0.02194787379972565,0.0
1605005375985,-0.003401360544217687,-0.00963718820861678,0.0
1605005376022,-0.003652300949598247,-0.01095690284879474,0.0
1605005376055,-0.009182736455463728,-0.011937557392102846,0.0
1605005376087,-0.01171875,-0.009765625,0.0
1605005376119,-0.01171875,-0.0048828125,0.0
1605005376150,-0.014568158168574402,-0.001040582726326743,0.0
1605005376182,-0.0146484375,0.00390625,0.0
1605005376215,-0.015610651974288337,0.008264462809917356,0.0
1605005376247,-0.0126953125,0.01171875,0.0
1605005376279,-0.01171875,0.0166015625,0.0
1605005376311,-0.0068359375,0.017578125,0.0
1605005376343,-0.0009765625,0.0166015625,0.0
1605005376375,0.0029296875,0.01953125,0.0
1605005376423,0.00390625,0.008680555555555556,0.0
1605005376454,0.009365244536940686,0.012486992715920915,0.0
1605005376487,0.011019283746556474,0.0027548209366391185,0.0
1605005376519,0.0146484375,0.005859375,0.0
1605005376551,0.0146484375,0.0009765625,0.0
1605005376582,0.015608740894901144,-0.005202913631633715,0.0
1605005376615,0.013774104683195593,-0.009182736455463728,0.0
1605005376646,0.015608740894901144,-0.007284079084287201,0.0
1605005376678,0.009765625,-0.017578125,0.0
1605005376711,0.0073461891643709825,-0.009182736455463728,0.0
1605005376743,0.0009765625,0.0,0.0
1605005376775,0.0009765625,-0.005859375,0.0
1605005376823,-0.0030381944444444445,-0.007378472222222222,0.0
1605005376854,-0.008324661810613945,-0.014568158168574402,0.0
1605005376887,-0.009182736455463728,-0.012855831037649219,0.0
1605005376919,-0.0126953125,-0.0087890625,0.0
1605005376956,-0.009495982468955442,-0.004382761139517896,0.0
1605005376982,-0.020710059171597635,-0.004437869822485207,-0.034640532544378703
1605005377015,-0.012855831037649219,0.0018365472910927456,-0.00048539944903582325
1605005377047,-0.0146484375,0.005859375,0.0002179687499999916
1605005377079,-0.013671875,0.009765625,0.0
1605005377111,-0.01171875,0.0126953125,0.0
1605005377143,-0.0087890625,0.0146484375,0.0
1605005377177,-0.005190311418685121,0.01384083044982699,0.0
1605005377223,-0.0014177693761814746,0.008506616257088847,0.0
1605005377255,0.001953125,0.015625,0.0
1605005377287,0.0048828125,0.0087890625,0.0
1605005377319,0.0107421875,0.00390625,-0.013534863281250004
1605005377351,0.013671875,0.0009765625,0.0
1605005377383,0.013671875,0.0107421875,0.0
1605005377414,0.01768990634755463,-0.008324661810613945,0.0
1605005377446,0.0146484375,-0.001953125,-0.010932226562499994
1605005377479,0.013774104683195593,-0.010101010101010102,0.0017302112029384822
1605005377510,0.013527575442247659,-0.011446409989594173,0.0
1605005377543,0.008264462809917356,-0.015610651974288337,0.0
1605005377577,0.006055363321799308,-0.007785467128027681,0.0
1605005377624,0.0004526935264825713,-0.008148483476686284,0.0
1605005377654,-0.0044444444444444444,-0.024444444444444446,0.0
1605005377686,-0.0087890625,-0.01953125,0.0
1605005377719,-0.011019283746556474,-0.015610651974288337,0.0
1605005377750,-0.014568158168574402,-0.011446409989594173,0.0
1605005377783,-0.015610651974288337,-0.006427915518824609,0.004019283746556483
1605005377815,-0.0205078125,0.0009765625,0.0
1605005377846,-0.022892819979188347,0.009365244536940686,0.0
1605005377879,-0.018365472910927456,0.009182736455463728,0.0
1605005377914,-0.015510204081632653,0.009795918367346938,0.0
1605005377942,-0.01913265306122449,0.021683673469387755,0.0
1605005377975,-0.010101010101010102,0.018365472910927456,0.0
1605005378022,-0.0022634676324128564,0.010864644635581712,0.0
1605005378055,0.0009182736455463728,0.02295684113865932,0.0
1605005378087,0.0068359375,0.0234375,0.0
1605005378118,0.011446409989594173,0.01768990634755463,0.0
1605005378151,0.014692378328741965,0.010101010101010102,0.0
1605005378183,0.0185546875,-0.001953125,0.0
1605005378215,0.0224609375,0.01171875,0.0
1605005378246,0.022892819979188347,0.0,0.0
1605005378279,0.020202020202020204,-0.011937557392102846,0.0
1605005378311,0.0224609375,-0.009765625,0.0
1605005378342,0.019771071800208116,-0.01040582726326743,0.0
1605005378391,0.006247396917950854,-0.006247396917950854,0.0
1605005378423,0.0087890625,-0.017578125,0.0
1605005378455,0.0,-0.021484375,0.0
1605005378487,-0.0048828125,-0.0185546875,0.0
1605005378519,-0.009765625,-0.0185546875,0.0
1605005378551,-0.0107421875,-0.013671875,0.0
1605005378583,-0.0146484375,-0.01171875,0.0
1605005378614,-0.015608740894901144,-0.007284079084287201,0.0
1605005378647,-0.01652892561983471,-0.0018365472910927456,0.0
1605005378679,-0.017578125,0.0029296875,0.0
1605005378711,-0.0185546875,0.009765625,0.0
1605005378742,-0.01768990634755463,0.015608740894901144,0.0
1605005378791,-0.007080383173677634,0.006247396917950854,0.0
1605005378823,-0.01171875,0.0205078125,0.0
1605005378854,-0.005202913631633715,0.02081165452653486,0.0
1605005378886,0.0009765625,0.0224609375,0.0
1605005378920,0.006055363321799308,0.019896193771626297,0.0
1605005378951,0.01040582726326743,0.01664932362122789,0.0
1605005378983,0.0126953125,0.0126953125,0.0
1605005379014,0.01768990634755463,0.007284079084287201,0.0
1605005379047,0.017447199265381085,0.006427915518824609,0.0
1605005379079,0.0185546875,-0.00390625,0.0
1605005379112,0.017447199265381085,0.0,0.0
1605005379143,0.02081165452653486,-0.006243496357960458,0.0
1605005379191,0.007378472222222222,-0.006076388888888889,0.0
1605005379223,0.01171875,-0.0166015625,0.0
1605005379255,0.0068359375,-0.015625,0.0
1605005379287,-0.0009765625,-0.0234375,0.0
1605005379319,-0.00390625,-0.0205078125,0.0
1605005379351,-0.0078125,-0.017578125,0.0
1605005379383,-0.0078125,-0.013671875,0.0
1605005379415,-0.0126953125,-0.0126953125,0.0
1605005379447,-0.0146484375,-0.0068359375,0.0
1605005379479,-0.015625,-0.0029296875,0.0464853515625
1605005379511,-0.0166015625,0.0029296875,0.0
1605005379544,-0.015610651974288337,0.0073461891643709825,0.0
1605005379592,-0.006944444444444444,0.004774305555555556,0.0
1605005379623,-0.013527575442247659,0.01664932362122789,0.0059779396462018705
1605005379656,-0.008264462809917356,0.01652892561983471,0.0
1605005379687,-0.005202913631633715,0.018730489073881373,0.0027642039542143506
1605005379719,0.0009765625,0.017578125,0.0003286132812500009
1605005379751,0.005859375,0.015625,-0.0013301757812499981
1605005379783,0.009765625,0.01953125,-0.0006548828125000072
1605005379815,0.0107421875,0.0078125,-0.0007489257812499928
1605005379851,0.013117283950617283,0.0023148148148148147,-0.0018317129629629567
1605005379879,0.021683673469387755,0.002551020408163265,-0.0017936224489796078
1605005379911,0.0166015625,-0.001953125,-0.0010204101562499845
1605005379944,0.018365472910927456,-0.0027548209366391185,-0.000668595041322325
1605005379991,0.007695789950203712,-0.002716161158895428,0.0
1605005380024,0.015610651974288337,-0.0027548209366391185,-0.001259136822773175
1605005380055,0.014568158168574402,-0.005202913631633715,0.0
1605005380087,0.0078125,-0.0146484375,0.0
1605005380119,0.0029296875,-0.01953125,0.0
1605005380150,-0.001040582726326743,-0.02081165452653486,0.0
1605005380183,-0.004591368227731864,-0.018365472910927456,0.0
1605005380215,-0.0078125,-0.0166015625,0.0
1605005380247,-0.0087890625,-0.0107421875,0.0
1605005380279,-0.01171875,-0.009765625,0.005443261718749981
1605005380310,-0.015608740894901144,-0.004162330905306972,0.0018744016649323598
1605005380344,-0.014705882352941176,0.0025951557093425604,0.0011487024221453284
1605005380392,-0.008246527777777778,0.0030381944444444445,0.0010263454861111107
1605005380423,-0.01768990634755463,0.01040582726326743,0.0028990634755463075
1605005380455,-0.0126953125,0.0107421875,0.002113867187500007
1605005380486,-0.012486992715920915,0.018730489073881373,0.0032609781477627555
1605005380519,-0.006427915518824609,0.014692378328741965,0.0019624426078971567
1605005380550,-0.001040582726326743,0.01768990634755463,0.0017985431841831359
1605005380583,0.0036730945821854912,0.014692378328741965,0.000636455463728179
1605005380614,0.007284079084287201,0.014568158168574402,0.0024218522372528735
1605005380646,0.0107421875,0.01171875,0.0011128906250000015
1605005380679,0.011937557392102846,0.009182736455463728,0.0005348025711662138
1605005380711,0.0166015625,0.0,-0.00025771484375000653
1605005380744,0.014692378328741965,-0.0018365472910927456,-0.0002737373737373785
1605005380791,0.006790402897238569,-0.0036215482118605704,0.00022607514712539995
1605005380823,0.0166015625,-0.0009765625,-0.0004710937500000123
1605005380855,0.015625,-0.0078125,-0.0006634765624999872
1605005380888,0.017447199265381085,0.0,-0.002259320477502315
1605005380918,0.012222222222222223,-0.011111111111111112,-0.0036436666666666423
1605005380950,0.009765625,-0.009765625,-0.0019608398437500063
1605005380983,0.0036730945821854912,-0.009182736455463728,-0.0013426078971533447
1605005381014,-0.002081165452653486,-0.02081165452653486,0.00041436004162331196
1605005381047,-0.0036730945821854912,-0.017447199265381085,0.00023581267217630703
1605005381079,-0.0078125,-0.0205078125,-9.765625000324185e-08
1605005381112,-0.010101010101010102,-0.01652892561983471,0.00019834710743799795
1605005381143,-0.011446409989594173,-0.014568158168574402,0.00018272632674297905
1605005381191,-0.005642361111111111,-0.004340277777777778,0.00019123263888889654
1605005381224,-0.012855831037649219,-0.0027548209366391185,0.00035968778696050135
1605005381255,-0.015608740894901144,0.001040582726326743,0.0010767950052029327
1605005381286,-0.015608740894901144,0.007284079084287201,0.0008386056191467012
1605005381319,-0.012855831037649219,0.011937557392102846,0.0019083562901744807
1605005381351,-0.0107421875,0.015625,0.0016337890625000018
1605005381382,-0.008324661810613945,0.018730489073881373,0.002536940686784587
1605005381415,-0.0036730945821854912,0.01652892561983471,0.0014046831955923044
1605005381447,0.0,0.0205078125,0.0018377929687500016
1605005381496,0.001665972511453561,0.009162848812994586,0.0009454394002498883
1605005381521,0.0096,0.0288,0.003068319999999994
1605005381559,0.007617728531855956,0.01038781163434903,0.00047022160664820085
1605005381591,0.0126953125,0.0009765625,0.0001808593750000087
1605005381622,0.014568158168574402,0.006243496357960458,-0.00032174817898023326
1605005381655,0.011019283746556474,-0.0073461891643709825,-0.0015529843893480342
1605005381687,0.015625,0.00390625,-0.0017837890624999853
1605005381718,0.01664932362122789,-0.002081165452653486,-0.000950780437044751
1605005381752,0.01384083044982699,-0.004325259515570935,-0.0004948961937716315
1605005381782,0.016666666666666666,-0.011111111111111112,-0.0012887777777777702
1605005381815,0.013774104683195593,-0.008264462809917356,-0.0024206611570247926
1605005381846,0.013527575442247659,-0.009365244536940686,-0.0036565036420395493
1605005381879,0.0073461891643709825,-0.012855831037649219,-0.002852249770431587
1605005381911,0.001953125,-0.0107421875,-0.002128320312499987
1605005381959,-0.0008680555555555555,-0.008680555555555556,-0.0004960937500000003
1605005381991,-0.0078125,-0.021484375,-0.0004567382812500076
1605005382023,-0.009765625,-0.0224609375,-0.0009622070312499953
1605005382055,-0.0107421875,-0.0185546875,-0.001337011718750003
1605005382087,-0.009765625,-0.0166015625,-0.001984863281249999
1605005382119,-0.013671875,-0.0126953125,-0.001025683593749993
1605005382150,-0.014568158168574402,-0.009365244536940686,-5.577523413113131e-05
1605005382182,-0.015625,-0.0009765625,0.0005445312500000077
1605005382216,-0.01643598615916955,0.005190311418685121,0.00021937716262976283
1605005382247,-0.018730489073881373,0.009365244536940686,0.0013060353798126938
1605005382279,-0.017578125,0.01171875,0.00029150390624999023
1605005382310,-0.014568158168574402,0.01768990634755463,0.00016430801248700535
1605005382359,-0.004164931278633903,0.009162848812994586,-0.00012369845897542567
1605005382390,-0.003121748178980229,0.02497398543184183,0.00031415192507803244
1605005382428,0.002770083102493075,0.01731301939058172,-0.0012732686980609317
1605005382455,0.012345679012345678,0.03155006858710562,-0.0024836762688614845
1605005382486,0.012486992715920915,0.01040582726326743,-0.002558480749219556
1605005382519,0.013774104683195593,0.006427915518824609,-0.001040771349862254
1605005382551,0.0146484375,0.0048828125,-0.0036979492187499963
1605005382582,0.015608740894901144,-0.004162330905306972,-0.002072632674297619
1605005382615,0.01652892561983471,-0.0027548209366391185,0.0
1605005382648,0.020202020202020204,-0.0018365472910927456,0.0
1605005382679,0.01768990634755463,-0.006243496357960458,0.0
1605005382711,0.01171875,-0.01171875,0.0
1605005382760,0.0024989587671803417,-0.006663890045814244,0.0
1605005382792,-0.0029296875,-0.0107421875,0.0
1605005382823,-0.005202913631633715,-0.01664932362122789,0.0
1605005382856,-0.0073461891643709825,-0.015610651974288337,0.0
1605005382886,-0.013333333333333334,-0.017777777777777778,0.0
1605005382918,-0.0146484375,-0.0126953125,0.0
1605005382951,-0.014692378328741965,-0.0073461891643709825,0.0
1605005382983,-0.0166015625,-0.0029296875,0.0
1605005383015,-0.0185546875,0.001953125,0.0
1605005383046,-0.018730489073881373,0.007284079084287201,0.0
1605005383080,-0.01384083044982699,0.01124567474048443,0.0
1605005383111,-0.015608740894901144,0.01768990634755463,0.0
1605005383159,-0.005642361111111111,0.008680555555555556,0.0
1605005383192,-0.0027548209366391185,0.01652892561983471,0.0
1605005383223,0.002081165452653486,0.022892819979188347,0.0
1605005383256,0.009182736455463728,0.018365472910927456,0.0
1605005383287,0.012486992715920915,0.008324661810613945,0.0
1605005383319,0.0146484375,0.0087890625,0.0
1605005383350,0.018730489073881373,0.004162330905306972,0.0
1605005383383,0.017447199265381085,-0.0018365472910927456,0.0
1605005383415,0.017578125,-0.00390625,0.0
1605005383446,0.01664932362122789,-0.008324661810613945,0.0
1605005383479,0.012855831037649219,-0.009182736455463728,0.0
1605005383513,0.005190311418685121,-0.004325259515570935,0.0
1605005383559,0.000945179584120983,-0.008506616257088847,0.0
1605005383590,-0.006243496357960458,-0.02081165452653486,0.0
1605005383623,-0.004591368227731864,-0.017447199265381085,0.0
1605005383654,-0.013527575442247659,-0.02081165452653486,0.0
1605005383687,-0.012855831037649219,-0.013774104683195593,0.0
1605005383719,-0.015625,-0.0107421875,0.0
1605005383751,-0.017578125,-0.005859375,0.0
1605005383782,-0.018730489073881373,0.0,0.0
1605005383815,-0.015610651974288337,0.0036730945821854912,0.0
1605005383846,-0.01768990634755463,0.009365244536940686,0.0
1605005383879,-0.013774104683195593,0.013774104683195593,0.0
1605005383912,-0.015610651974288337,0.01652892561983471,0.0
1605005383959,-0.002716161158895428,0.008601177003168854,0.0
1605005383990,-0.002081165452653486,0.02081165452653486,0.0
1605005384023,0.0073461891643709825,0.02203856749311295,0.0
1605005384055,0.0087890625,0.017578125,0.0
1605005384087,0.013671875,0.009765625,0.0
1605005384119,0.0146484375,0.00390625,0.0
1605005384152,0.01652892561983471,0.0009182736455463728,0.0
1605005384183,0.019771071800208116,-0.001040582726326743,0.0
1605005384215,0.0166015625,-0.0146484375,0.0
1605005384247,0.017578125,-0.00390625,0.0
1605005384279,0.013671875,-0.0068359375,0.0
1605005384312,0.010101010101010102,-0.0018365472910927456,0.0
1605005384359,0.003168854685377999,-0.005432322317790856,0.0
1605005384392,0.0018365472910927456,-0.015610651974288337,0.0
1605005384422,-0.01,-0.02666666666666667,0.0
1605005384456,-0.0034602076124567475,-0.014705882352941176,0.0
1605005384486,-0.013333333333333334,-0.017777777777777778,0.0
1605005384519,-0.012855831037649219,-0.011937557392102846,0.0
1605005384550,-0.01768990634755463,-0.009365244536940686,0.0
1605005384583,-0.017447199265381085,-0.0018365472910927456,-0.024179981634527083
1605005384616,-0.017447199265381085,0.0027548209366391185,-0.0005315886134067993
1605005384647,-0.02081165452653486,0.008324661810613945,0.0
1605005384679,-0.0185546875,0.0107421875,0.0
1605005384712,-0.015610651974288337,0.013774104683195593,0.0
1605005384758,-0.006616257088846881,0.008034026465028356,0.0
1605005384791,-0.008264462809917356,0.01928374655647383,0.0
1605005384824,-0.0027548209366391185,0.020202020202020204,0.0
1605005384856,0.0009765625,0.0205078125,0.0
1605005384887,0.006243496357960458,0.012486992715920915,0.0
1605005384919,0.009765625,0.0126953125,0.0
1605005384951,0.0166015625,0.001953125,0.0
1605005384983,0.0166015625,0.009765625,0.0
1605005385015,0.017578125,0.0048828125,0.0
1605005385052,0.01168736303871439,-0.0029218407596785976,-0.02378831263696128
1605005385079,0.02606310013717421,-0.012345679012345678,0.0
1605005385127,0.010416666666666666,-0.004340277777777778,0.0
1605005385159,0.0166015625,-0.0185546875,0.0
1605005385191,0.0146484375,-0.005859375,0.0
1605005385223,0.0068359375,-0.00390625,0.0
1605005385256,0.0027548209366391185,-0.015610651974288337,0.0
1605005385287,-0.005202913631633715,-0.027055150884495317,0.0
1605005385319,-0.009765625,-0.0224609375,0.0
1605005385351,-0.0126953125,-0.0205078125,0.0
1605005385384,-0.014692378328741965,-0.013774104683195593,0.0
1605005385415,-0.01768990634755463,-0.01040582726326743,0.0
1605005385448,-0.017447199265381085,-0.004591368227731864,0.0
1605005385480,-0.0205078125,0.001953125,0.0
1605005385526,-0.010396975425330813,0.0033081285444234404,0.0
1605005385559,-0.020202020202020204,0.011937557392102846,0.0
1605005385591,-0.01953125,0.0166015625,0.0
1605005385622,-0.01768990634755463,0.01664932362122789,0.0
1605005385655,-0.011019283746556474,0.01928374655647383,0.0
1605005385687,-0.0068359375,0.0234375,0.0
1605005385719,0.0009765625,0.02734375,0.0
1605005385751,0.0087890625,0.0087890625,0.0
1605005385782,0.012486992715920915,0.023933402705515087,0.0
1605005385815,0.017447199265381085,-0.0018365472910927456,0.0
1605005385847,0.017578125,-0.00390625,0.0
1605005385879,0.0263671875,0.0029296875,0.0
1605005385927,0.009548611111111112,-0.0026041666666666665,0.0
1605005385976,0.011245314452311536,-0.0058309037900874635,0.0
1605005385998,0.07024793388429752,-0.10743801652892562,0.0
1605005386023,0.0272,0.0016,0.0
1605005386055,0.0205078125,-0.025390625,0.0
1605005386087,0.0185546875,-0.0341796875,0.0
1605005386119,0.015625,-0.046875,0.0
1605005386151,0.0166015625,-0.033203125,0.0
1605005386182,0.01664932362122789,-0.029136316337148804,0.0
1605005386215,0.008264462809917356,-0.025711662075298437,0.0
