1604989204986,0.12903225806451613,0.45161290322580644,0.0
1604989205018,-1.3125,-0.5,0.0
1604989205050,1.4375,0.4375,0.0
1604989205083,-1.3333333333333333,-0.5454545454545454,0.0
1604989205130,1.1063829787234043,0.3404255319148936,4.8432
1604989205164,-1.4705882352941178,-0.47058823529411764,-13.401794117647059
1604989205194,1.7333333333333334,0.5333333333333333,15.194313333333334
1604989205227,-1.5151515151515151,-0.5454545454545454,-13.860351515151516
1604989205258,1.6129032258064515,0.5806451612903226,14.796445161290322
1604989205290,-1.4375,-0.625,-14.402481249999997
1604989205322,1.4375,0.6875,14.386662499999996
1604989205354,-1.5,-0.625,-14.358956249999997
1604989205387,1.5151515151515151,0.6666666666666666,13.905787878787876
1604989205419,-1.5,-0.6875,-14.319499999999996
1604989205450,1.6129032258064515,0.7741935483870968,14.841554838709673
1604989205483,-1.4545454545454546,-0.7878787878787878,-13.927624242424237
1604989205530,1.0638297872340425,0.46808510638297873,9.780872340425528
1604989205562,-1.5625,-0.75,-14.396743749999995
1604989205594,1.5625,0.6875,14.432631249999993
1604989205638,-1.0909090909090908,-0.45454545454545453,-10.532640909090903
1604989205658,2.2,1.4,23.13698999999999
1604989205690,-1.4375,-1.0,-14.349618749999992
1604989205722,1.375,1.0,14.36246874999999
1604989205754,-1.3125,-0.875,-14.383993749999991
1604989205786,1.3125,0.9375,14.407212499999991
1604989205819,-1.1515151515151516,-0.9696969696969697,-13.994248484848477
1604989205851,1.1875,0.9375,14.437674999999992
1604989205884,-1.0909090909090908,-0.9090909090909091,-14.012333333333322
1604989205930,0.782608695652174,0.6521739130434783,10.031717391304339
1604989205962,-1.1875,-0.875,10.031717391304339
1604989205994,1.25,0.9375,35.126043749999994
1604989206027,-1.2121212121212122,-0.9696969696969697,-40.77387878787878
1604989206059,1.25,1.0,42.024987499999995
1604989206091,-1.25,-1.0625,-42.009987499999994
1604989206122,1.3548387096774193,1.096774193548387,43.36244516129032
1604989206154,-1.375,-1.0625,-42.00081874999999
1604989206186,1.3125,1.0,41.98681875
1604989206219,-1.2727272727272727,-1.0303030303030303,-40.72423636363636
1604989206252,1.2727272727272727,0.9696969696969697,40.74730909090909
1604989206298,-0.8695652173913043,-0.7391304347826086,-29.26323913043478
1604989206331,1.1515151515151516,1.0303030303030303,40.81135151515152
1604989206362,-1.2258064516129032,-1.096774193548387,-43.436316129032264
1604989206395,1.1515151515151516,1.0909090909090908,40.807242424242425
1604989206427,-1.5,-1.25,-42.09105000000001
1604989206459,2.3125,1.5625,42.11080625000001
1604989206490,-2.774193548387097,-1.6774193548387097,-43.45904516129033
1604989206523,2.6666666666666665,1.6363636363636365,40.82008484848485
1604989206554,-2.838709677419355,-1.5483870967741935,-43.424051612903234
1604989206586,2.9375,1.75,-43.424051612903234
1604989206618,-3.0,-1.625,-43.424051612903234
1604989206650,3.125,1.8125,-43.424051612903234
1604989206684,-2.823529411764706,-1.588235294117647,-43.424051612903234
1604989206730,2.0434782608695654,1.1304347826086956,-43.424051612903234
1604989206763,-2.787878787878788,-1.6363636363636365,-43.424051612903234
1604989206795,2.75,1.5625,-43.424051612903234
1604989206827,-2.6875,-1.6875,-43.424051612903234
1604989206858,2.7096774193548385,1.6129032258064515,-43.424051612903234
1604989206891,-2.5454545454545454,-1.6363636363636365,-43.424051612903234
1604989206922,2.7096774193548385,1.6129032258064515,-43.424051612903234
1604989206955,-2.5454545454545454,-1.8181818181818181,-43.424051612903234
1604989207006,1.607843137254902,0.9411764705882353,24.67374901960785
1604989207033,-2.962962962962963,-1.1851851851851851,-58.224362962962964
1604989207061,2.642857142857143,1.2857142857142858,56.13113571428572
1604989207085,-3.0833333333333335,-2.25,-65.47213333333333
1604989207130,1.4666666666666666,1.511111111111111,34.932542222222224
1604989207162,-1.9375,-2.3125,-49.1799875
1604989207195,2.0,2.3636363636363638,47.730606060606064
1604989207226,-2.5161290322580645,-2.5161290322580645,-50.8325935483871
1604989207259,2.5454545454545454,2.242424242424242,47.605975757575756
1604989207290,-2.7096774193548385,-2.3870967741935485,-50.586787096774195
1604989207323,2.6666666666666665,2.303030303030303,47.48987878787879
1604989207354,-2.838709677419355,-2.774193548387097,-50.46693548387096
1604989207386,2.5625,3.0,48.75373749999999
1604989207418,-2.4375,-2.8125,-48.80472499999999
1604989207452,2.235294117647059,2.411764705882353,45.94897647058823
1604989207483,-2.5161290322580645,-2.5161290322580645,-50.41645806451612
1604989207530,1.9574468085106382,1.5319148936170213,33.176199999999994
1604989207563,-3.272727272727273,-2.0,-47.06935757575758
1604989207599,3.2777777777777777,1.5,43.08696111111111
1604989207625,-4.6923076923076925,-1.3846153846153846,-59.57178461538461
1604989207658,3.5757575757575757,0.42424242424242425,46.95289696969697
1604989207690,-3.6875,0.125,-48.61637499999999
1604989207722,3.6875,-0.25,48.723356249999995
1604989207755,-3.6363636363636362,0.18181818181818182,-47.218199999999996
1604989207792,3.3513513513513513,0.0,42.05544864864864
1604989207818,-5.153846153846154,-0.5384615384615384,-59.85849230769229
1604989207851,4.606060606060606,0.6060606060606061,46.855933333333326
1604989207882,-5.419354838709677,-0.7741935483870968,-49.651516129032245
1604989207931,3.510204081632653,0.5714285714285714,31.313318367346934
1604989207963,-5.625,-1.0,-47.85257499999999
1604989207994,5.806451612903226,0.967741935483871,49.2390129032258
1604989208026,-5.5625,-0.625,-47.66139999999999
1604989208058,5.6875,0.0625,47.67899999999999
1604989208090,-6.1875,0.125,47.67899999999999
1604989208122,6.6875,-0.1875,47.67899999999999
1604989208155,-6.96969696969697,-0.24242424242424243,47.67899999999999
1604989208186,7.612903225806452,0.5161290322580645,47.67899999999999
1604989208220,-6.647058823529412,-0.5294117647058824,47.67899999999999
1604989208251,6.967741935483871,0.45161290322580644,47.67899999999999
1604989208282,-6.903225806451613,-0.45161290322580644,47.67899999999999
1604989208330,4.458333333333333,0.3333333333333333,47.67899999999999
1604989208362,-6.625,-0.5,47.67899999999999
1604989208394,6.625,0.625,47.67899999999999
1604989208427,-6.363636363636363,-0.5454545454545454,47.67899999999999
1604989208458,6.774193548387097,0.7096774193548387,47.67899999999999
1604989208490,-6.4375,-0.5,47.67899999999999
1604989208522,6.4375,0.625,74.3596875
1604989208554,-6.375,-0.5625,-81.71919375
1604989208587,6.242424242424242,0.6060606060606061,79.26674545454546
1604989208619,-6.4375,-0.625,-81.67578125
1604989208652,6.363636363636363,0.6060606060606061,79.12040606060606
1604989208683,-6.774193548387097,-0.5161290322580645,-84.15612903225806
1604989208730,4.51063829787234,0.3404255319148936,55.49134042553191
1604989208763,-6.363636363636363,-0.48484848484848486,-78.98990303030303
1604989208794,6.709677419354839,0.5806451612903226,84.10383870967742
1604989208827,-6.242424242424242,-0.48484848484848486,84.10383870967742
1604989208858,6.709677419354839,0.6451612903225806,84.10383870967742
1604989208890,-6.5625,-0.375,84.10383870967742
1604989208921,6.838709677419355,0.45161290322580644,84.10383870967742
1604989208954,-6.363636363636363,-0.36363636363636365,84.10383870967742
1604989208987,6.424242424242424,0.48484848484848486,84.10383870967742
1604989209018,-6.838709677419355,-0.3870967741935484,84.10383870967742
1604989209052,6.235294117647059,0.23529411764705882,84.10383870967742
1604989209100,-4.333333333333333,-0.125,84.10383870967742
1604989209130,6.866666666666666,0.13333333333333333,84.10383870967742
1604989209163,-6.181818181818182,-0.24242424242424243,84.10383870967742
1604989209195,6.25,0.0,84.10383870967742
1604989209226,-6.32258064516129,0.1935483870967742,84.10383870967742
1604989209258,6.0625,-0.375,107.59413125000003
1604989209291,-6.0606060606060606,-0.36363636363636365,-114.01536969696973
1604989209322,6.645161290322581,1.1612903225806452,121.37312903225809
1604989209354,-6.5,-1.375,-117.61499375000002
1604989209387,6.121212121212121,1.0303030303030303,114.03771515151517
1604989209419,-6.25,-0.875,-117.64866875000003
1604989209452,6.0,0.5454545454545454,114.11700000000002
1604989209499,-4.297872340425532,-0.425531914893617,-80.1500255319149
1604989209530,6.838709677419355,1.3548387096774193,121.51565806451616
1604989209562,-7.125,-1.9375,-117.70103125000003
1604989209594,7.25,2.25,117.68534375000004
1604989209626,-7.0,-2.4375,-117.70497500000003
1604989209659,6.606060606060606,2.606060606060606,114.1496181818182
1604989209690,-6.709677419354839,-2.838709677419355,-121.53701290322583
1604989209722,6.0,2.5,117.78748125000003
1604989209754,-5.875,-2.4375,-117.92033125000003
1604989209786,5.5625,2.75,118.01931875000002
1604989209818,-5.125,-2.875,-118.13156250000003
1604989209851,4.909090909090909,2.727272727272727,114.60633333333337
1604989209899,-3.4583333333333335,-2.0416666666666665,-78.76940833333335
1604989209930,5.483870967741935,3.5483870967741935,121.70900645161292
1604989209963,-5.212121212121212,-3.696969696969697,-114.14944848484849
1604989209994,5.483870967741935,3.870967741935484,121.64788387096776
1604989210026,-5.0,-3.375,-118.18617500000002
1604989210058,4.375,3.1875,118.46571250000002
1604989210090,-3.9375,-3.3125,-118.73991250000002
1604989210122,3.75,3.3125,118.76921250000001
1604989210154,-3.625,-2.9375,-118.82756875000001
1604989210187,3.1515151515151514,2.121212121212121,115.28548484848486
1604989210219,-3.0,-1.5625,-119.02995625
1604989210251,2.6875,1.625,119.10873125
1604989210298,-1.8297872340425532,-1.4042553191489362,-81.11653191489361
1604989210330,2.8125,2.375,119.13063125
1604989210363,-2.787878787878788,-2.5454545454545454,-115.53308484848483
1604989210394,2.903225806451613,2.3225806451612905,-115.53308484848483
1604989210426,-2.625,-2.0,-115.53308484848483
1604989210458,2.25,1.625,-115.53308484848483
1604989210490,-2.0625,-1.5,-115.53308484848483
1604989210523,2.0606060606060606,1.4545454545454546,-115.53308484848483
1604989210554,-2.2580645161290325,-1.5483870967741935,-115.53308484848483
1604989210587,2.4242424242424243,1.5151515151515151,-115.53308484848483
1604989210636,-1.7551020408163265,-1.0612244897959184,-115.53308484848483
1604989210653,5.0588235294117645,3.176470588235294,-115.53308484848483
1604989210698,-1.9111111111111112,-1.2444444444444445,-115.53308484848483
1604989210731,2.6666666666666665,1.7575757575757576,-115.53308484848483
1604989210762,-2.838709677419355,-1.7419354838709677,-115.53308484848483
1604989210794,2.75,1.625,-115.53308484848483
1604989210827,-2.606060606060606,-1.4545454545454546,-115.53308484848483
1604989210858,2.838709677419355,1.6774193548387097,-115.53308484848483
1604989210890,-2.75,-1.625,-91.98325
1604989210922,2.8125,1.75,84.384725
1604989210954,-2.8125,-1.6875,-84.40222499999999
1604989210986,2.875,1.6875,84.40541875
1604989211023,-2.6486486486486487,-1.4594594594594594,-72.95711351351352
1604989211051,3.9285714285714284,2.0714285714285716,96.3836357142857
1604989211098,-2.4680851063829787,-1.2340425531914894,-57.39535319148936
1604989211130,3.625,1.75,84.27923125
1604989211162,-3.8125,-1.6875,-84.281725
1604989211194,4.1875,1.75,84.31203124999999
1604989211226,-4.3125,-1.8125,-84.344675
1604989211259,4.181818181818182,1.8181818181818181,81.8111696969697
1604989211290,-4.387096774193548,-1.8064516129032258,-87.06533548387097
1604989211322,4.3125,1.8125,-87.06533548387097
1604989211359,-3.72972972972973,-1.5135135135135136,-87.06533548387097
1604989211386,5.2592592592592595,2.3703703703703702,-87.06533548387097
1604989211419,-4.303030303030303,-1.9393939393939394,-87.06533548387097
1604989211455,3.9444444444444446,1.9444444444444444,-87.06533548387097
1604989211498,-3.255813953488372,-1.627906976744186,-87.06533548387097
1604989211530,4.375,2.1875,-87.06533548387097
1604989211563,-4.242424242424242,-2.0606060606060606,-87.06533548387097
1604989211594,4.580645161290323,2.064516129032258,-87.06533548387097
1604989211627,-4.363636363636363,-1.878787878787879,-87.06533548387097
1604989211658,4.709677419354839,1.8709677419354838,-87.06533548387097
1604989211690,-4.5,-1.9375,-87.06533548387097
1604989211722,4.375,1.5625,78.09946875
1604989211754,-4.25,-1.25,-87.96670624999999
1604989211786,4.0,0.5625,87.9183625
1604989211819,-3.757575757575758,-0.5454545454545454,-85.23323636363635
1604989211851,3.875,1.1875,87.88206249999999
1604989211900,-2.6122448979591835,-1.2244897959183674,-57.4054081632653
1604989211932,4.0625,2.125,87.90717499999998
1604989211962,-4.333333333333333,-2.2666666666666666,-93.81871333333332
1604989211994,3.8125,2.0,87.95909999999998
1604989212026,-3.5625,-1.5,-87.93293749999998
1604989212058,3.4375,1.0625,87.89346874999998
1604989212090,-3.75,-1.0625,-87.86514374999999
1604989212122,3.75,1.0,87.83809374999998
1604989212155,-3.212121212121212,-0.6666666666666666,-85.19906666666664
1604989212186,3.096774193548387,0.45161290322580644,90.71281290322578
1604989212220,-2.8823529411764706,-0.29411764705882354,-82.7808764705882
1604989212251,3.2903225806451615,0.25806451612903225,90.72320645161287
1604989212298,-2.3404255319148937,-0.1276595744680851,-59.76441702127658
1604989212330,3.6875,-0.0625,87.68594374999998
1604989212362,-3.875,0.25,-87.58686874999998
1604989212394,4.1875,-0.3125,87.46934374999998
1604989212426,-4.4375,0.625,-87.45184999999998
1604989212458,4.3125,-0.9375,87.52346874999998
1604989212490,-3.875,1.0,-87.62396249999999
1604989212523,3.515151515151515,-1.1515151515151516,85.03460606060605
1604989212555,-3.625,1.5,-87.73712499999999
1604989212587,3.5625,-1.75,87.8846375
1604989212619,-3.5,1.875,-88.05995000000001
1604989212666,2.3404255319148937,-1.2765957446808511,59.99739574468086
1604989212698,-3.6875,1.625,-88.10854375000001
1604989212730,4.3125,-1.3125,87.96593125000001
1604989212762,-4.6875,1.125,-87.81536875
1604989212794,4.75,-1.125,87.796975
1604989212826,-4.75,1.625,-87.9186875
1604989212866,3.8,-1.65,70.35810000000001
1604989212896,-5.266666666666667,2.0,-93.83323333333334
1604989212923,5.777777777777778,-2.2962962962962963,104.29182962962962
1604989212955,-4.8125,1.9375,-88.08603124999999
1604989212987,4.625,-1.8125,88.11532499999998
1604989213019,-4.5,1.9375,-88.21008749999999
1604989213068,2.979591836734694,-1.183673469387755,57.60106122448978
1604989213099,-4.903225806451613,0.9032258064516129,-90.99707096774192
1604989213131,5.0,0.5,88.10463124999998
1604989213162,-5.548387096774194,-2.064516129032258,88.10463124999998
1604989213194,5.625,2.5,88.10463124999998
1604989213226,-5.8125,-2.75,88.10463124999998
1604989213258,5.875,2.5625,88.10463124999998
1604989213290,-5.9375,-2.4375,88.10463124999998
1604989213322,6.0,2.3125,88.10463124999998
1604989213354,-5.9375,-2.1875,88.10463124999998
1604989213387,5.9393939393939394,2.242424242424242,88.10463124999998
1604989213436,-4.081632653061225,-1.469387755102041,88.10463124999998
1604989213468,6.3125,2.3125,88.10463124999998
1604989213498,-6.666666666666667,-2.2666666666666666,88.10463124999998
1604989213530,6.3125,2.1875,88.10463124999998
1604989213562,-6.5625,-2.25,-100.01378749999998
1604989213594,7.0625,2.6875,91.49569999999997
1604989213626,-7.4375,-2.9375,-91.47342499999998
1604989213658,7.875,3.1875,91.43007499999997
1604989213690,-8.25,-3.5,-91.39901249999997
1604989213722,8.5,3.625,-91.39901249999997
1604989213754,-8.1875,-3.625,-91.39901249999997
1604989213787,7.818181818181818,3.212121212121212,-91.39901249999997
1604989213836,-5.183673469387755,-2.4081632653061225,-91.39901249999997
1604989213866,8.533333333333333,3.6,-91.39901249999997
1604989213899,-7.575757575757576,-3.4545454545454546,-91.39901249999997
