1604989204955,345,1,20.4146
1604989204986,347,8,20.1752
1604989205018,330,14,20.0846
1604989205050,315,19,20.2877
1604989205083,301,22,20.3218
1604989205130,291,24,134.0966
1604989205164,282,26,133.8561
1604989205194,274,28,133.6998
1604989205227,267,29,132.7624
1604989205258,260,30,132.4741
1604989205290,255,30,131.091
1604989205322,250,31,129.4548
1604989205354,244,33,128.2619
1604989205387,239,36,126.7712
1604989205419,235,39,125.614
1604989205450,232,43,125.3889
1604989205483,230,46,125.4021
1604989205530,229,47,125.46
1604989205562,228,47,125.0205
1604989205594,227,46,125.1552
1604989205638,227,46,124.4939
1604989205658,225,50,123.4844
1604989205690,222,52,124.2509
1604989205722,218,54,125.223
1604989205754,215,58,125.8507
1604989205786,212,63,126.8499
1604989205819,211,67,127.4594
1604989205851,210,70,128.1666
1604989205884,210,73,128.6731
1604989205930,210,76,128.7056
1604989205962,209,80,18.5688
1604989205994,209,85,129.5499
1604989206027,209,89,129.7787
1604989206059,209,93,129.6383
1604989206091,209,96,129.7379
1604989206122,210,99,129.7956
1604989206154,210,102,129.9581
1604989206186,209,104,129.8966
1604989206219,208,105,129.6743
1604989206252,207,105,129.8327
1604989206298,207,104,129.2672
1604989206331,206,103,129.0345
1604989206362,205,102,128.9262
1604989206395,204,102,128.8745
1604989206427,198,100,128.6855
1604989206459,205,103,128.8126
1604989206490,206,105,129.0974
1604989206523,208,108,129.2984
1604989206554,210,114,129.958
1604989206586,215,124,18.4781
1604989206618,219,136,9.6651
1604989206650,225,151,9.585
1604989206684,233,168,9.7755
1604989206730,240,184,10.5775
1604989206763,248,199,10.7331
1604989206795,254,212,11.0292
1604989206827,261,223,11.4202
1604989206858,267,232,11.3279
1604989206891,273,239,11.4111
1604989206922,279,244,12.1093
1604989206955,285,244,12.1108
1604989207006,290,238,172.6078
1604989207033,296,240,176.2565
1604989207061,299,244,179.7122
1604989207085,302,239,183.3382
1604989207130,301,241,187.2808
1604989207162,302,240,190.3258
1604989207195,305,241,194.046
1604989207226,302,242,197.416
1604989207259,302,241,198.3794
1604989207290,302,240,200.7462
1604989207323,304,240,202.6008
1604989207354,306,235,205.8009
1604989207386,305,235,206.8233
1604989207418,306,238,207.0299
1604989207452,306,237,207.4935
1604989207483,305,238,207.6346
1604989207530,311,236,205.9613
1604989207563,309,237,207.2843
1604989207599,312,232,207.5282
1604989207625,313,236,208.9042
1604989207658,312,229,210.5698
1604989207690,311,231,209.0962
1604989207722,310,231,209.3343
1604989207755,308,230,210.0458
1604989207792,308,232,209.6828
1604989207818,303,227,209.1852
1604989207851,307,225,203.6501
1604989207882,303,221,201.6394
1604989207931,301,219,197.2065
1604989207963,295,215,194.3087
1604989207994,289,210,188.9744
1604989208026,284,210,184.2624
1604989208058,281,201,179.832
1604989208090,270,195,12.5651
1604989208122,267,188,12.1154
1604989208155,256,174,11.7538
1604989208186,248,164,11.6578
1604989208220,245,153,11.2091
1604989208251,237,140,10.7846
1604989208282,230,127,10.6657
1604989208330,223,115,10.6891
1604989208362,217,103,10.5432
1604989208394,211,93,10.3484
1604989208427,206,84,10.1155
1604989208458,201,77,9.9586
1604989208490,198,73,19.9648
1604989208522,195,71,136.7458
1604989208554,193,70,135.7747
1604989208587,192,70,135.1978
1604989208619,191,70,135.7097
1604989208652,192,70,134.8958
1604989208683,193,72,135.1486
1604989208730,195,74,135.0279
1604989208763,198,76,135.6203
1604989208794,200,79,136.4888
1604989208827,203,83,10.2027
1604989208858,207,89,10.3485
1604989208890,210,99,10.4829
1604989208921,214,110,10.5145
1604989208954,219,122,10.4901
1604989208987,225,136,10.6797
1604989209018,231,152,11.2381
1604989209052,237,166,11.7303
1604989209100,245,181,11.5594
1604989209130,252,195,12.1267
1604989209163,260,207,12.1607
1604989209195,266,215,12.2204
1604989209226,274,226,12.5946
1604989209258,281,234,175.8895
1604989209291,285,230,179.4369
1604989209322,292,238,183.0142
1604989209354,298,242,186.0351
1604989209387,301,241,188.8384
1604989209419,305,243,190.8853
1604989209452,308,240,193.484
1604989209499,309,236,195.4876
1604989209530,315,243,197.4583
1604989209562,313,240,199.7052
1604989209594,313,242,201.7011
1604989209626,317,241,203.3829
1604989209659,318,244,205.2538
1604989209690,324,246,206.7697
1604989209722,322,244,209.0616
1604989209754,322,243,209.2279
1604989209786,317,247,210.978
1604989209818,319,249,210.9322
1604989209851,320,250,211.7859
1604989209899,319,247,213.1783
1604989209930,320,250,210.5945
1604989209963,320,247,211.0344
1604989209994,319,243,213.5506
1604989210026,323,245,210.6302
1604989210058,317,244,212.1824
1604989210090,318,241,209.3474
1604989210122,316,238,206.9812
1604989210154,316,241,203.6813
1604989210187,310,232,201.3508
1604989210219,308,233,196.7515
1604989210251,301,235,193.4126
1604989210298,294,230,189.5749
1604989210330,289,230,185.5888
1604989210363,283,226,181.3969
1604989210394,276,216,12.8622
1604989210426,272,210,12.4174
1604989210458,262,198,11.9082
1604989210490,255,188,11.6888
1604989210523,249,178,11.601
1604989210554,242,168,11.4827
1604989210587,240,159,11.0782
1604989210636,235,149,10.7626
1604989210653,230,140,10.6709
1604989210698,225,130,10.6684
1604989210731,221,121,10.643
1604989210762,217,114,10.652
1604989210794,213,106,10.6176
1604989210827,210,100,10.5609
1604989210858,208,96,20.3093
1604989210890,206,92,141.4831
1604989210922,205,90,141.0805
1604989210954,204,89,140.3979
1604989210986,204,88,139.7664
1604989211023,201,87,139.915
1604989211051,204,88,139.7279
1604989211098,204,89,140.1209
1604989211130,204,89,140.1908
1604989211162,201,90,140.2208
1604989211194,204,92,140.7357
1604989211226,205,93,140.7283
1604989211259,206,95,141.0904
1604989211290,208,99,141.8241
1604989211322,211,104,10.5251
1604989211359,214,110,10.5011
1604989211386,219,120,10.4813
1604989211419,224,130,10.714
1604989211455,229,143,11.054
1604989211498,235,156,11.2207
1604989211530,241,169,11.5297
1604989211563,247,183,11.3025
1604989211594,254,195,12.1186
1604989211627,260,208,12.1961
1604989211658,267,219,12.172
1604989211690,275,228,12.3549
1604989211722,281,231,173.7402
1604989211754,289,239,177.2497
1604989211786,293,236,179.9857
1604989211819,299,233,183.0671
1604989211851,305,240,185.9131
1604989211900,309,236,188.4396
1604989211932,314,236,191.0484
1604989211962,319,236,192.8913
1604989211994,320,234,194.7991
1604989212026,325,240,197.1255
1604989212058,328,239,198.8204
1604989212090,326,238,200.9685
1604989212122,324,236,202.6838
1604989212155,329,239,204.024
1604989212186,329,238,205.6282
1604989212220,328,239,206.0061
1604989212251,329,239,205.3188
1604989212298,326,240,206.3774
1604989212330,327,237,205.9473
1604989212362,325,237,207.1024
1604989212394,328,236,206.3771
1604989212426,327,240,205.9317
1604989212458,324,239,206.6322
1604989212490,328,239,205.7248
1604989212523,328,236,205.905
1604989212555,328,238,205.3622
1604989212587,327,236,207.1796
1604989212619,327,236,206.192
1604989212666,326,236,206.184
1604989212698,321,232,206.3781
1604989212730,326,233,204.2904
1604989212762,325,231,204.6117
1604989212794,325,229,204.6387
1604989212826,325,235,202.7183
1604989212866,325,234,201.2609
1604989212896,322,230,199.467
1604989212923,318,225,198.1143
1604989212955,315,220,195.3248
1604989212987,309,217,193.004
1604989213019,305,216,189.167
1604989213068,302,217,185.1946
1604989213099,296,203,181.9936
1604989213131,294,211,178.0121
1604989213162,286,195,12.4595
1604989213194,282,187,12.0471
1604989213226,275,175,11.7673
1604989213258,269,160,11.562
1604989213290,262,147,11.6038
1604989213322,256,132,11.4097
1604989213354,251,119,11.0436
1604989213387,249,108,10.8359
1604989213436,245,98,10.6979
1604989213468,242,89,10.6422
1604989213498,240,83,10.6186
1604989213530,239,78,10.6046
1604989213562,234,72,146.5348
1604989213594,237,73,146.1756
1604989213626,234,70,146.1728
1604989213658,238,71,145.4764
1604989213690,236,67,145.277
1604989213722,238,65,10.5828
1604989213754,245,63,10.492
1604989213787,250,56,10.4892
1604989213836,257,43,10.494
1604989213866,265,25,10.4654
1604989213899,276,4,11.0066
