1604989632248,-1.3125,0.9375,0.0
1604989632280,1.0625,-0.6875,0.0
1604989632312,-1.0,0.5625,0.0
1604989632344,1.0625,-0.5625,0.0
1604989632377,-0.9090909090909091,0.8484848484848485,0.0
1604989632408,1.1612903225806452,-0.7741935483870968,0.0
1604989632458,-0.72,0.12,0.0
1604989632489,1.2903225806451613,0.06451612903225806,0.0
1604989632521,-1.3125,-0.4375,0.0
1604989632553,1.5,0.4375,0.0
1604989632586,-1.5757575757575757,-0.7878787878787878,0.0
1604989632618,1.75,0.625,0.0
1604989632650,-1.625,-0.5625,0.0
1604989632681,1.8064516129032258,0.7741935483870968,0.0
1604989632714,-1.6363636363636365,-0.6060606060606061,0.0
1604989632744,2.066666666666667,0.8666666666666667,0.0
1604989632777,-1.878787878787879,-1.0909090909090908,0.0
1604989632809,2.125,1.5625,0.0
1604989632856,-1.4042553191489362,-1.1914893617021276,0.0
1604989632888,2.1875,1.875,0.0
1604989632919,-2.3225806451612905,-2.2580645161290325,0.0
1604989632952,2.242424242424242,1.9393939393939394,0.0
1604989632984,-2.25,-1.9375,0.0
1604989633017,2.1818181818181817,1.7575757575757576,0.0
1604989633048,-2.3870967741935485,-1.935483870967742,0.0
1604989633092,1.6818181818181819,1.4090909090909092,4.9256
1604989633114,-3.4545454545454546,-2.727272727272727,-19.34779090909091
1604989633144,2.466666666666667,2.0,13.943426666666669
1604989633176,-2.25,-2.0625,-13.069450000000003
1604989633208,2.25,2.25,13.010425000000003
1604989633257,-1.510204081632653,-1.7551020408163265,-8.374971428571431
1604989633288,2.3870967741935485,2.838709677419355,13.059600000000005
1604989633320,-2.3125,-2.5625,-12.590525000000005
1604989633352,2.375,2.25,12.696831250000006
1604989633385,-2.3636363636363638,-1.9393939393939394,-12.370296969696975
1604989633416,2.6451612903225805,1.935483870967742,13.033283870967747
1604989633454,-2.263157894736842,-1.4736842105263157,-10.554821052631583
1604989633480,3.3846153846153846,2.076923076923077,15.531192307692312
1604989633512,-2.75,-1.625,-12.751262500000003
1604989633544,2.8125,1.25,12.813431250000004
1604989633576,-2.8125,-1.0625,12.813431250000004
1604989633608,2.9375,1.0625,12.813431250000004
1604989633656,-1.9166666666666667,-0.6666666666666666,12.813431250000004
1604989633689,2.727272727272727,0.18181818181818182,12.813431250000004
1604989633721,-2.6875,-0.4375,12.813431250000004
1604989633752,2.903225806451613,0.3870967741935484,12.813431250000004
1604989633785,-2.6666666666666665,-0.5454545454545454,12.813431250000004
1604989633816,2.967741935483871,0.5806451612903226,12.813431250000004
1604989633848,-2.8125,-0.5625,12.813431250000004
1604989633880,2.9375,0.625,12.813431250000004
1604989633912,-2.875,-0.4375,12.813431250000004
1604989633944,2.875,0.4375,12.813431250000004
1604989633976,-2.875,-0.25,12.813431250000004
1604989634008,2.9375,0.3125,12.813431250000004
1604989634040,-2.9375,-0.125,12.813431250000004
1604989634088,1.9583333333333333,0.125,12.813431250000004
1604989634121,-2.909090909090909,-0.18181818181818182,12.813431250000004
1604989634152,3.032258064516129,0.25806451612903225,12.813431250000004
1604989634185,-2.787878787878788,0.0,12.813431250000004
1604989634216,2.838709677419355,-0.12903225806451613,12.813431250000004
1604989634248,-2.8125,0.1875,12.813431250000004
1604989634280,2.8125,0.0625,12.813431250000004
1604989634312,-2.9375,-0.0625,12.813431250000004
1604989634344,2.9375,0.0625,34.443375
1604989634377,-2.909090909090909,0.0,-42.35850303030304
1604989634408,3.096774193548387,-0.06451612903225806,45.09534838709678
1604989634440,-3.0625,0.125,-43.7258125
1604989634488,2.0416666666666665,-0.125,29.16175
1604989634520,-3.125,0.1875,-43.79361250000001
1604989634552,3.0625,-0.1875,43.81770625000001
1604989634584,-3.0,0.25,-43.85980000000001
1604989634616,2.875,-0.25,43.89106875000001
1604989634648,-2.875,0.1875,-43.90966875000001
1604989634680,2.8125,-0.125,43.89729375000001
1604989634712,-2.875,0.125,-43.915337500000014
1604989634744,2.8125,-0.125,43.93746250000002
1604989634776,-2.875,0.0625,-43.995406250000016
1604989634809,2.787878787878788,0.06060606060606061,42.662006060606075
1604989634856,-1.9574468085106382,-0.0851063829787234,-29.960395744680866
1604989634888,2.8125,0.125,43.99396875000002
1604989634936,-1.8333333333333333,-0.08333333333333333,-29.335820833333344
1604989634958,3.909090909090909,0.18181818181818182,63.962463636363665
1604989634984,-3.3076923076923075,-0.07692307692307693,-54.100515384615406
1604989635016,2.75,0.0,43.94871250000002
1604989635048,-2.8125,0.0625,-43.97835625000002
1604989635079,2.903225806451613,-0.06451612903225806,45.424058064516146
1604989635112,-2.727272727272727,0.06060606060606061,-42.66578181818183
1604989635144,2.75,0.0,43.95968125
1604989635176,-2.8125,0.0,-43.95116875000001
1604989635209,2.6666666666666665,0.06060606060606061,42.57045454545455
1604989635257,-1.875,0.041666666666666664,-29.268158333333343
1604989635289,2.75,-0.125,43.908912500000014
1604989635320,-2.838709677419355,0.25806451612903225,-45.34705806451615
1604989635352,2.6875,-0.25,43.899737500000015
1604989635385,-2.6666666666666665,0.24242424242424243,-42.59907272727275
1604989635417,2.6875,-0.25,-42.59907272727275
1604989635448,-2.838709677419355,0.3870967741935484,-42.59907272727275
1604989635480,2.6875,-0.3125,-42.59907272727275
1604989635512,-2.75,0.25,-42.59907272727275
1604989635544,2.875,-0.0625,-42.59907272727275
1604989635577,-2.9696969696969697,0.0,-42.59907272727275
1604989635610,2.6666666666666665,0.12121212121212122,-42.59907272727275
1604989635657,-1.446808510638298,-0.1702127659574468,-42.59907272727275
1604989635688,1.935483870967742,0.25806451612903225,-42.59907272727275
1604989635720,-1.875,-0.1875,-42.59907272727275
1604989635752,1.875,0.125,-42.59907272727275
1604989635784,-1.8125,-0.1875,-42.59907272727275
1604989635816,1.375,0.125,-42.59907272727275
1604989635848,-0.875,-0.1875,-42.59907272727275
1604989635880,1.375,0.1875,32.16696875000001
1604989635914,-1.7058823529411764,-0.17647058823529413,-38.41105882352943
1604989635944,2.0,0.2,43.49954000000001
1604989635976,-1.8125,-0.1875,-40.80052500000001
1604989636009,1.7575757575757576,0.18181818181818182,39.633400000000016
1604989636056,-1.1914893617021276,-0.1702127659574468,-27.889923404255327
1604989636089,1.8181818181818181,0.24242424242424243,39.81132727272728
1604989636120,-2.0,-0.3225806451612903,-42.63730322580646
1604989636152,2.0625,0.3125,41.58237500000001
1604989636184,-2.0625,-0.375,-41.64749375000002
1604989636216,2.0625,0.3125,41.72800625000002
1604989636248,-2.0,-0.3125,-41.83243750000002
1604989636279,2.064516129032258,0.25806451612903225,43.17071612903228
1604989636312,-1.878787878787879,-0.30303030303030304,-40.46786666666669
1604989636344,2.0,0.25,41.70351250000002
1604989636376,-2.0,-0.3125,-41.745225000000026
1604989636424,1.3333333333333333,0.125,27.909929166666686
1604989636456,-1.9375,-0.1875,-41.93714375000003
1604989636488,2.0,0.125,41.900206250000025
1604989636520,-1.9375,-0.1875,41.900206250000025
1604989636552,2.0,0.125,41.900206250000025
1604989636584,-1.875,-0.25,41.900206250000025
1604989636616,1.875,0.1875,41.900206250000025
1604989636649,-1.6363636363636365,-0.30303030303030304,41.900206250000025
1604989636680,1.8064516129032258,0.25806451612903225,41.900206250000025
1604989636712,-1.625,-0.25,41.900206250000025
1604989636745,1.6363636363636365,0.12121212121212122,41.900206250000025
1604989636776,-1.6774193548387097,-0.1935483870967742,-50.186167741935506
1604989636825,1.1020408163265305,0.16326530612244897,-50.186167741935506
1604989636856,-1.8064516129032258,-0.25806451612903225,-50.186167741935506
1604989636888,1.8125,0.3125,-50.186167741935506
1604989636920,-1.875,-0.25,-50.186167741935506
1604989636952,1.875,0.3125,-50.186167741935506
1604989636983,-2.0,-0.3225806451612903,-50.186167741935506
1604989637016,1.878787878787879,0.36363636363636365,-50.186167741935506
1604989637047,-2.0,-0.3225806451612903,-50.186167741935506
1604989637079,1.8125,0.4375,-50.186167741935506
1604989637112,-1.7575757575757576,-0.36363636363636365,-50.186167741935506
1604989637144,1.75,0.375,-50.186167741935506
1604989637177,-1.7575757575757576,-0.18181818181818182,-50.186167741935506
1604989637208,1.8709677419354838,0.12903225806451613,-50.186167741935506
1604989637257,-1.183673469387755,-0.04081632653061224,-12.7775755102041
1604989637288,1.8709677419354838,0.12903225806451613,-12.7775755102041
1604989637320,-1.875,-0.0625,16.33976249999997
1604989637352,1.8125,0.0,-25.426981249999972
1604989637385,-1.7575757575757576,0.0,24.613896969696942
1604989637416,1.8709677419354838,0.06451612903225806,-26.202670967741906
1604989637448,-1.9375,-0.0625,25.375331249999974
1604989637484,1.7222222222222223,0.05555555555555555,-22.591905555555527
1604989637512,-2.2857142857142856,0.0,29.06415714285711
1604989637544,1.875,0.0,-25.470593749999967
1604989637577,-1.8181818181818181,0.0,24.711496969696938
1604989637608,1.8064516129032258,0.06451612903225806,-26.328199999999963
1604989637656,-1.2083333333333333,-0.08333333333333333,17.001037499999978
1604989637688,1.875,0.1875,-25.537018749999966
1604989637720,-1.9375,-0.1875,25.541856249999967
1604989637751,2.064516129032258,0.1935483870967742,-26.37270967741932
1604989637784,-2.0,-0.24242424242424243,24.76567878787876
1604989637816,2.0625,0.3125,-25.54987499999997
1604989637847,-2.193548387096774,-0.3225806451612903,26.36359999999997
1604989637880,2.0606060606060606,0.30303030303030304,-24.736418181818152
1604989637913,-2.121212121212121,-0.24242424242424243,24.72620606060603
1604989637943,2.3333333333333335,0.2,-27.23370666666664
1604989637977,-2.1176470588235294,-0.058823529411764705,24.029411764705863
1604989638008,2.2580645161290325,0.06451612903225806,-26.345806451612884
1604989638057,-1.469387755102041,0.0,16.653930612244885
1604989638088,2.2580645161290325,0.0,-26.37481935483869
1604989638120,-2.25,0.0,-26.37481935483869
1604989638151,2.2580645161290325,0.06451612903225806,-26.37481935483869
1604989638183,-2.1875,0.0,-26.37481935483869
1604989638215,2.125,0.0625,-26.37481935483869
1604989638249,-2.0,-0.17647058823529413,-26.37481935483869
1604989638280,2.3225806451612905,0.3870967741935484,-26.37481935483869
1604989638312,-2.375,-0.375,-26.37481935483869
1604989638344,2.4375,0.375,-26.37481935483869
1604989638378,-2.411764705882353,-0.35294117647058826,-26.37481935483869
1604989638424,1.608695652173913,0.30434782608695654,-26.37481935483869
1604989638456,-1.8125,-0.4375,-26.37481935483869
1604989638488,1.5625,0.4375,-26.37481935483869
1604989638519,-1.6774193548387097,-0.3870967741935484,-26.37481935483869
1604989638552,1.6363636363636365,0.42424242424242425,-26.37481935483869
1604989638584,-1.6875,-0.5,-26.37481935483869
1604989638616,1.3125,0.5,-26.37481935483869
1604989638650,-0.47058823529411764,-0.5294117647058824,13.015758823529396
1604989638680,0.2,0.6666666666666666,-23.99960666666665
1604989638712,-0.1875,-0.75,22.447881249999988
1604989638745,0.24242424242424243,0.7878787878787878,-21.726206060606046
1604989638792,-0.1276595744680851,-0.6382978723404256,15.232268085106373
1604989638824,0.25,0.9375,15.232268085106373
1604989638856,-0.25,-0.9375,47.34282499999999
1604989638888,0.375,0.875,47.34282499999999
1604989638920,-0.375,-0.875,80.23593749999999
1604989638952,0.4375,0.9375,-88.46168125
1604989638984,-0.4375,-1.125,88.635725
1604989639016,0.5,1.1875,-88.80609375
1604989639048,-0.5,-1.25,88.770375
1604989639080,0.5,1.1875,-88.56550625
1604989639112,-0.9375,-1.5625,88.42890624999998
1604989639144,1.875,2.0,-88.37696249999999
1604989639192,-1.5,-1.5416666666666667,58.8846375
1604989639224,2.25,2.375,-88.21366874999998
1604989639256,-2.25,-2.5,88.19802499999997
1604989639290,2.176470588235294,2.3529411764705883,-83.03996470588233
1604989639320,-2.466666666666667,-2.7333333333333334,93.99724666666664
1604989639352,2.4375,2.375,93.99724666666664
1604989639384,-2.4375,-2.5625,93.99724666666664
1604989639415,2.7096774193548385,2.4516129032258065,93.99724666666664
1604989639448,-2.484848484848485,-2.4242424242424243,93.99724666666664
1604989639481,2.6666666666666665,2.242424242424242,93.99724666666664
1604989639512,-2.6451612903225805,-2.3870967741935485,93.99724666666664
1604989639545,2.5454545454545454,2.121212121212121,93.99724666666664
1604989639577,-2.5,-2.125,93.99724666666664
1604989639624,1.6595744680851063,1.4893617021276595,93.99724666666664
1604989639656,-2.4375,-2.0625,93.99724666666664
1604989639688,2.4375,2.125,93.99724666666664
1604989639720,-2.4375,-2.0,93.99724666666664
1604989639753,2.3636363636363638,2.0606060606060606,93.99724666666664
1604989639784,-2.5161290322580645,-2.129032258064516,93.99724666666664
1604989639816,2.375,2.1875,93.99724666666664
1604989639848,-2.4375,-2.1875,93.99724666666664
1604989639880,2.375,2.3125,93.99724666666664
1604989639912,-2.4375,-2.25,93.99724666666664
1604989639945,2.303030303030303,2.242424242424242,93.99724666666664
1604989639976,-2.5161290322580645,-2.3870967741935485,113.65550967741935
1604989640025,1.5918367346938775,1.5918367346938775,-77.93610612244896
1604989640057,-2.5,-2.5,119.31548124999998
1604989640089,2.4375,2.625,119.31548124999998
1604989640121,-2.5,-2.75,119.31548124999998
1604989640153,2.4375,2.75,-128.38153749999998
1604989640185,-2.4375,-2.6875,119.18811874999999
1604989640217,2.375,2.6875,-119.21867499999999
1604989640249,-2.4375,-2.6875,119.20473125
1604989640280,2.4516129032258065,2.774193548387097,-123.06286451612904
1604989640312,-2.4375,-2.625,119.18991875
1604989640345,2.303030303030303,2.5454545454545454,-115.56115151515152
1604989640376,-2.5161290322580645,-2.6451612903225805,122.96152258064515
1604989640441,1.2307692307692308,1.2615384615384615,-58.64174461538461
1604989640468,-3.037037037037037,-3.111111111111111,141.15553333333332
1604989640488,4.2,4.3,-190.58240999999998
1604989640520,-2.6875,-2.625,119.11076874999999
1604989640552,2.6875,2.5625,-119.09283124999999
1604989640584,-2.6875,-2.5625,119.06319374999998
1604989640616,2.625,2.625,-119.03099375
1604989640648,-2.6875,-2.625,119.02960625
1604989640680,2.6875,2.6875,-119.05068125
1604989640712,-2.75,-2.75,119.06196875
1604989640745,2.6666666666666665,2.606060606060606,119.06196875
1604989640777,-2.8125,-2.5625,119.06196875
1604989640825,1.875,1.6666666666666667,119.06196875
1604989640861,-2.5555555555555554,-2.1666666666666665,119.06196875
1604989640887,3.4615384615384617,3.0,119.06196875
1604989640920,-2.727272727272727,-2.242424242424242,119.06196875
1604989640951,2.838709677419355,2.3870967741935485,119.06196875
1604989640983,-2.75,-2.25,119.06196875
1604989641015,2.8125,2.3125,119.06196875
1604989641048,-2.787878787878788,-2.242424242424242,119.06196875
1604989641081,2.727272727272727,2.242424242424242,119.06196875
1604989641112,-2.967741935483871,-2.3870967741935485,119.06196875
1604989641145,2.787878787878788,2.303030303030303,119.06196875
1604989641177,-3.125,-2.3125,119.06196875
1604989641225,2.4166666666666665,1.5416666666666667,119.06196875
1604989641258,-4.121212121212121,-2.121212121212121,119.06196875
1604989641289,4.709677419354839,2.193548387096774,119.06196875
1604989641321,-4.125,-2.0625,150.96959375
1604989641352,3.935483870967742,2.129032258064516,150.96959375
1604989641384,-3.8125,-2.0,150.96959375
1604989641416,3.9375,2.0625,150.96959375
1604989641448,-3.9375,-2.125,150.96959375
1604989641480,4.0,2.0,-168.7835
1604989641512,-3.9375,-2.0,160.25748125
1604989641545,3.878787878787879,1.9393939393939394,160.25748125
1604989641592,-2.765957446808511,-1.4042553191489362,160.25748125
1604989641624,4.0625,2.0625,160.25748125
1604989641656,-4.0,-2.125,160.25748125
1604989641689,3.8181818181818183,1.9393939393939394,-163.95490303030306
1604989641721,-3.9375,-2.0,161.18591250000003
1604989641752,4.129032258064516,1.935483870967742,-166.20441290322583
1604989641784,-4.0,-2.0625,160.90653750000004
1604989641816,4.0,2.0625,-160.90663125000003
1604989641848,-4.0,-2.125,160.89826875000006
1604989641881,4.0,2.0,-155.96910303030307
1604989641912,-4.258064516129032,-2.064516129032258,165.98240000000004
1604989641945,3.9393939393939394,1.878787878787879,-155.89061818181824
1604989641992,-2.6808510638297873,-1.3191489361702127,109.40294468085108
1604989642025,3.8181818181818183,1.878787878787879,-155.80036363636367
1604989642056,-4.0,-2.0,165.81358064516132
1604989642088,3.9375,2.0,-160.60656250000005
1604989642121,-3.8181818181818183,-2.0,155.77573939393946
1604989642153,4.0,2.0625,-160.51921875000005
1604989642184,-4.064516129032258,-2.193548387096774,165.49848387096782
1604989642216,3.9375,2.0,-160.25335000000007
1604989642249,-3.757575757575758,-2.121212121212121,-160.25335000000007
1604989642281,4.0,2.0,-160.25335000000007
1604989642313,-3.9375,-2.1875,-160.25335000000007
1604989642345,4.0625,2.0,-160.25335000000007
1604989642394,-2.5714285714285716,-1.4285714285714286,-160.25335000000007
1604989642425,4.193548387096774,2.3225806451612905,-160.25335000000007
1604989642456,-4.193548387096774,-2.4516129032258065,158.83203870967753
1604989642488,4.0625,2.5,158.83203870967753
1604989642520,-4.125,-2.4375,158.83203870967753
1604989642552,4.25,2.5,158.83203870967753
1604989642585,-4.121212121212121,-2.4242424242424243,158.83203870967753
1604989642616,4.387096774193548,2.7096774193548385,158.83203870967753
1604989642649,-4.181818181818182,-2.4242424242424243,158.83203870967753
1604989642681,4.25,2.5,158.83203870967753
1604989642713,-4.3125,-2.375,158.83203870967753
1604989642745,4.3125,2.4375,158.83203870967753
1604989642793,-2.9583333333333335,-1.5,158.83203870967753
1604989642824,4.516129032258065,2.3225806451612905,158.83203870967753
1604989642856,-4.375,-2.1875,158.83203870967753
1604989642888,4.3125,2.1875,158.83203870967753
1604989642920,-4.375,-2.125,158.83203870967753
1604989642952,4.3125,2.125,158.83203870967753
1604989642983,-4.387096774193548,-2.064516129032258,188.42227741935494
1604989643016,4.0,1.9393939393939394,-185.70663030303038
1604989643048,-4.125,-2.0,191.44658125000007
1604989643080,4.0625,2.125,-191.41726250000008
1604989643112,-4.125,-2.125,191.40383750000007
1604989643145,3.9393939393939394,2.0606060606060606,-185.66035757575764
1604989643194,-2.693877551020408,-1.346938775510204,125.06062448979597
1604989643226,4.125,2.0625,-191.5702750000001
1604989643257,-4.258064516129032,-2.129032258064516,197.73039354838718
1604989643289,4.125,2.0,-191.5739875000001
1604989643320,-4.258064516129032,-2.0,197.70032903225817
1604989643352,4.125,1.9375,-191.48585000000008
1604989643383,-4.32258064516129,-2.0,197.64380000000008
1604989643416,4.0606060606060606,1.878787878787879,-185.6416303030304
1604989643448,-4.25,-2.0,191.4066625000001
1604989643481,4.121212121212121,2.0606060606060606,-185.59785454545465
1604989643512,-4.451612903225806,-2.3225806451612905,197.54599354838717
1604989643545,4.121212121212121,2.242424242424242,-185.58402424242433
1604989643592,-2.9361702127659575,-1.574468085106383,130.2853659574469
1604989643625,4.181818181818182,2.242424242424242,130.2853659574469
1604989643655,-4.666666666666667,-2.3333333333333335,130.2853659574469
1604989643688,4.242424242424242,2.121212121212121,130.2853659574469
1604989643720,-4.5,-2.125,130.2853659574469
1604989643751,4.645161290322581,2.2580645161290325,130.2853659574469
1604989643783,-4.5625,-2.125,130.2853659574469
1604989643816,4.424242424242424,2.1818181818181817,130.2853659574469
1604989643848,-4.6875,-2.3125,130.2853659574469
1604989643880,4.625,2.4375,130.2853659574469
1604989643913,-4.484848484848484,-2.242424242424242,130.2853659574469
1604989643944,4.709677419354839,2.2580645161290325,130.2853659574469
1604989643993,-2.938775510204082,-1.4285714285714286,130.2853659574469
1604989644025,4.4375,2.25,130.2853659574469
1604989644057,-4.375,-2.25,220.86588125000014
1604989644089,4.0,2.25,220.86588125000014
1604989644121,-3.625,-2.25,255.02616875000015
1604989644152,4.193548387096774,2.3225806451612905,-272.21192258064536
1604989644184,-4.5,-2.1875,263.75007500000015
1604989644216,4.625,2.125,-263.75330625000015
1604989644248,-4.625,-2.1875,263.72913125000014
1604989644296,3.1666666666666665,1.375,-175.8117541666668
1604989644321,-6.16,-2.72,337.5478960000002
1604989644360,4.0,1.7435897435897436,-216.35657948717963
1604989644392,-4.875,-2.0625,263.6411937500002
1604989644424,4.9375,2.0625,263.6411937500002
1604989644456,-4.9375,-2.0625,287.4584937500001
1604989644488,4.9375,2.0625,287.4584937500001
1604989644520,-4.875,-2.0625,287.4584937500001
1604989644553,4.7272727272727275,1.9393939393939394,287.4584937500001
1604989644584,-4.967741935483871,-2.193548387096774,327.2265032258066
1604989644616,4.8125,2.125,-324.0485312500001
1604989644649,-4.606060606060606,-2.1818181818181817,314.13377575757585
1604989644680,4.967741935483871,2.3870967741935485,-334.40841290322595
1604989644713,-4.666666666666667,-2.4242424242424243,314.17047878787895
1604989644761,3.2083333333333335,1.7083333333333333,-216.00418333333346
1604989644794,-4.606060606060606,-2.5454545454545454,314.28700000000015
1604989644824,5.066666666666666,2.8,-345.7609133333335
1604989644856,-4.6875,-2.6875,324.1524750000002
1604989644888,4.6875,2.75,-324.2507375000002
1604989644920,-4.625,-2.875,324.4249625000002
1604989644952,4.6875,2.9375,-324.55186875000015
1604989644983,-4.774193548387097,-3.096774193548387,334.93776774193566
1604989645017,4.411764705882353,2.764705882352941,-305.2938882352943
1604989645048,-4.774193548387097,-3.032258064516129,334.78807096774216
1604989645080,4.625,2.8125,334.78807096774216
1604989645113,-4.303030303030303,-2.787878787878788,334.78807096774216
1604989645160,3.0638297872340425,1.872340425531915,334.78807096774216
1604989645192,-4.5,-2.8125,334.78807096774216
1604989645225,4.545454545454546,2.727272727272727,334.78807096774216
1604989645255,-5.0,-3.2,334.78807096774216
1604989645287,4.8125,2.9375,334.78807096774216
1604989645320,-4.606060606060606,-2.727272727272727,334.78807096774216
1604989645352,4.875,2.75,334.78807096774216
1604989645383,-5.032258064516129,-2.903225806451613,355.20073548387114
1604989645417,4.705882352941177,2.764705882352941,355.20073548387114
1604989645449,-5.0,-3.0625,355.20073548387114
1604989645480,5.161290322580645,3.225806451612903,355.20073548387114
1604989645512,-5.0,-3.0625,355.20073548387114
1604989645561,3.2653061224489797,2.0408163265306123,355.20073548387114
1604989645593,-5.125,-3.125,355.20073548387114
1604989645625,5.0625,3.1875,355.20073548387114
1604989645657,-5.0625,-3.1875,355.20073548387114
1604989645688,5.096774193548387,3.3548387096774195,355.20073548387114
1604989645720,-5.0,-3.1875,355.20073548387114
1604989645751,5.161290322580645,3.2903225806451615,355.20073548387114
1604989645783,-5.125,-3.0625,355.20073548387114
1604989645816,4.96969696969697,2.9696969696969697,355.20073548387114
1604989645848,-5.1875,-3.125,355.20073548387114
1604989645880,4.9375,3.0,-356.0101000000001
1604989645914,-4.705882352941177,-2.588235294117647,326.258205882353
1604989645960,3.4347826086956523,1.9130434782608696,-241.13049565217395
1604989645992,-4.9375,-2.875,346.55458125000007
1604989646024,4.9375,3.0625,-346.5449187500001
1604989646056,-5.0625,-3.1875,346.5356750000001
1604989646088,5.0625,3.375,-346.5073312500001
1604989646119,-5.225806451612903,-3.4193548387096775,357.63516774193556
1604989646152,4.848484848484849,3.212121212121212,-335.9331333333334
1604989646183,-5.161290322580645,-3.225806451612903,357.54303870967743
1604989646216,4.848484848484849,2.9696969696969697,-335.90983636363643
1604989646248,-5.0,-3.0625,346.4060187500001
1604989646280,5.0,3.0625,-346.3882312500001
1604989646314,-4.705882352941177,-2.8823529411764706,325.98742352941184
1604989646361,3.404255319148936,2.0851063829787235,-235.81518723404264
1604989646392,-5.225806451612903,-3.161290322580645,357.49123870967753
1604989646424,5.125,3.0,-346.2738687500001
1604989646455,-5.290322580645161,-3.161290322580645,357.3780516129033
1604989646488,4.96969696969697,2.9696969696969697,-335.707193939394
1604989646521,-4.96969696969697,-3.1515151515151514,335.6872121212122
1604989646552,5.290322580645161,3.3548387096774195,-357.37629032258076
1604989646583,-5.225806451612903,-3.3548387096774195,357.35742580645166
1604989646616,4.909090909090909,3.090909090909091,-335.60870909090914
1604989646648,-5.125,-3.375,-335.60870909090914
1604989646680,5.25,3.8125,-335.60870909090914
1604989646712,-5.4375,-4.5625,-335.60870909090914
