1604987939680,-0.5625,-3.4375,-0.5155875000000005
1604987939711,0.6451612903225806,7.612903225806452,-1.784587096774192
1604987939743,0.5,-6.5625,3.5614687499999977
1604987939775,-1.5,5.6875,3.5614687499999977
1604987939809,1.4705882352941178,-5.470588235294118,3.5614687499999977
1604987939839,-1.6,6.733333333333333,3.5614687499999977
1604987939871,1.5,-6.75,3.5614687499999977
1604987939905,-1.6470588235294117,6.235294117647059,3.5614687499999977
1604987939951,1.7391304347826086,-4.608695652173913,3.5614687499999977
1604987939983,-3.3125,6.625,-9.373149999999995
1604987940015,3.6875,-7.0,-0.01339375000000409
1604987940047,-3.125,7.0625,-0.13163749999999474
1604987940079,2.25,-6.8125,0.24286874999999242
1604987940125,-1.3478260869565217,4.6521739130434785,-0.12403913043477542
1604987940143,3.6666666666666665,-12.11111111111111,0.46959999999997926
1604987940175,-2.5,6.5625,-0.3169874999999891
1604987940207,2.9375,-6.125,0.3365249999999893
1604987940239,-3.0625,5.9375,-0.519949999999989
1604987940271,3.3125,-6.0625,0.5186874999999898
1604987940306,-3.0285714285714285,5.542857142857143,-0.5912228571428484
1604987940352,2.608695652173913,-3.739130434782609,0.4853434782608637
1604987940384,-4.5,4.9375,-0.668749999999994
1604987940415,4.838709677419355,-4.967741935483871,0.7142838709677372
1604987940448,-4.121212121212121,5.212121212121212,-0.7506909090909044
1604987940479,3.935483870967742,-6.709677419354839,0.9306451612903178
1604987940511,-4.3125,7.5,-0.8946312499999962
1604987940543,5.4375,-8.6875,0.6753562499999965
1604987940575,-6.5,9.5625,-0.42839374999999613
1604987940607,6.625,-10.0625,0.36078124999999694
1604987940639,-6.625,10.375,-0.42140624999999865
1604987940672,6.7272727272727275,-9.818181818181818,0.27450303030302897
1604987940705,-7.090909090909091,9.212121212121213,-0.08915151515151193
1604987940751,5.130434782608695,-6.304347826086956,0.04678695652173528
1604987940783,-7.4375,9.0625,-0.10011874999999293
1604987940815,7.4375,-9.3125,0.19626874999999266
1604987940847,-7.3125,9.4375,-0.2907187499999928
1604987940879,7.25,-9.25,0.30288124999999155
1604987940911,-7.125,8.8125,-0.2802062499999902
1604987940943,7.1875,-8.6875,0.27819374999998914
1604987940975,-7.25,9.0,-0.26060624999998794
1604987941007,7.125,-9.4375,0.2732187499999874
1604987941039,-7.125,9.625,-0.2949874999999871
1604987941071,7.0,-9.4375,0.30026874999998654
1604987941120,-4.653061224489796,5.959183673469388,-0.16477959183672464
1604987941151,7.161290322580645,-9.419354838709678,0.23467741935481964
1604987941183,-7.0625,9.5,-0.20605624999998007
1604987941215,7.0625,-9.5625,0.14069374999998097
1604987941247,-7.0,9.5625,-0.14807499999998264
1604987941279,6.9375,-9.5,0.16173124999998478
1604987941312,-6.666666666666667,8.909090909090908,-0.17929696969695663
1604987941343,7.096774193548387,-9.35483870967742,0.229858064516115
1604987941375,-6.625,9.3125,-0.2719874999999856
1604987941407,6.5,-9.5625,0.2376062499999847
1604987941439,-6.625,9.5625,-0.1972562499999828
1604987941471,6.8125,-9.5,0.2332999999999803
1604987941521,-4.24,5.84,-0.13268399999998678
1604987941553,6.625,-8.6875,0.1548124999999807
1604987941584,-6.774193548387097,8.709677419354838,-0.055896774193529966
1604987941616,6.5625,-8.3125,-0.007943750000016792
1604987941647,-6.645161290322581,8.451612903225806,0.024212903225821765
1604987941679,6.4375,-8.0,-0.045206250000012105
1604987941711,-6.3125,7.875,0.06328125000000995
1604987941743,6.375,-7.8125,-0.12112500000000992
1604987941775,-6.25,7.625,0.10264375000001102
1604987941808,6.0606060606060606,-7.2727272727272725,-0.042254545454556355
1604987941840,-6.125,7.4375,-0.0049874999999897085
1604987941871,6.32258064516129,-7.419354838709677,0.003374193548378087
1604987941919,-4.083333333333333,4.541666666666667,0.01160000000000494
1604987941951,6.3125,-6.625,-0.08209375000000563
1604987941984,-6.121212121212121,6.606060606060606,0.06540606060606492
1604987942015,6.645161290322581,-7.741935483870968,-0.04799354838710205
1604987942047,-6.5,8.25,0.05462500000000503
1604987942079,6.625,-8.3125,-0.10913750000000455
1604987942111,-6.625,8.0625,0.17776250000000537
1604987942143,6.6875,-8.0625,-0.19523125000000618
1604987942175,-6.6875,8.1875,0.2749687500000064
1604987942208,6.484848484848484,-8.0,-0.30975757575758206
1604987942239,-6.774193548387097,8.709677419354838,0.3163419354838784
1604987942272,6.484848484848484,-8.121212121212121,-0.26670909090909956
1604987942319,-4.595744680851064,5.531914893617022,0.15011914893617684
1604987942351,6.8125,-8.0,-0.20225000000001003
1604987942383,-6.75,7.75,0.18617500000001108
1604987942416,6.484848484848484,-7.212121212121212,-0.1635030303030407
1604987942447,-6.838709677419355,7.354838709677419,0.1660451612903319
1604987942478,6.838709677419355,-7.225806451612903,-0.1634516129032352
1604987942511,-6.484848484848484,6.545454545454546,0.1321636363636468
1604987942543,6.6875,-6.3125,-0.14430625000001207
1604987942575,-6.75,6.125,0.16505625000001345
1604987942607,6.6875,-6.25,0.16505625000001345
1604987942640,-6.484848484848484,6.0,0.16505625000001345
1604987942672,6.75,-5.9375,0.16505625000001345
1604987942720,-4.541666666666667,3.7916666666666665,0.16505625000001345
1604987942751,6.967741935483871,-5.612903225806452,0.16505625000001345
1604987942782,-7.032258064516129,5.806451612903226,0.16505625000001345
1604987942815,6.424242424242424,-5.9393939393939394,0.16505625000001345
1604987942848,-6.242424242424242,6.121212121212121,0.16505625000001345
1604987942879,6.451612903225806,-6.32258064516129,0.16505625000001345
1604987942911,-6.6875,6.0,28.593143750000024
1604987942943,7.0,-5.5,-37.954018750000024
1604987942975,-7.375,4.625,37.969500000000025
1604987943007,7.4375,-4.1875,-38.02748750000003
1604987943040,-7.454545454545454,3.757575757575758,-38.02748750000003
1604987943074,7.411764705882353,-3.1176470588235294,-38.02748750000003
1604987943119,-5.777777777777778,2.1333333333333333,-38.02748750000003
1604987943152,7.696969696969697,-2.909090909090909,-38.02748750000003
1604987943183,-8.193548387096774,3.4193548387096775,-38.02748750000003
1604987943215,7.8125,-3.5625,-38.02748750000003
1604987943247,-7.9375,3.625,-38.02748750000003
1604987943279,7.9375,-3.5,-38.02748750000003
1604987943311,-8.0625,3.375,-38.02748750000003
1604987943362,5.0588235294117645,-2.156862745098039,-38.02748750000003
1604987943388,-9.923076923076923,4.384615384615385,-38.02748750000003
1604987943417,8.689655172413794,-3.7241379310344827,-38.02748750000003
1604987943450,-7.151515151515151,2.787878787878788,27.420406060606087
1604987943472,10.272727272727273,-3.8181818181818183,27.420406060606087
1604987943519,-4.808510638297872,1.7446808510638299,27.420406060606087
1604987943551,7.125,-2.5,27.420406060606087
1604987943583,-7.1875,2.375,27.420406060606087
1604987943616,6.96969696969697,-2.4242424242424243,27.420406060606087
1604987943647,-7.354838709677419,2.6451612903225805,74.0413419354839
1604987943680,6.909090909090909,-2.303030303030303,-80.06636969696972
1604987943711,-7.419354838709677,2.129032258064516,85.23888387096775
1604987943743,7.5,-2.0625,-82.57801250000003
1604987943775,-7.5,2.0625,82.60516875000002
1604987943807,7.5625,-1.9375,-82.61428125000003
1604987943839,-7.5,1.9375,82.61741250000003
1604987943872,7.333333333333333,-1.9393939393939394,-80.10486666666671
1604987943919,-5.1063829787234045,1.3191489361702127,56.24256595744683
1604987943952,7.333333333333333,-1.8181818181818181,-80.14986060606063
1604987943983,-7.741935483870968,1.935483870967742,85.33041935483872
1604987944015,7.5625,-1.9375,-82.70228750000001
1604987944051,-6.611111111111111,1.8333333333333333,73.51185555555556
1604987944079,8.571428571428571,-2.357142857142857,-94.55450714285715
1604987944111,-7.375,2.0625,82.71992500000002
1604987944143,7.375,-2.0,-82.71839375000002
1604987944175,-7.25,2.0,82.73598750000001
1604987944207,7.25,-2.0,-82.7505875
1604987944240,-6.96969696969697,2.0,80.25851515151516
1604987944287,4.8936170212765955,-1.4893617021276595,-56.370965957446806
1604987944319,-7.0625,2.25,82.7396
1604987944350,7.290322580645161,-2.3225806451612905,-85.33315483870967
1604987944383,-6.848484848484849,2.1818181818181817,80.16622424242424
1604987944415,7.125,-2.25,-82.66744374999999
1604987944447,-7.0625,2.1875,82.66313749999998
1604987944479,7.0625,-2.1875,-82.66665624999999
1604987944511,-7.0,2.1875,82.68878749999999
1604987944543,7.0625,-2.125,-82.70106874999999
1604987944575,-7.0625,2.125,82.69751249999999
1604987944608,7.03030303030303,-2.0606060606060606,-80.18387272727273
1604987944639,-7.612903225806452,2.193548387096774,85.32727741935484
1604987944700,3.9344262295081966,-1.180327868852459,-43.36290163934427
1604987944726,-9.23076923076923,3.0,101.75846153846155
1604987944751,9.52,-3.2,-105.84424800000002
1604987944782,-7.67741935483871,2.6451612903225805,85.36721935483872
1604987944815,7.2727272727272725,-2.484848484848485,-80.18479393939397
1604987944847,-7.625,2.5,82.67029375000003
1604987944879,7.625,-2.5,-82.66740625000003
1604987944911,-7.6875,2.5,82.69751875000003
1604987944943,7.75,-2.5625,82.69751875000003
1604987944975,-7.8125,2.75,82.69751875000003
1604987945007,7.75,-2.875,-92.09765000000004
1604987945040,-7.393939393939394,2.9696969696969697,80.37369090909095
1604987945087,5.0638297872340425,-2.1702127659574466,80.37369090909095
1604987945119,-7.4375,3.0,80.37369090909095
1604987945151,7.4375,-2.8125,80.37369090909095
1604987945183,-7.5,2.8125,80.37369090909095
1604987945216,7.090909090909091,-2.9696969696969697,80.37369090909095
1604987945248,-7.3125,3.3125,80.37369090909095
1604987945279,7.483870967741935,-3.4193548387096775,-95.05705806451616
1604987945313,-7.0588235294117645,3.0,78.11686470588238
1604987945343,7.933333333333334,-3.1333333333333333,-88.57494000000003
1604987945375,-7.4375,2.8125,83.04533750000003
1604987945407,7.25,-3.0,83.04533750000003
1604987945439,-7.1875,3.125,113.37878750000004
1604987945488,4.530612244897959,-2.0,113.37878750000004
1604987945520,-7.0,3.0,113.37878750000004
1604987945551,7.354838709677419,-2.7096774193548385,113.37878750000004
1604987945583,-7.5,2.3125,113.37878750000004
1604987945615,7.625,-2.25,113.37878750000004
1604987945647,-7.8125,2.0625,113.37878750000004
1604987945679,7.75,-1.875,113.37878750000004
1604987945711,-7.8125,1.75,113.37878750000004
1604987945743,7.75,-1.75,113.37878750000004
1604987945776,-7.515151515151516,1.7575757575757576,113.37878750000004
1604987945808,7.75,-1.9375,113.37878750000004
1604987945855,-5.276595744680851,1.3191489361702127,113.37878750000004
1604987945887,7.75,-1.875,113.37878750000004
1604987945919,-7.75,1.875,113.37878750000004
1604987945951,7.8125,-1.875,113.37878750000004
1604987945983,-7.75,1.8125,113.37878750000004
1604987946015,7.75,-1.6875,-129.95980000000003
1604987946047,-7.875,1.875,119.22312500000004
1604987946079,8.1875,-2.25,-119.20620000000005
1604987946112,-7.757575757575758,2.3636363636363638,115.56300606060609
1604987946143,8.129032258064516,-2.5806451612903225,-123.02367741935488
1604987946175,-7.8125,2.3125,119.23470000000005
1604987946207,8.0,-2.125,-119.25573750000005
1604987946256,-5.224489795918367,1.3877551020408163,77.86963265306126
1604987946288,8.125,-2.25,-119.20150000000005
1604987946320,-8.0625,2.375,119.13484375000006
1604987946351,8.451612903225806,-2.3870967741935485,-122.96060000000006
1604987946383,-8.1875,2.1875,119.10460625000006
1604987946415,8.3125,-2.125,-119.11908750000006
1604987946447,-8.25,2.0625,119.08973750000007
1604987946479,8.3125,-2.125,-119.09403750000007
1604987946511,-8.25,2.25,119.07925000000006
1604987946548,7.297297297297297,-2.0,-103.02474054054059
1604987946575,-10.074074074074074,2.5925925925925926,141.21603703703713
1604987946607,8.625,-2.0625,-119.11194375000007
1604987946659,-5.3076923076923075,1.2307692307692308,73.30243461538466
1604987946687,9.928571428571429,-2.2857142857142856,-136.14835000000008
1604987946719,-8.6875,2.0625,119.16020000000006
1604987946751,8.8125,-2.0,-119.17388750000005
1604987946783,-8.8125,1.8125,119.18231875000005
1604987946814,9.161290322580646,-1.8064516129032258,-123.02307096774199
1604987946847,-8.606060606060606,1.878787878787879,115.57483030303035
1604987946878,9.161290322580646,-2.129032258064516,-123.02954193548392
1604987946911,-8.606060606060606,1.9393939393939394,115.56753333333339
1604987946943,8.875,-1.9375,-119.18738750000006
1604987946976,-8.545454545454545,1.878787878787879,115.56660000000005
1604987947008,8.75,-1.875,-119.18211250000006
1604987947056,-5.75,1.25,79.4510666666667
1604987947088,8.5625,-1.875,-119.19012500000005
1604987947119,-8.838709677419354,2.0,-119.19012500000005
1604987947152,8.303030303030303,-1.878787878787879,-119.19012500000005
1604987947183,-8.903225806451612,2.0,-119.19012500000005
1604987947216,8.303030303030303,-1.8181818181818181,-119.19012500000005
1604987947247,-8.838709677419354,1.935483870967742,-119.19012500000005
1604987947280,8.303030303030303,-1.878787878787879,-119.19012500000005
1604987947311,-8.96774193548387,2.0,-119.19012500000005
1604987947343,8.6875,-2.0,-119.19012500000005
1604987947375,-8.75,2.1875,-119.19012500000005
1604987947408,8.303030303030303,-2.3636363636363638,-119.19012500000005
1604987947455,-5.829787234042553,1.8297872340425532,-119.19012500000005
1604987947487,8.375,-2.9375,-91.42442500000007
1604987947520,-8.181818181818182,2.8484848484848486,79.86068484848491
1604987947551,8.516129032258064,-2.903225806451613,-85.00854838709684
1604987947583,-8.1875,2.9375,82.32296875000006
1604987947615,8.0,-3.375,-82.31966875000006
1604987947647,-8.0,3.75,-82.31966875000006
1604987947679,7.9375,-3.625,-82.31966875000006
1604987947711,-8.0625,3.375,-82.31966875000006
1604987947743,8.0,-3.25,-82.31966875000006
1604987947775,-8.1875,3.1875,-82.31966875000006
1604987947808,7.878787878787879,-3.1515151515151514,-82.31966875000006
1604987947855,-5.404255319148936,2.3404255319148937,-82.31966875000006
1604987947887,7.6875,-3.625,-82.31966875000006
1604987947919,-7.8125,3.6875,-82.31966875000006
1604987947951,7.875,-3.75,-82.31966875000006
1604987947983,-7.875,3.8125,-82.31966875000006
1604987948015,7.8125,-3.8125,-82.31966875000006
1604987948048,-7.575757575757576,3.6363636363636362,-82.31966875000006
1604987948079,8.129032258064516,-3.870967741935484,-82.31966875000006
1604987948111,-7.875,3.875,-82.31966875000006
1604987948143,7.875,-4.0,-82.31966875000006
1604987948175,-7.8125,4.0625,-82.31966875000006
1604987948208,7.515151515151516,-3.9393939393939394,-82.31966875000006
1604987948267,-4.169491525423729,2.2033898305084745,-82.31966875000006
1604987948294,8.962962962962964,-4.814814814814815,-64.40584444444451
1604987948319,-9.28,5.04,55.85406400000007
1604987948351,7.3125,-3.8125,-43.645731250000054
1604987948383,-7.25,3.625,43.63136250000005
1604987948415,7.3125,-3.4375,-43.61855625000004
1604987948447,-7.25,3.25,43.62868750000004
1604987948482,6.742857142857143,-2.914285714285714,-39.901685714285755
1604987948511,-8.068965517241379,3.5172413793103448,48.09902758620694
1604987948543,7.375,-3.25,-43.55842500000004
1604987948575,-7.25,3.3125,43.499800000000036
1604987948607,7.3125,-3.3125,-43.480868750000035
1604987948655,-4.875,2.25,28.980520833333355
1604987948688,7.2727272727272725,-3.3333333333333335,-42.187430303030325
1604987948720,-7.5,3.4375,43.50721250000003
1604987948751,7.806451612903226,-3.6129032258064515,-44.94243225806455
1604987948783,-7.4375,3.625,43.50973750000003
1604987948814,7.67741935483871,-3.806451612903226,-44.85617419354842
1604987948847,-7.151515151515151,3.5757575757575757,42.16196969696972
1604987948879,7.4375,-3.625,-43.46505000000002
1604987948911,-7.4375,3.5625,43.47014375000002
1604987948943,7.5625,-3.5625,-43.47136250000002
1604987948975,-7.5625,3.625,43.48784375000002
1604987949008,7.333333333333333,-3.5757575757575757,-42.17435151515153
1604987949055,-5.1063829787234045,2.5106382978723403,29.604425531914902
1604987949087,7.5,-3.625,-43.47250000000001
1604987949120,-7.212121212121212,3.4545454545454546,42.15134545454546
1604987949152,7.375,-3.5625,-43.487043750000005
1604987949183,-7.548387096774194,3.7419354838709675,44.89139354838711
1604987949215,7.25,-3.6875,-43.47891250000001
1604987949247,-7.25,3.8125,43.48121875000001
1604987949279,7.25,-3.875,-43.495793750000004
1604987949311,-7.25,3.875,43.49068125000001
1604987949343,7.25,-3.875,-43.49259375000001
1604987949392,-4.775510204081633,2.5306122448979593,28.39993877551021
1604987949416,9.666666666666666,-5.333333333333333,-57.97395000000002
1604987949455,-5.897435897435898,3.4358974358974357,-57.97395000000002
1604987949487,7.1875,-4.125,-57.97395000000002
1604987949519,-7.375,3.9375,-57.97395000000002
1604987949551,7.4375,-3.75,-57.97395000000002
1604987949584,-7.2727272727272725,3.4545454545454546,-57.97395000000002
1604987949615,7.741935483870968,-3.5483870967741935,-57.97395000000002
1604987949646,-7.870967741935484,3.4193548387096775,-57.97395000000002
1604987949679,7.2727272727272725,-3.0303030303030303,-57.97395000000002
1604987949711,-7.625,3.0625,33.79961875000003
1604987949743,7.5,-3.0625,-43.03771875000003
1604987949775,-7.625,3.0,42.98045625000003
1604987949808,7.333333333333333,-2.909090909090909,-41.66013333333336
1604987949855,-5.191489361702128,2.0425531914893615,29.230744680851085
1604987949888,7.2727272727272725,-2.9696969696969697,29.230744680851085
1604987949919,-7.870967741935484,3.096774193548387,29.230744680851085
1604987949951,7.625,-2.875,29.230744680851085
1604987949983,-7.6875,3.0,29.230744680851085
1604987950015,7.4375,-3.125,29.230744680851085
1604987950047,-7.375,3.125,29.230744680851085
1604987950079,7.375,-3.0,29.230744680851085
1604987950111,-7.375,2.9375,29.230744680851085
1604987950143,6.9375,-3.0625,29.230744680851085
1604987950175,-6.3125,3.375,74.32636250000003
1604987950209,5.588235294117647,-3.3529411764705883,-80.05664117647062
1604987950256,-4.085106382978723,2.425531914893617,57.90417872340427
1604987950288,6.0625,-3.5625,-85.04968125000003
1604987950319,-6.258064516129032,3.6774193548387095,87.85287741935488
1604987950351,6.125,-3.625,-85.15866875000003
1604987950383,-6.0625,3.625,85.16896875000003
1604987950415,6.0625,-3.4375,-85.17063750000004
1604987950447,-6.0625,3.125,85.15963125000005
1604987950479,6.25,-3.0,-85.14603750000005
1604987950511,-6.1875,3.0,85.14395000000005
1604987950543,6.25,-3.0,-85.19403750000004
1604987950576,-5.9393939393939394,2.8484848484848486,82.68214545454549
1604987950609,5.9393939393939394,-2.8484848484848486,-82.70026666666672
1604987950656,-4.085106382978723,2.0,58.043089361702165
1604987950689,5.818181818181818,-2.8484848484848486,-82.64935757575762
1604987950719,-6.333333333333333,3.1333333333333333,90.90760000000004
1604987950751,6.0,-2.9375,-85.21603125000004
1604987950783,-6.0,2.9375,85.20056875000003
1604987950820,5.243243243243243,-2.5405405405405403,-73.70091891891894
1604987950847,-7.185185185185185,3.5555555555555554,101.02574814814818
1604987950879,6.1875,-3.0,-85.27147500000004
1604987950912,-6.0,2.8484848484848486,82.67015151515153
1604987950943,6.451612903225806,-2.903225806451613,-88.00626451612906
1604987950975,-6.125,2.75,85.26014375000003
1604987951024,4.0,-1.7959183673469388,-55.67393061224491
1604987951057,-5.878787878787879,2.727272727272727,82.62649090909092
1604987951088,6.32258064516129,-3.032258064516129,-87.90748387096775
1604987951119,-6.32258064516129,3.096774193548387,87.87966451612907
1604987951151,6.1875,-3.0,-85.10788750000003
1604987951183,-6.1875,2.875,85.11585625000004
1604987951214,6.387096774193548,-2.838709677419355,-87.86810967741938
1604987951248,-5.705882352941177,2.5294117647058822,80.0989117647059
1604987951279,6.32258064516129,-2.774193548387097,-87.8705483870968
1604987951311,-6.0625,2.75,85.11825625000003
1604987951343,6.125,-2.8125,-85.12646875000003
1604987951375,-6.125,2.875,85.12740000000002
1604987951424,4.0,-1.836734693877551,-55.59266122448981
1604987951457,-5.878787878787879,2.787878787878788,82.55284848484851
1604987951488,6.258064516129032,-3.032258064516129,-87.8897225806452
1604987951520,-6.0625,3.0,85.13163125000003
1604987951552,6.0625,-2.9375,-85.14379375000003
1604987951583,-6.32258064516129,2.774193548387097,87.89052903225809
1604987951615,6.125,-2.625,-85.13509375000002
1604987951647,-6.1875,2.5625,85.12726875000001
1604987951679,6.1875,-2.375,-85.09873750000001
1604987951711,-6.3125,2.25,-85.09873750000001
1604987951743,6.375,-2.125,-85.09873750000001
1604987951781,-5.526315789473684,1.631578947368421,-85.09873750000001
1604987951823,5.0,-1.4761904761904763,-85.09873750000001
1604987951855,-6.625,2.125,75.283325
1604987951887,6.5,-2.1875,-84.72415000000001
1604987951919,-6.625,2.0625,84.7647125
1604987951951,6.5625,-1.75,-84.78174375
1604987951997,-4.608695652173913,1.0869565217391304,58.96865217391304
1604987952015,11.444444444444445,-3.0,-150.6604777777778
1604987952047,-6.5,1.9375,84.72850625000001
1604987952079,6.4375,-2.125,-84.70804375
1604987952111,-6.5625,1.9375,84.73486249999999
1604987952143,6.5625,-1.75,-84.78151874999999
1604987952176,-6.484848484848484,1.878787878787879,82.22039999999998
1604987952224,4.333333333333333,-1.5,-56.52712916666666
1604987952255,-6.387096774193548,2.7096774193548385,87.51505161290322
1604987952287,5.6875,-3.0,-84.75729999999999
1604987952318,-5.548387096774194,3.2903225806451615,87.48930967741933
1604987952351,5.03030303030303,-3.1515151515151514,-82.20244242424239
1604987952383,-5.25,3.3125,84.78151249999996
1604987952415,5.25,-3.3125,-84.80802499999996
1604987952446,-5.483870967741935,3.4193548387096775,87.5841032258064
1604987952479,5.212121212121212,-3.272727272727273,-82.27416969696964
1604987952512,-5.393939393939394,3.393939393939394,82.25767272727268
1604987952544,5.8125,-3.625,-84.86416874999995
1604987952576,-5.625,3.6875,84.90088749999995
1604987952623,3.6595744680851063,-2.6382978723404253,-57.806348936170174
1604987952655,-5.1875,4.0,84.86010624999994
1604987952687,5.25,-4.0625,-84.84184999999994
1604987952719,-5.25,4.0,84.84326249999995
1604987952751,5.375,-3.9375,-84.87043124999994
1604987952783,-5.375,3.9375,84.90836249999995
1604987952815,5.375,-3.9375,-84.88791874999995
1604987952846,-5.419354838709677,4.129032258064516,87.58361935483865
1604987952879,5.090909090909091,-3.9393939393939394,-82.27023030303025
1604987952911,-5.25,4.125,84.86995624999993
1604987952944,5.212121212121212,-4.0,-82.348006060606
1604987952976,-5.3125,4.125,84.93889374999993
1604987953023,3.6595744680851063,-2.8085106382978724,-57.82106808510634
1604987953055,-5.25,4.125,84.86172499999992
1604987953088,5.090909090909091,-4.0606060606060606,-82.25676969696963
1604987953119,-5.290322580645161,4.387096774193548,87.51453548387089
1604987953151,5.1875,-4.25,-84.7996249999999
1604987953184,-4.96969696969697,4.0606060606060606,82.22579999999992
1604987953216,5.1875,-4.125,-84.80332499999992
1604987953247,-5.354838709677419,4.193548387096774,87.54607096774183
1604987953279,5.25,-4.0625,-84.80838124999991
1604987953312,-5.090909090909091,3.9393939393939394,82.2625393939393
1604987953343,5.483870967741935,-4.193548387096774,-87.57402580645152
1604987953376,-5.090909090909091,3.9393939393939394,82.2965878787878
1604987953423,3.574468085106383,-2.765957446808511,-57.79476595744675
1604987953455,-5.25,4.125,84.8898312499999
1604987953492,4.648648648648648,-3.675675675675676,-73.41251351351343
1604987953519,-6.444444444444445,5.185185185185185,100.55757777777765
1604987953552,5.393939393939394,-4.242424242424242,-82.2581999999999
1604987953583,-5.741935483870968,4.580645161290323,87.55351612903215
1604987953615,5.625,-4.5625,-84.83291874999989
1604987953647,-5.625,4.625,84.82695624999988
1604987953680,5.393939393939394,-4.424242424242424,-82.23501818181806
1604987953711,-5.67741935483871,4.709677419354839,87.53929032258053
1604987953744,5.333333333333333,-4.424242424242424,-82.23176363636351
1604987953791,-3.7872340425531914,3.0638297872340425,57.72642127659565
1604987953823,5.625,-4.375,-84.77965624999987
1604987953856,-5.515151515151516,4.0606060606060606,82.21444242424229
1604987953887,5.806451612903226,-4.258064516129032,-87.49866451612891
1604987953919,-5.6875,3.9375,84.75294999999988
1604987953952,5.636363636363637,-3.4545454545454546,-82.18023636363625
1604987953983,-6.193548387096774,3.4838709677419355,87.48299999999988
1604987954015,6.0625,-3.3125,-84.75754374999988
1604987954047,-6.0625,3.375,84.7525749999999
1604987954079,5.9375,-3.5625,84.7525749999999
1604987954111,-6.0,3.5625,113.41653124999989
1604987954143,5.8125,-3.5,-122.89524999999989
1604987954177,-5.588235294117647,3.3529411764705883,115.72475294117636
1604987954227,3.76,-2.28,-78.70797599999993
1604987954255,-6.714285714285714,4.214285714285714,140.513057142857
1604987954288,5.454545454545454,-3.8181818181818183,-119.21589696969686
1604987954319,-5.870967741935484,4.064516129032258,126.91218064516119
1604987954351,5.75,-3.8125,-122.97201249999989
1604987954384,-5.696969696969697,3.515151515151515,119.2584606060605
1604987954416,5.625,-3.5,-122.98663124999989
1604987954447,-5.67741935483871,3.7419354838709675,126.95055483870956
1604987954479,5.5,-3.8125,-122.97547499999989
1604987954511,-5.5625,3.75,122.9880624999999
1604987954543,5.3125,-3.5625,-123.0379749999999
1604987954592,-3.306122448979592,2.36734693877551,80.37066530612239
1604987954625,4.7272727272727275,-3.6363636363636362,-119.33442424242413
1604987954655,-5.266666666666667,4.0,131.25690666666657
1604987954687,5.0,-3.75,-123.05296874999989
1604987954719,-5.0625,3.75,123.04320624999988
1604987954751,5.125,-3.75,-123.04562499999989
1604987954783,-5.125,3.75,123.0713874999999
1604987954815,5.0,-3.5625,-123.0817249999999
1604987954864,-3.061224489795918,2.163265306122449,80.38412244897953
1604987954891,5.185185185185185,-3.8518518518518516,-145.89382962962952
1604987954911,-6.6,5.3,197.01062999999982
1604987954943,4.125,-3.4375,-123.15176874999989
1604987954991,-2.7083333333333335,2.3333333333333335,82.10348333333326
1604987955023,4.125,-3.5,-123.16313749999989
1604987955056,-3.9393939393939394,3.393939393939394,119.42638787878778
1604987955087,4.193548387096774,-3.6774193548387095,-127.09487741935473
1604987955119,-4.0,3.625,123.0763999999999
1604987955150,4.129032258064516,-3.7419354838709675,-127.02353548387087
1604987955183,-3.8181818181818183,3.515151515151515,119.32035757575748
1604987955215,4.0,-3.625,-123.0392937499999
1604987955248,-3.8181818181818183,3.4545454545454546,119.28059999999991
1604987955280,3.9375,-3.5,-123.0009499999999
1604987955311,-3.935483870967742,3.6129032258064515,126.9297677419354
1604987955343,3.9375,-3.5,-122.98954374999991
1604987955392,-2.5306122448979593,2.2448979591836733,80.32196734693872
1604987955423,4.064516129032258,-3.4193548387096775,-126.95667741935473
1604987955455,-3.8125,3.1875,122.97729374999989
1604987955492,3.2432432432432434,-2.7027027027027026,-106.36342162162153
1604987955519,-4.37037037037037,3.6296296296296298,145.7741333333332
1604987955551,3.6875,-3.0,-123.01218124999991
1604987955582,-3.7419354838709675,2.967741935483871,126.98865161290313
1604987955615,3.5757575757575757,-2.727272727272727,-119.31359393939385
1604987955648,-3.6363636363636362,2.6666666666666665,119.34682424242415
1604987955679,3.935483870967742,-2.774193548387097,-127.05052258064505
1604987955712,-3.696969696969697,2.606060606060606,119.33902424242414
1604987955760,2.5833333333333335,-1.7916666666666667,-82.03655833333328
1604987955790,-4.133333333333334,2.8,131.26269999999988
1604987955823,3.8181818181818183,-2.4242424242424243,-119.3265393939393
1604987955855,-3.9375,2.5,123.0688874999999
1604987955887,4.0,-2.625,-123.08415624999991
1604987955919,-4.0625,2.6875,123.0636749999999
1604987955950,4.193548387096774,-2.7096774193548385,-127.00951612903218
1604987955983,-3.9393939393939394,2.484848484848485,119.2784484848484
1604987956015,4.125,-2.5625,-122.98511874999991
1604987956050,-3.8285714285714287,2.4,112.4303142857142
1604987956079,4.620689655172414,-2.9655172413793105,-135.69747586206884
1604987956112,-4.0,2.6666666666666665,119.2504909090908
1604987956159,2.765957446808511,-1.9148936170212767,-83.72528936170205
1604987956191,-4.0,2.875,122.9807687499999
1604987956224,3.878787878787879,-2.727272727272727,-119.26113333333322
1604987956255,-4.129032258064516,2.838709677419355,126.97898709677409
1604987956287,4.0,-2.6875,-123.04769999999989
1604987956319,-4.0,2.75,123.0707687499999
1604987956351,3.9375,-2.8125,-123.07379999999989
1604987956383,-4.0,2.8125,123.06505624999988
1604987956415,4.0,-2.9375,123.06505624999988
1604987956447,-4.0625,3.125,123.06505624999988
1604987956479,4.0625,-3.25,123.06505624999988
1604987956511,-4.1875,3.25,151.4803999999999
1604987956560,2.7346938775510203,-2.0,151.4803999999999
1604987956592,-4.375,2.875,189.22568749999988
1604987956623,4.32258064516129,-3.032258064516129,-205.05656129032246
1604987956655,-4.125,3.125,198.60287499999987
1604987956688,3.878787878787879,-3.1515151515151514,-192.5713030303029
1604987956718,-4.333333333333333,3.466666666666667,211.82031999999987
1604987956750,4.0,-3.125,-198.57541874999987
1604987956783,-4.0,2.8484848484848486,192.5509212121211
1604987956815,4.125,-2.8125,-198.5592187499999
1604987956847,-4.125,2.625,198.5328187499999
1604987956879,3.9375,-2.4375,-198.4809999999999
1604987956911,-3.9375,2.1875,198.4307249999999
1604987956959,2.6666666666666665,-1.2916666666666667,-132.27329583333326
1604987956991,-4.0,1.8125,198.4013687499999
1604987957024,3.8181818181818183,-1.7575757575757576,-192.3851999999999
1604987957055,-4.0,1.935483870967742,204.8039870967741
1604987957087,3.75,-2.0,-198.40264374999992
1604987957119,-3.625,2.0625,198.39736249999993
1604987957151,3.5,-2.0,-198.38766249999992
1604987957183,-3.5,2.0625,198.37751249999994
1604987957215,3.5625,-2.1875,-198.36264374999993
1604987957248,-3.5757575757575757,2.303030303030303,192.33732121212114
1604987957279,4.129032258064516,-2.6451612903225805,-204.7966516129032
1604987957311,-3.9375,2.5,198.40576874999994
1604987957359,2.75,-1.625,-132.27591249999998
1604987957391,-4.0,2.375,198.35863124999992
1604987957423,4.125,-2.5625,-198.36212499999993
1604987957455,-4.0,2.5,198.3171499999999
1604987957487,4.125,-2.5625,-198.3454312499999
1604987957518,-4.258064516129032,2.193548387096774,204.79220645161277
1604987957551,4.0606060606060606,-2.3636363636363638,-192.4108303030302
1604987957583,-4.1875,2.125,198.4135437499999
1604987957616,3.878787878787879,-2.484848484848485,-192.3670727272726
1604987957648,-4.125,2.4375,198.3524999999999
1604987957680,4.25,-2.75,198.3524999999999
1604987957711,-4.774193548387097,3.7419354838709675,198.3524999999999
1604987957759,3.0833333333333335,-2.2916666666666665,198.3524999999999
