1604931688211,0.0027548209366391185,0.012855831037649219,-0.028817263544536276
1604931688243,-0.0048828125,0.0087890625,-0.019158203124999995
1604931688274,-0.005202913631633715,0.007284079084287201,0.0024568158168574296
1604931688307,-0.0027548209366391185,0.004591368227731864,-0.0025725436179981414
1604931688338,-0.005202913631633715,0.002081165452653486,0.001604266389177931
1604931688371,-0.0073461891643709825,0.004591368227731864,0.0003984389348025658
1604931688403,-0.0087890625,0.0068359375,0.0
1604931688435,-0.009765625,0.001953125,0.0
1604931688468,-0.008264462809917356,0.006427915518824609,0.0
1604931688514,-0.004725897920604915,0.003780718336483932,0.0
1604931688547,-0.008264462809917356,0.005509641873278237,0.0
1604931688579,-0.0087890625,0.0087890625,0.011956640624999987
1604931688610,-0.009365244536940686,0.002081165452653486,0.0005711758584807527
1604931688643,-0.005509641873278237,0.0027548209366391185,-0.00083397612488521
1604931688674,-0.006243496357960458,0.005202913631633715,0.0012405827263267575
1604931688707,-0.006427915518824609,0.0027548209366391185,-0.0005960514233241545
1604931688745,-0.006232686980609419,0.0013850415512465374,0.0
1604931688772,-0.013717421124828532,0.006858710562414266,0.0
1604931688805,-0.0073461891643709825,0.0018365472910927456,0.0
1604931688835,-0.011111111111111112,-0.0044444444444444444,0.0
1604931688867,-0.00390625,-0.0009765625,0.0
1604931688915,-0.00390625,0.0,0.0008082031249999991
1604931688948,-0.005509641873278237,-0.0009182736455463728,0.0
1604931688978,-0.008888888888888889,0.0,0.0
1604931689010,-0.0087890625,-0.0029296875,-0.006715039062500011
1604931689042,-0.0029296875,0.0048828125,0.0
1604931689074,-0.0068359375,0.0,-0.006115136718749997
1604931689107,-0.0073461891643709825,-0.0009182736455463728,0.0
1604931689139,-0.0078125,-0.0009765625,0.0
1604931689172,-0.008264462809917356,0.0,0.0
1604931689203,-0.007284079084287201,0.005202913631633715,0.0
1604931689235,-0.001953125,0.0009765625,0.0
1604931689267,-0.0126953125,0.0009765625,0.0
1604931689314,0.0,0.0018107741059302852,0.0
1604931689347,-0.004591368227731864,0.0073461891643709825,0.0
1604931689379,-0.00390625,0.0048828125,-0.02820839843749999
1604931689411,-0.0029296875,0.0078125,0.0
1604931689442,-0.003121748178980229,0.007284079084287201,-0.0083318418314256
1604931689475,0.0,-0.0009182736455463728,-0.003539118457300278
1604931689506,0.001040582726326743,-0.003121748178980229,0.0
1604931689539,0.0027548209366391185,-0.0027548209366391185,-0.00699825528007346
1604931689570,0.006243496357960458,-0.005202913631633715,0.0
1604931689603,0.0073461891643709825,-0.004591368227731864,0.0
1604931689634,0.011446409989594173,-0.005202913631633715,0.0
1604931689668,0.01124567474048443,-0.004325259515570935,0.0
1604931689714,0.005671077504725898,-0.004725897920604915,0.0
1604931689747,0.012855831037649219,-0.012855831037649219,0.0
1604931689778,0.022892819979188347,-0.03537981269510926,0.0
1604931689810,0.017578125,0.009765625,0.0
1604931689842,0.0166015625,0.0009765625,0.0
1604931689875,0.011937557392102846,-0.0018365472910927456,0.0
1604931689912,0.007304601899196494,0.004382761139517896,0.0
1604931689938,0.01775147928994083,-0.004437869822485207,0.0
1604931689970,0.0078125,0.0009765625,0.0
1604931690003,0.006427915518824609,0.0,0.0
1604931690035,0.005859375,0.0,0.0
1604931690068,0.0036730945821854912,0.0009182736455463728,0.0
1604931690116,0.0008680555555555555,0.0008680555555555555,0.0
1604931690147,0.001040582726326743,0.003121748178980229,0.0
1604931690179,-0.0009765625,0.00390625,0.0013437499999999908
1604931690211,-0.001953125,0.00390625,0.003475781250000004
1604931690243,-0.00390625,0.0029296875,0.0
1604931690274,-0.003121748178980229,0.004162330905306972,0.007622164412070759
1604931690307,-0.004591368227731864,0.0027548209366391185,0.003188613406795232
1604931690338,-0.004162330905306972,0.002081165452653486,0.0036356919875130036
1604931690371,-0.0027548209366391185,0.0009182736455463728,0.003642424242424242
1604931690403,-0.00390625,0.001953125,0.0034676757812500125
1604931690434,-0.004162330905306972,0.0,0.0
1604931690468,-0.0034602076124567475,0.0,0.005860726643598596
1604931690515,-0.001358080579447714,-0.0022634676324128564,0.0016655500226346802
1604931690547,-0.0068359375,0.001953125,0.0031780273437500006
1604931690597,0.0,-0.0032,0.0014964799999999969
1604931690632,-0.0024489795918367346,-0.004897959183673469,0.0023301224489795905
1604931690646,-0.015306122448979591,-0.015306122448979591,0.02169795918367351
1604931690675,-0.0035671819262782403,-0.0023781212841854932,0.004816646848989309
1604931690706,-0.004162330905306972,-0.002081165452653486,0.003808740894901148
1604931690738,-0.0029296875,0.0009765625,0.003209082031249977
1604931690771,-0.0036730945821854912,0.0009182736455463728,0.0032225895316804402
1604931690803,-0.001953125,-0.0029296875,0.003350195312500026
1604931690835,-0.0068359375,0.0029296875,0.001752636718749978
1604931690882,-0.001358080579447714,0.0004526935264825713,0.0008239927569035762
1604931690914,-0.00390625,0.0009765625,0.0005700195312500211
1604931690946,-0.0029296875,-0.0009765625,0.0012147460937499965
1604931690978,-0.00390625,0.0029296875,0.0003966796874999845
1604931691010,-0.005859375,0.0,0.0005458984374999976
1604931691043,-0.0018365472910927456,0.006427915518824609,-0.0003876033057851243
1604931691075,-0.005859375,0.0,-0.0006309570312499901
1604931691106,-0.007284079084287201,0.003121748178980229,-0.0013325702393340193
1604931691139,-0.005509641873278237,0.006427915518824609,-0.0021839302112029346
1604931691171,-0.005859375,0.0126953125,-0.0021866210937500075
1604931691205,-0.006920415224913495,-0.006055363321799308,-0.002706487889273364
1604931691235,-0.005555555555555556,0.013333333333333334,-0.0030953333333333275
1604931691282,-0.002716161158895428,-0.0009053870529651426,-0.0018224083295608874
1604931691314,-0.005859375,0.0048828125,-0.003233105468749997
1604931691346,-0.005859375,0.001953125,-0.004295898437500001
1604931691379,-0.005509641873278237,0.0009182736455463728,-0.003552800734618916
1604931691411,-0.00390625,0.0009765625,-0.003783007812499989
1604931691442,-0.004162330905306972,0.0,-0.004462226847034357
1604931691474,-0.00390625,0.0,-0.0043003906249999835
1604931691506,-0.0029296875,-0.0029296875,0.0
1604931691539,-0.0036730945821854912,-0.0009182736455463728,0.0
1604931691571,-0.00390625,0.0009765625,0.0
1604931691602,0.0,0.001040582726326743,0.0
1604931691636,-0.0017301038062283738,-0.0025951557093425604,-0.015873183391003475
1604931691686,0.0012,-0.0024,-0.0015863200000000007
1604931691714,0.0012755102040816326,-0.003826530612244898,-0.004578443877551004
1604931691746,0.00390625,-0.00390625,-0.003791503906250007
1604931691778,0.00390625,-0.0029296875,-0.0034426757812500014
1604931691810,0.0068359375,-0.00390625,-0.0037463867187499944
1604931691843,0.009182736455463728,-0.0018365472910927456,0.0
1604931691874,0.011446409989594173,-0.005202913631633715,0.0
1604931691906,0.01171875,-0.00390625,0.0
1604931691943,0.01095690284879474,-0.002191380569758948,0.0
1604931691971,0.01913265306122449,-0.006377551020408163,0.0
1604931692009,0.009695290858725761,-0.004847645429362881,0.0
1604931692035,0.020710059171597635,-0.004437869822485207,0.0
1604931692083,0.005208333333333333,-0.001736111111111111,0.0
1604931692117,0.00865051903114187,-0.0025951557093425604,0.0
1604931692147,0.01,-0.0033333333333333335,0.0
1604931692187,0.005,-0.000625,0.0
1604931692211,0.010416666666666666,0.001736111111111111,0.0
1604931692243,0.005859375,0.0,0.0
1604931692275,0.0029296875,0.0009765625,0.0
1604931692316,0.001784651992861392,0.000594883997620464,0.0
1604931692347,0.001040582726326743,0.003121748178980229,0.0
1604931692376,-0.0011890606420927466,0.0023781212841854932,0.011157550535077287
1604931692403,-0.0013717421124828531,0.0054869684499314125,0.005518518518518513
1604931692436,-0.0009182736455463728,0.0036730945821854912,0.0
1604931692483,-0.0009053870529651426,0.001358080579447714,0.003649026708918061
1604931692519,-0.0007716049382716049,0.0023148148148148147,0.0
1604931692547,-0.003826530612244898,0.0012755102040816326,0.009321938775510194
1604931692578,-0.001040582726326743,0.002081165452653486,0.004301144640998984
1604931692616,-0.0013850415512465374,0.0006925207756232687,0.0024414819944598297
1604931692648,-0.0029296875,0.0,0.0027743164062500048
1604931692676,-0.003826530612244898,0.0012755102040816326,0.004676913265306112
1604931692706,-0.0011111111111111111,0.0011111111111111111,0.003641333333333326
1604931692740,-0.0017301038062283738,0.0,0.002407266435986167
1604931692774,-0.0008650519031141869,-0.0008650519031141869,0.002430276816609006
1604931692802,-0.0012755102040816326,0.0012755102040816326,0.004056377551020389
1604931692836,-0.0008650519031141869,-0.0008650519031141869,0.0019927335640138313
1604931692883,0.0,0.0,0.0013244001810774118
1604931692916,-0.0018365472910927456,0.0,0.002494031221303956
1604931692947,-0.001040582726326743,-0.001040582726326743,0.0027300728407908537
1604931692978,-0.002081165452653486,0.0,0.0028104058272632538
1604931693014,-0.0015432098765432098,0.0,0.002101774691358036
1604931693048,-0.0034602076124567475,0.0008650519031141869,0.0014828719723183191
1604931693075,-0.00411522633744856,0.0013717421124828531,0.0035116598079561073
1604931693106,-0.004162330905306972,0.001040582726326743,0.0012603537981269713
1604931693138,-0.0048828125,0.001953125,0.0015272460937499899
1604931693172,-0.0034602076124567475,0.0017301038062283738,0.0006265570934256051
1604931693202,-0.0044444444444444444,0.0022222222222222222,0.00014233333333332136
1604931693235,-0.004591368227731864,0.0027548209366391185,-0.00015059687786959344
1604931693282,-0.002716161158895428,0.0004526935264825713,0.00026215482118606203
1604931693315,-0.005509641873278237,0.0018365472910927456,-0.0008081726354453616
1604931693347,-0.005859375,0.001953125,-0.000988476562500007
1604931693378,-0.006243496357960458,0.002081165452653486,-0.0009191467221644031
1604931693410,-0.0068359375,0.0,-0.0011328125000000244
1604931693442,-0.005859375,0.0009765625,-0.0022393554687499817
1604931693475,-0.006427915518824609,0.0018365472910927456,-0.0013752984389348106
1604931693506,-0.008324661810613945,0.001040582726326743,-0.0016979188345473413
1604931693540,-0.006055363321799308,0.0025951557093425604,-0.00216288927335641
1604931693571,-0.007284079084287201,0.001040582726326743,-0.0025225806451612746
1604931693603,-0.0078125,0.0009765625,-0.0027324218750000018
1604931693636,-0.005509641873278237,0.0018365472910927456,-0.0030139577594123206
1604931693683,-0.003168854685377999,0.0004526935264825713,-0.0016015844273426796
1604931693715,-0.005859375,0.0009765625,-0.004166699218750014
1604931693746,-0.006243496357960458,0.001040582726326743,-0.004724037460978133
1604931693778,-0.0048828125,0.0,-0.003849511718750004
1604931693811,-0.0027548209366391185,0.0027548209366391185,-0.0041839302112029325
1604931693843,-0.00390625,-0.0009765625,-0.0036211914062500017
1604931693875,-0.00390625,-0.005859375,0.0
1604931693906,-0.004162330905306972,0.002081165452653486,-0.007028720083246629
1604931693939,-0.0009182736455463728,-0.0018365472910927456,-0.002767033976124886
1604931693971,0.0009765625,-0.00390625,-0.0025423828124999936
1604931694003,0.001953125,-0.005859375,0.0
1604931694051,0.002170138888888889,-0.005208333333333333,0.0
1604931694082,0.005202913631633715,-0.014568158168574402,0.0
1604931694119,0.004382761139517896,-0.01095690284879474,0.0
1604931694147,0.007653061224489796,-0.017857142857142856,0.0
1604931694179,0.0068359375,-0.01171875,0.0
1604931694211,0.00390625,-0.01171875,0.0
1604931694243,0.0029296875,-0.01171875,0.0
1604931694280,0.002191380569758948,-0.007304601899196494,0.0
1604931694307,0.00411522633744856,-0.01646090534979424,0.0
1604931694339,0.001953125,-0.009765625,0.0
1604931694371,0.001953125,-0.0068359375,0.0
1604931694403,0.001953125,-0.0048828125,0.0
1604931694450,0.001358080579447714,-0.0018107741059302852,0.0
1604931694483,0.0018365472910927456,-0.0018365472910927456,0.004256932966023865
1604931694515,0.0009765625,0.00390625,0.0004255859375000004
1604931694547,0.0009765625,0.001953125,-0.000353906249999994
1604931694578,0.002081165452653486,0.003121748178980229,0.0002932362122788804
1604931694611,0.0018365472910927456,0.0036730945821854912,0.0003159779614325045
1604931694643,0.0,0.0029296875,0.0
1604931694674,0.002081165452653486,0.008324661810613945,0.0
1604931694707,0.0018365472910927456,0.008264462809917356,0.0
1604931694739,0.001953125,0.0048828125,0.0
1604931694771,0.0009765625,0.0068359375,0.0
1604931694803,0.0009765625,0.009765625,0.0
1604931694851,0.0008680555555555555,0.004774305555555556,0.0
1604931694882,0.002081165452653486,0.01040582726326743,0.0
1604931694914,0.0009765625,0.0107421875,0.0
1604931694947,0.0009182736455463728,0.011019283746556474,0.0
1604931694978,0.002081165452653486,0.012486992715920915,0.0
1604931695010,0.001953125,0.01171875,0.0
1604931695042,0.0029296875,0.0107421875,0.0
1604931695074,0.001953125,0.0107421875,0.0
1604931695107,0.0027548209366391185,0.011937557392102846,0.0
1604931695138,0.002081165452653486,0.011446409989594173,0.0
1604931695171,0.0027548209366391185,0.008264462809917356,0.0
1604931695203,0.0029296875,0.0107421875,0.0
1604931695252,0.0012494793835901709,0.003331945022907122,0.0
1604931695282,0.0033333333333333335,0.0077777777777777776,0.0
1604931695315,0.0018365472910927456,0.005509641873278237,0.0
1604931695347,0.0029296875,-0.0029296875,0.0
1604931695379,0.00390625,0.01171875,0.0
1604931695410,0.001040582726326743,-0.019771071800208116,0.0
1604931695442,0.0,-0.0009765625,0.010919042968749987
1604931695474,0.0029296875,0.00390625,0.0
1604931695507,0.0009182736455463728,-0.0018365472910927456,0.0
1604931695539,0.0009765625,-0.0078125,0.0
1604931695572,0.0,0.004591368227731864,0.0
1604931695603,0.002081165452653486,0.001040582726326743,0.0
1604931695651,-0.00043402777777777775,-0.004340277777777778,0.0
1604931695683,0.0009765625,-0.0107421875,0.0
1604931695715,0.0009765625,-0.0107421875,0.0
1604931695747,0.0,-0.009765625,0.0
1604931695779,0.0009765625,-0.0087890625,0.0
1604931695811,0.0009765625,-0.0107421875,0.0
1604931695842,0.001040582726326743,-0.01040582726326743,0.0
1604931695874,0.0009765625,-0.0087890625,0.0
1604931695906,0.0,-0.0078125,0.0
1604931695938,-0.0009765625,-0.0078125,0.0
1604931695971,-0.0009182736455463728,-0.005509641873278237,0.0
1604931696004,-0.0018365472910927456,-0.004591368227731864,0.0
1604931696051,-0.0018107741059302852,-0.001358080579447714,0.0
1604931696082,-0.004162330905306972,-0.002081165452653486,0.0
1604931696114,-0.0068359375,-0.0009765625,0.0
1604931696146,-0.0068359375,0.001953125,0.0
1604931696178,-0.0068359375,0.0,0.0
1604931696211,-0.006427915518824609,0.0009182736455463728,0.0
1604931696242,-0.007284079084287201,0.002081165452653486,0.0
1604931696275,-0.006427915518824609,0.0009182736455463728,0.0
1604931696306,-0.006243496357960458,0.003121748178980229,0.008605306971904267
1604931696339,-0.004591368227731864,0.0027548209366391185,0.0
1604931696371,-0.0068359375,0.00390625,0.0
1604931696408,-0.004382761139517896,0.0029218407596785976,0.0
1604931696450,-0.003968253968253968,0.0022675736961451248,-0.0024791383219954634
1604931696482,-0.005859375,0.001953125,-0.0011057617187499869
1604931696514,-0.005859375,0.0048828125,0.0
1604931696546,-0.005859375,0.00390625,-0.0022733398437499996
1604931696578,-0.005859375,0.00390625,0.0
1604931696611,-0.004591368227731864,0.0018365472910927456,0.0
1604931696648,-0.004382761139517896,0.0029218407596785976,0.0
1604931696674,-0.004437869822485207,-0.0029585798816568047,0.0
1604931696706,-0.00390625,0.0029296875,0.0
1604931696738,-0.001953125,0.0,-0.01690048828125
1604931696771,-0.0009182736455463728,-0.0018365472910927456,-0.002715335169880632
1604931696804,0.0009182736455463728,-0.0036730945821854912,-0.002940312213039484
1604931696851,0.0018107741059302852,0.0,-0.0012502037120869192
1604931696883,0.0009765625,-0.0009765625,0.0
1604931696914,0.003121748178980229,-0.002081165452653486,-0.00474942767950052
1604931696946,0.0029296875,-0.001953125,-0.0015041015624999987
1604931696978,0.0029296875,-0.001953125,-0.001429101562499993
1604931697011,0.0027548209366391185,-0.0009182736455463728,-0.0002863177226813638
1604931697042,0.002081165452653486,-0.001040582726326743,0.00027325702393340913
1604931697074,0.0009765625,-0.0009765625,0.0009136718749999939
1604931697107,0.0009182736455463728,-0.0009182736455463728,0.001117171717171717
1604931697138,0.0,-0.001040582726326743,0.001548387096774193
1604931697171,0.0,-0.0009182736455463728,0.0019526170798898107
1604931697203,0.0,0.0,0.001968261718750003
1604931697250,-0.0004526935264825713,-0.0004526935264825713,0.0012325033952014486
1604931697282,-0.0009765625,0.0029296875,0.002934765624999988
1604931697315,0.0009182736455463728,0.0,0.002452984389348028
1604931697347,0.0009765625,0.0009765625,0.0027807617187500105
1604931697378,0.001040582726326743,0.0,0.0033653485952133025
1604931697410,0.001953125,0.0009765625,0.0031701171875000156
1604931697442,0.0009765625,-0.0009765625,0.0028333984374999954
1604931697475,0.0027548209366391185,-0.0009182736455463728,0.0024270890725436216
1604931697507,0.001953125,-0.001953125,0.002712597656249982
1604931697538,0.005202913631633715,-0.001040582726326743,0.0
1604931697570,0.005859375,-0.00390625,0.0017283203125000035
1604931697603,0.005509641873278237,-0.0018365472910927456,0.00048466483011938783
1604931697651,0.003472222222222222,-0.0013020833333333333,-0.0001324218750000044
1604931697682,0.008324661810613945,-0.005202913631633715,0.0
1604931697715,0.008264462809917356,-0.0018365472910927456,0.0
1604931697747,0.009765625,-0.001953125,0.0
1604931697778,0.01040582726326743,-0.001040582726326743,0.0
1604931697810,0.009765625,-0.0009765625,0.0
1604931697842,0.0107421875,0.0009765625,0.0
1604931697874,0.0107421875,0.0009765625,0.0
1604931697906,0.0107421875,0.001953125,0.0
1604931697939,0.009182736455463728,0.0009182736455463728,0.0
1604931697972,0.010101010101010102,0.0018365472910927456,0.0
1604931698023,0.0038446751249519417,0.0011534025374855825,0.0
1604931698050,0.012345679012345678,0.0027434842249657062,0.0
1604931698083,0.0073461891643709825,0.0018365472910927456,0.0
1604931698114,0.008324661810613945,0.001040582726326743,0.0
1604931698147,0.006427915518824609,0.0009182736455463728,0.0
1604931698179,0.0068359375,0.0009765625,0.0
1604931698211,0.005859375,0.001953125,-0.007404101562499987
1604931698242,0.006243496357960458,0.0,0.00042788761706553545
1604931698274,0.0048828125,0.0009765625,0.0008552734375000259
1604931698306,0.0029296875,0.0009765625,0.0005833984374999934
1604931698338,0.0009765625,0.001953125,0.0008095703125000075
1604931698371,-0.0009182736455463728,0.0009182736455463728,0.0009667584940312127
1604931698419,-0.0013020833333333333,0.0,0.0004326388888888921
1604931698450,-0.004162330905306972,0.002081165452653486,0.0004634755463059085
1604931698483,-0.0036730945821854912,0.0009182736455463728,0.0010719008264462916
1604931698514,-0.006243496357960458,0.001040582726326743,0.0
1604931698546,-0.0068359375,0.0009765625,0.0014743164062500091
1604931698578,-0.0068359375,0.0,0.0
1604931698611,-0.0073461891643709825,0.0009182736455463728,0.0
1604931698642,-0.008324661810613945,0.0,0.0
1604931698691,-0.003331945022907122,0.00041649312786339027,0.0
1604931698715,-0.013888888888888888,0.0,0.0
1604931698738,-0.017013232514177693,0.0,0.0
1604931698771,-0.009182736455463728,0.0,0.0
1604931698818,-0.004074241738343142,-0.0004526935264825713,0.0
1604931698850,-0.0107421875,0.0009765625,0.0
1604931698882,-0.0087890625,-0.001953125,0.0
1604931698914,-0.01171875,0.0009765625,0.0
1604931698947,-0.009182736455463728,-0.0009182736455463728,0.0
1604931698978,-0.011446409989594173,0.002081165452653486,0.0
1604931699011,-0.009182736455463728,-0.0009182736455463728,0.0
1604931699043,-0.01171875,0.0009765625,0.0
1604931699075,-0.009765625,0.0009765625,0.0
1604931699106,-0.01040582726326743,0.003121748178980229,0.0
1604931699139,-0.008264462809917356,0.0018365472910927456,0.0
1604931699171,-0.0078125,0.0,0.010039160156249977
1604931699219,-0.0030381944444444445,0.0,-9.75694444444391e-05
1604931699251,-0.0068359375,0.0,0.0
1604931699283,-0.0068359375,-0.0009765625,5.703125000000586e-05
1604931699315,-0.0048828125,0.0,-0.00013173828125001563
1604931699346,-0.006243496357960458,-0.001040582726326743,0.0006744016649323616
1604931699378,-0.0048828125,-0.0009765625,-0.00037246093749998543
1604931699411,-0.0036730945821854912,0.0,-0.00044848484848486025
1604931699442,-0.003121748178980229,0.0,0.0001137356919875326
1604931699475,-0.0018365472910927456,-0.0009182736455463728,-0.0004297520661157188
1604931699512,-0.0014609203798392988,0.0,0.0003485756026296644
1604931699538,-0.0014792899408284023,-0.0014792899408284023,-0.0006045857988165832
1604931699572,0.0,-0.0008650519031141869,1.842560553632919e-05
1604931699619,0.0004526935264825713,-0.0004526935264825713,-0.0004841104572204625
1604931699650,0.002081165452653486,-0.001040582726326743,-0.0006797086368366266
1604931699682,0.0029296875,0.0,-0.0014653320312499885
1604931699714,0.00390625,-0.001953125,-0.0020225585937500012
1604931699746,0.005859375,-0.0029296875,-0.0012800781250000004
1604931699778,0.005859375,0.0,0.0
1604931699810,0.0078125,-0.0009765625,-0.00361308593750001
1604931699846,0.005401234567901234,-0.0007716049382716049,-0.0013771604938271527
1604931699874,0.01020408163265306,0.0,-0.0014535714285714306
1604931699907,0.008264462809917356,0.0,-0.0010780532598714478
1604931699939,0.0078125,-0.0009765625,0.0
1604931699971,0.0078125,-0.0009765625,0.0
1604931700018,0.0036215482118605704,-0.0004526935264825713,0.0
1604931700051,0.008264462809917356,-0.0018365472910927456,0.0
1604931700083,0.0078125,-0.0009765625,0.0
1604931700114,0.007284079084287201,-0.001040582726326743,0.0
1604931700148,0.006055363321799308,-0.0008650519031141869,0.0
1604931700178,0.005555555555555556,-0.0011111111111111111,0.0
1604931700210,0.0048828125,0.0,0.00012167968750001479
1604931700242,0.001953125,0.0,0.0011984374999999825
1604931700274,0.0009765625,-0.0009765625,0.0011945312500000194
1604931700307,0.0009182736455463728,0.0009182736455463728,0.0014100091827364415
1604931700339,-0.0009765625,0.0,0.00171376953125002
1604931700372,-0.0027548209366391185,0.0009182736455463728,0.0018997245179063194
1604931700418,-0.001890359168241966,0.0004725897920604915,0.0009236767485822287
1604931700450,-0.0048828125,0.001953125,0.0
1604931700482,-0.005859375,0.0009765625,0.0
1604931700514,-0.0068359375,0.0009765625,0.0048721679687500075
1604931700547,-0.006427915518824609,0.0009182736455463728,0.0008820936639118452
1604931700579,-0.0087890625,0.0009765625,0.0
1604931700611,-0.0078125,0.0009765625,0.0
1604931700642,-0.008324661810613945,0.001040582726326743,0.0
1604931700674,-0.0087890625,0.0009765625,0.0001760742187500164
1604931700707,-0.008264462809917356,0.0,-0.0011816345270890983
1604931700738,-0.009365244536940686,0.001040582726326743,0.0
1604931700772,-0.006920415224913495,0.0008650519031141869,0.0
1604931700821,-0.003331945022907122,-0.00041649312786339027,-0.0023313619325281134
1604931700850,-0.009512485136741973,0.0,-0.0033579072532698975
1604931700882,-0.0078125,0.0009765625,-0.0027958984374999996
1604931700914,-0.005859375,0.001953125,-0.003245312500000014
1604931700947,-0.005509641873278237,0.0,-0.0025003673094582016
1604931700978,-0.005202913631633715,0.0,0.0
1604931701012,-0.004325259515570935,-0.0008650519031141869,-0.0050509515570934214
1604931701043,-0.004162330905306972,0.001040582726326743,-0.002400000000000011
1604931701074,-0.006243496357960458,-0.003121748178980229,-0.0024073881373569248
1604931701108,-0.0017301038062283738,-0.0008650519031141869,-0.00202032871972318
1604931701138,-0.0033333333333333335,-0.0011111111111111111,-0.0022176666666666733
1604931701188,-0.0004,-0.0004,-0.0006668399999999962
1604931701219,-0.001040582726326743,-0.001040582726326743,-0.0014916753381893958
1604931701251,-0.0009765625,-0.0029296875,-0.0004569335937500002
1604931701282,-0.001040582726326743,-0.001040582726326743,-0.0003909469302809519
1604931701314,0.0,-0.0009765625,-0.00022832031250000218
1604931701346,0.001953125,-0.0009765625,0.00010410156250000024
1604931701378,0.001953125,0.0,0.0003520507812500018
1604931701410,0.00390625,-0.0009765625,0.0
1604931701443,0.0036730945821854912,-0.0009182736455463728,0.0
1604931701475,0.0048828125,-0.0009765625,0.0
1604931701507,0.0068359375,-0.0009765625,0.0
1604931701538,0.005202913631633715,-0.001040582726326743,0.00853766909469303
1604931701586,0.0030381944444444445,-0.0008680555555555555,0.0010954861111111115
1604931701619,0.006427915518824609,-0.0009182736455463728,0.0018728191000918308
1604931701651,0.0078125,-0.001953125,0.0030210937499999813
1604931701683,0.0068359375,-0.0009765625,0.0031255859375000083
1604931701714,0.009365244536940686,-0.001040582726326743,0.0036265348595213498
1604931701746,0.0078125,0.0,0.002835351562499977
1604931701779,0.0073461891643709825,-0.0009182736455463728,0.0028734618916437075
1604931701810,0.007284079084287201,-0.001040582726326743,0.0032823100936524518
1604931701842,0.0068359375,-0.0009765625,0.0025967773437499952
1604931701880,0.004155124653739612,-0.0006925207756232687,0.002419390581717462
1604931701906,0.010355029585798817,-0.0014792899408284023,0.0037909763313609566
1604931701939,0.005509641873278237,-0.0018365472910927456,0.001928558310376493
1604931701987,0.0026041666666666665,-0.00043402777777777775,0.0010582031249999962
1604931702018,0.006243496357960458,-0.001040582726326743,0.0021848074921956393
1604931702051,0.005509641873278237,-0.0009182736455463728,0.0014181818181818145
1604931702083,0.0068359375,-0.0009765625,0.001804296875
1604931702115,0.0068359375,-0.0009765625,0.001569921874999991
1604931702147,0.005859375,-0.0009765625,0.0015758789062499945
1604931702192,0.0034567901234567903,-0.0004938271604938272,0.0002289876543209961
1604931702211,0.019390581717451522,0.0,0.0029941828254847246
1604931702242,0.008324661810613945,-0.001040582726326743,4.1727367325697564e-05
1604931702292,0.0032,-0.0004,-0.00012959999999999355
1604931702321,0.01070154577883472,-0.0011890606420927466,0.0
1604931702339,0.027777777777777776,0.0,-0.0032033950617284183
1604931702387,0.00390625,0.0,-0.0002924045138888874
1604931702418,0.009365244536940686,0.001040582726326743,-0.0012947970863683765
1604931702450,0.0078125,0.0009765625,0.0
1604931702483,0.0073461891643709825,0.0009182736455463728,-0.0017577594123048613
1604931702520,0.005843681519357195,0.0007304601899196494,0.0
1604931702546,0.011834319526627219,0.0029585798816568047,0.0
1604931702578,0.005859375,0.001953125,0.0
1604931702610,0.0048828125,0.0009765625,0.0
1604931702642,0.00390625,0.0009765625,0.0
1604931702674,0.0029296875,0.0009765625,-0.005833203124999992
1604931702706,0.001953125,0.0,-0.000998242187499998
1604931702740,0.0008650519031141869,0.0008650519031141869,-0.0016014705882353019
1604931702786,-0.000945179584120983,-0.0004725897920604915,-0.0006798204158790193
1604931702819,-0.0018365472910927456,-0.0009182736455463728,-0.0015003673094582028
1604931702850,-0.004162330905306972,0.0,-0.0010481789802289437
1604931702883,-0.006427915518824609,0.0,-0.0003521579430670321
1604931702914,-0.009365244536940686,0.001040582726326743,0.0
1604931702947,-0.009182736455463728,0.0,0.0
1604931702979,-0.009765625,0.0009765625,-0.0010149414062499973
1604931703010,-0.012486992715920915,0.002081165452653486,0.0
1604931703043,-0.011019283746556474,0.0018365472910927456,0.0
1604931703075,-0.013671875,0.001953125,0.0
1604931703107,-0.0126953125,0.0009765625,0.0
1604931703140,-0.011937557392102846,0.0018365472910927456,0.0
1604931703187,-0.005432322317790856,-0.0004526935264825713,0.0
1604931703218,-0.013527575442247659,0.001040582726326743,0.0
1604931703250,-0.0126953125,0.0,-0.0038815429687500125
1604931703282,-0.0126953125,0.0,-0.0011601562499999885
1604931703315,-0.011019283746556474,0.0,-0.0014597796143250628
1604931703346,-0.013527575442247659,0.0,0.0
1604931703379,-0.011937557392102846,-0.0009182736455463728,0.0
1604931703411,-0.0126953125,0.0,0.0
1604931703442,-0.012486992715920915,0.0,0.0
1604931703475,-0.011019283746556474,-0.0009182736455463728,0.0
1604931703507,-0.009765625,-0.0009765625,0.0
1604931703540,-0.009182736455463728,-0.0018365472910927456,0.0
1604931703586,-0.003780718336483932,0.000945179584120983,0.0
1604931703619,-0.008264462809917356,-0.0027548209366391185,0.0
1604931703650,-0.007284079084287201,-0.001040582726326743,0.0
1604931703682,-0.005859375,0.0,0.0
1604931703714,-0.00390625,-0.0009765625,0.0
1604931703747,-0.0027548209366391185,-0.0027548209366391185,-0.026723324150596885
1604931703787,-0.001875,-0.000625,-0.0005002499999999977
1604931703812,0.0,-0.0032,-0.0019855999999999993
1604931703848,0.0,0.0007716049382716049,-0.00032530864197530707
1604931703879,0.002081165452653486,0.001040582726326743,-0.00018772112382935057
1604931703907,0.002551020408163265,0.0012755102040816326,0.0008196428571428592
1604931703940,0.0027548209366391185,0.0009182736455463728,0.0
1604931703986,0.0014177693761814746,-0.000945179584120983,0.0
1604931704019,0.0036730945821854912,-0.0009182736455463728,0.0
1604931704051,0.00390625,-0.0009765625,0.0
1604931704083,0.005859375,-0.0009765625,0.0
1604931704114,0.007284079084287201,-0.003121748178980229,0.0
1604931704146,0.0078125,-0.0009765625,0.0
1604931704178,0.009765625,-0.0029296875,0.0
1604931704210,0.009765625,-0.001953125,0.0
1604931704243,0.010101010101010102,-0.0027548209366391185,0.0
1604931704276,0.011019283746556474,-0.0027548209366391185,0.0
1604931704306,0.014444444444444444,-0.0011111111111111111,0.0
1604931704339,0.011937557392102846,-0.0009182736455463728,0.0
1604931704386,0.006337709370755998,-0.0004526935264825713,0.0
1604931704418,0.013671875,0.0009765625,0.0
1604931704450,0.01171875,0.0,0.0
1604931704482,0.0126953125,0.0009765625,0.0
1604931704515,0.011019283746556474,0.0018365472910927456,0.0
1604931704547,0.01171875,0.0,0.0
1604931704578,0.012486992715920915,0.001040582726326743,0.0
1604931704611,0.011019283746556474,0.0027548209366391185,-0.00046510560146924024
1604931704643,0.009765625,0.0009765625,0.0
1604931704674,0.009365244536940686,0.002081165452653486,0.0
1604931704707,0.0036730945821854912,0.0027548209366391185,0.0035950413223140554
1604931704755,0.0,0.00043402777777777775,0.0005717013888888887
1604931704788,-0.004591368227731864,0.0018365472910927456,0.001536088154269968
1604931704819,-0.006243496357960458,0.001040582726326743,0.0017594172736732528
1604931704852,-0.0073461891643709825,0.0027548209366391185,0.0
1604931704883,-0.01040582726326743,0.003121748178980229,0.0
1604931704914,-0.01040582726326743,0.003121748178980229,0.0
1604931704946,-0.01171875,0.0029296875,0.0
1604931704978,-0.0126953125,0.0029296875,0.0
1604931705010,-0.0126953125,0.00390625,0.0
1604931705042,-0.0126953125,0.001953125,0.0
1604931705074,-0.013671875,0.0029296875,0.0
1604931705107,-0.011937557392102846,0.0027548209366391185,0.0
1604931705155,-0.006944444444444444,0.0013020833333333333,0.0
1604931705187,-0.0126953125,0.00390625,0.0
1604931705218,-0.01040582726326743,0.01040582726326743,0.0
1604931705251,-0.010101010101010102,0.005509641873278237,0.0
1604931705282,-0.009365244536940686,0.013527575442247659,0.0
1604931705314,-0.005859375,0.0087890625,0.0
1604931705347,-0.0036730945821854912,0.011019283746556474,0.0
1604931705378,-0.003121748178980229,0.01040582726326743,0.0
1604931705410,0.0,0.0107421875,0.0
1604931705442,0.0,0.0068359375,0.0
1604931705475,0.0018365472910927456,0.012855831037649219,0.0
1604931705507,0.0048828125,0.0,0.0
1604931705555,0.0026041666666666665,-0.0013020833333333333,0.0
1604931705587,0.00390625,0.005859375,0.0
1604931705618,0.008324661810613945,0.007284079084287201,0.0
1604931705650,0.009765625,0.0029296875,0.0
1604931705682,0.0078125,0.0068359375,0.0
1604931705715,0.009182736455463728,0.005509641873278237,0.0031713498622589612
1604931705751,0.007716049382716049,0.0,0.0
1604931705779,0.011479591836734694,-0.0012755102040816326,0.0
1604931705811,0.01171875,0.00390625,0.0
1604931705842,0.011446409989594173,-0.003121748178980229,0.0
1604931705874,0.0107421875,-0.0078125,0.0
1604931705907,0.010101010101010102,-0.0036730945821854912,0.0
1604931705955,0.005208333333333333,-0.00390625,0.0
1604931705987,0.0107421875,-0.0087890625,0.0
1604931706019,0.01171875,-0.009765625,0.0
1604931706055,0.008487654320987654,-0.008487654320987654,0.0
1604931706082,0.015089163237311385,-0.015089163237311385,0.0
1604931706114,0.0107421875,-0.01171875,0.0
1604931706146,0.009765625,-0.01171875,0.0
1604931706179,0.008264462809917356,-0.010101010101010102,0.0
1604931706210,0.009365244536940686,-0.011446409989594173,0.0
1604931706243,0.006427915518824609,-0.009182736455463728,0.0
1604931706274,0.005202913631633715,-0.009365244536940686,0.0
1604931706307,0.0036730945821854912,-0.0073461891643709825,0.0
1604931706354,-0.0004526935264825713,-0.002716161158895428,0.0
1604931706386,-0.00390625,-0.00390625,-0.0017998046875000034
1604931706418,-0.0068359375,-0.001953125,0.0
1604931706456,-0.006232686980609419,0.0,0.0
1604931706482,-0.014792899408284023,0.0014792899408284023,0.0
1604931706514,-0.0107421875,0.0029296875,0.0
1604931706546,-0.009765625,0.0029296875,0.0
1604931706578,-0.0078125,0.001953125,0.014019531249999995
1604931706610,-0.0078125,0.001953125,0.0029616210937500054
1604931706642,-0.0078125,0.0009765625,0.00324687500000001
1604931706674,-0.009765625,0.0009765625,0.0
1604931706707,-0.009182736455463728,0.0027548209366391185,0.0
1604931706755,-0.00390625,0.00043402777777777775,0.0
1604931706787,-0.0107421875,0.001953125,0.0
1604931706818,-0.01040582726326743,0.002081165452653486,0.0
1604931706851,-0.010101010101010102,0.0018365472910927456,0.0
1604931706883,-0.0107421875,0.001953125,0.018057128906249997
1604931706915,-0.009765625,0.001953125,0.00024941406249998077
1604931706946,-0.01040582726326743,0.001040582726326743,0.0012100936524453772
1604931706978,-0.0087890625,0.0009765625,-0.0008962890624999997
1604931707010,-0.0087890625,0.0009765625,-0.0005154296874999853
1604931707042,-0.0087890625,0.0009765625,-0.0006585937500000194
1604931707075,-0.008264462809917356,0.0,-0.001188980716253426
1604931707109,-0.007785467128027681,0.0,-0.001250605536332194
1604931707154,-0.003950617283950617,0.0004938271604938272,-0.0008569382716049359
1604931707186,-0.0087890625,0.0,-0.002583300781249992
1604931707218,-0.0078125,-0.0009765625,-0.0017071289062500217
1604931707250,-0.0087890625,0.001953125,-0.0019016601562499846
1604931707282,-0.0068359375,0.0,-0.0021308593749999882
1604931707315,-0.006427915518824609,0.0,-0.0020910009182736624
1604931707347,-0.0068359375,0.0,-0.0015112304687499856
1604931707378,-0.006243496357960458,0.0,-0.002433298647242463
1604931707410,-0.005859375,0.0,-0.0011902343750000155
1604931707443,-0.004591368227731864,-0.0009182736455463728,-0.0016737373737373716
1604931707475,-0.00390625,-0.0009765625,-0.0011708984374999842
1604931707507,-0.0029296875,0.0,-0.0004569335937500141
1604931707556,-0.00041649312786339027,-0.0008329862557267805,-0.00037167846730528145
1604931707587,-0.001040582726326743,0.0,-0.00025390218522372505
1604931707618,0.002081165452653486,-0.001040582726326743,-0.0003299687825182212
1604931707650,0.001953125,-0.0009765625,0.0006181640625000095
1604931707682,0.00390625,0.0,0.0005538085937499826
1604931707714,0.005859375,-0.0009765625,6.679687499999698e-05
1604931707747,0.006427915518824609,-0.0018365472910927456,0.0005432506887052339
1604931707783,0.006172839506172839,0.0,0.0008628086419753099
1604931707810,0.010973936899862825,-0.0027434842249657062,0.001467352537722924
1604931707843,0.008264462809917356,-0.0018365472910927456,0.001185583103764922
1604931707876,0.008264462809917356,-0.0009182736455463728,0.0005933884297520599
1604931707907,0.009365244536940686,-0.001040582726326743,0.0003868886576482908
1604931707954,0.004526935264825713,-0.001358080579447714,0.00028370303304662723
1604931707986,0.0107421875,-0.0029296875,0.0004665039062499987
1604931708018,0.009765625,-0.001953125,0.0
1604931708051,0.008264462809917356,-0.0027548209366391185,0.0
1604931708082,0.011446409989594173,-0.003121748178980229,0.0013805411030176776
1604931708114,0.0087890625,-0.001953125,-0.0004156250000000028
1604931708146,0.009765625,-0.001953125,7.841796875002194e-05
1604931708179,0.008264462809917356,-0.0018365472910927456,-0.00046657483930212404
1604931708211,0.0087890625,-0.0009765625,0.0
1604931708243,0.0087890625,-0.001953125,0.0
1604931708274,0.01040582726326743,-0.001040582726326743,0.0
1604931708322,0.004340277777777778,-0.0008680555555555555,0.0
1604931708355,0.009182736455463728,-0.0018365472910927456,0.0
1604931708386,0.011446409989594173,-0.001040582726326743,0.0
1604931708419,0.010101010101010102,-0.0018365472910927456,0.0
1604931708450,0.011446409989594173,-0.002081165452653486,0.0
1604931708499,0.004581424406497293,-0.00041649312786339027,0.0
1604931708528,0.011890606420927468,0.0,0.0
1604931708547,0.027700831024930747,-0.002770083102493075,0.0
1604931708578,0.01040582726326743,-0.001040582726326743,0.0
1604931708610,0.009765625,0.0,0.0
1604931708643,0.0073461891643709825,-0.0009182736455463728,0.0
1604931708675,0.0078125,0.0,0.0
1604931708723,0.0026041666666666665,0.0,-0.006621050347222219
1604931708755,0.0029296875,0.0,0.0010826171874999957
1604931708787,0.0,-0.0009765625,0.00035224609375000826
1604931708818,-0.003121748178980229,-0.002081165452653486,0.0009249739854318192
1604931708850,-0.005859375,-0.0009765625,0.0007322265625000213
1604931708883,-0.006427915518824609,0.0,0.0010220385674931125
1604931708914,-0.01040582726326743,0.001040582726326743,0.0
1604931708947,-0.010101010101010102,0.0018365472910927456,0.0
1604931708979,-0.01171875,0.001953125,0.0
1604931709011,-0.013671875,0.0029296875,0.0
1604931709043,-0.013671875,0.00390625,0.0
1604931709076,-0.013774104683195593,0.0027548209366391185,0.0
1604931709123,-0.006337709370755998,0.0018107741059302852,0.0
1604931709154,-0.014568158168574402,0.005202913631633715,0.012440686784599376
1604931709186,-0.0146484375,0.0029296875,0.0
1604931709218,-0.0146484375,0.005859375,0.0
1604931709250,-0.0126953125,0.00390625,0.0
1604931709283,-0.011019283746556474,0.0009182736455463728,0.0
1604931709314,-0.013527575442247659,0.004162330905306972,0.0
1604931709346,-0.01171875,0.0009765625,0.0
1604931709378,-0.0107421875,0.001953125,0.0
1604931709410,-0.0107421875,0.0009765625,0.0
1604931709443,-0.011019283746556474,-0.0009182736455463728,0.0
1604931709475,-0.0087890625,0.0009765625,0.0
1604931709522,-0.004074241738343142,0.0009053870529651426,0.0
1604931709554,-0.005859375,0.001953125,0.0
1604931709586,-0.00390625,0.001953125,0.0
1604931709619,-0.0027548209366391185,0.0027548209366391185,-0.01126152433425161
1604931709651,0.0,0.0048828125,0.0
1604931709682,0.002081165452653486,0.005202913631633715,-0.003345161290322574
1604931709714,0.0029296875,0.005859375,0.0
1604931709746,0.0048828125,0.005859375,0.0
1604931709778,0.005859375,0.005859375,0.0
1604931709811,0.005509641873278237,0.006427915518824609,0.0
1604931709844,0.006427915518824609,0.008264462809917356,0.0
1604931709875,0.005202913631633715,0.008324661810613945,0.0
1604931709923,0.0030381944444444445,0.004340277777777778,0.0
1604931709955,0.0078125,0.0048828125,0.0
1604931709986,0.008324661810613945,0.007284079084287201,0.0
1604931710038,0.0029585798816568047,0.0018491124260355029,0.0
1604931710061,0.017013232514177693,0.017013232514177693,0.0
1604931710083,0.01859504132231405,0.012396694214876033,0.0
1604931710114,0.01040582726326743,-0.002081165452653486,0.0
1604931710146,0.0087890625,0.0087890625,0.0
1604931710179,0.0073461891643709825,0.006427915518824609,0.0
1604931710211,0.0048828125,0.005859375,0.0
1604931710243,0.0048828125,0.0048828125,0.0
1604931710275,0.0048828125,0.0029296875,0.0
1604931710322,0.0022634676324128564,0.0022634676324128564,0.0
1604931710354,0.0009765625,0.0,0.0
1604931710387,0.0018365472910927456,0.0027548209366391185,-0.0025857667584940434
1604931710418,0.003121748178980229,-0.005202913631633715,0.002090530697190427
1604931710451,0.006427915518824609,0.0018365472910927456,0.0
1604931710482,0.0,-0.001040582726326743,0.0
1604931710517,0.0016326530612244899,-0.0024489795918367346,0.0
1604931710546,0.0,-0.0178359096313912,0.0
1604931710579,-0.0009182736455463728,-0.015610651974288337,0.0
1604931710611,-0.0009765625,-0.0166015625,0.0
1604931710643,-0.001953125,-0.01953125,0.0
1604931710676,-0.0018365472910927456,-0.014692378328741965,0.0
1604931710722,-0.001890359168241966,-0.006143667296786389,0.0
1604931710754,-0.001953125,-0.0107421875,0.0
1604931710787,-0.0018365472910927456,-0.011937557392102846,0.0
1604931710819,-0.0029296875,-0.0068359375,0.0
1604931710850,-0.002081165452653486,-0.009365244536940686,0.0
1604931710882,-0.001953125,-0.0078125,0.0
1604931710914,-0.001953125,-0.0087890625,0.0
1604931710946,-0.0009765625,-0.0087890625,0.0
1604931710979,-0.0009182736455463728,-0.0073461891643709825,0.0
1604931711011,-0.001953125,-0.0068359375,0.0
1604931711044,-0.0009182736455463728,-0.004591368227731864,0.0
1604931711075,0.0,-0.004162330905306972,0.0
1604931711124,0.0,-0.0008329862557267805,0.0011792169929196164
1604931711156,0.0,0.0,0.0003869140624999934
1604931711192,0.0007716049382716049,0.0015432098765432098,7.939814814815225e-05
1604931711218,0.0014792899408284023,0.005917159763313609,0.00011745562130176418
1604931711251,0.0018365472910927456,0.0036730945821854912,0.0
1604931711282,0.002081165452653486,0.006243496357960458,0.0
1604931711314,0.001953125,0.0068359375,0.0
1604931711347,0.0018365472910927456,0.006427915518824609,0.0
1604931711379,0.001953125,0.0078125,0.0
1604931711411,0.001953125,0.009765625,0.0
1604931711442,0.003121748178980229,0.01040582726326743,0.0
1604931711476,0.0017301038062283738,0.00865051903114187,0.0
1604931711522,0.000945179584120983,0.005198487712665407,0.0
1604931711555,0.0018365472910927456,0.009182736455463728,0.0
1604931711587,0.001953125,0.009765625,0.0
1604931711619,0.001953125,0.01171875,0.0
1604931711655,0.0015432098765432098,0.008487654320987654,0.0
1604931711683,0.003826530612244898,0.01403061224489796,0.0
1604931711714,0.002081165452653486,0.011446409989594173,0.0
1604931711746,0.001953125,0.0107421875,0.0
1604931711779,0.0018365472910927456,0.009182736455463728,0.0
1604931711810,0.0,0.006243496357960458,0.0
1604931711842,0.0009765625,0.0029296875,0.0
1604931711891,0.001665972511453561,-0.0024989587671803417,0.0
1604931711924,0.0018365472910927456,0.0036730945821854912,0.0020949494949495124
1604931711954,0.0,0.0022222222222222222,0.0
1604931711986,0.0009765625,0.0,-0.00038212890625000107
1604931712018,0.001953125,-0.0029296875,0.001347460937499989
1604931712050,0.001953125,-0.0048828125,-0.0004390625000000037
1604931712082,0.0009765625,-0.0048828125,9.980468750001026e-05
1604931712114,-0.001953125,0.0048828125,0.0
1604931712146,0.0029296875,-0.00390625,0.0
1604931712178,0.0,-0.0146484375,0.0
1604931712210,0.001953125,-0.015625,0.0
1604931712243,0.0018365472910927456,-0.013774104683195593,0.0
1604931712290,0.0009053870529651426,-0.007695789950203712,0.0
1604931712322,0.001953125,-0.017578125,0.0
1604931712355,0.0009182736455463728,-0.012855831037649219,0.0
1604931712386,0.0,-0.014568158168574402,0.0
1604931712418,0.0029296875,-0.0126953125,0.0
1604931712450,0.0,-0.0126953125,0.0
1604931712483,0.0027548209366391185,-0.008264462809917356,0.0
1604931712514,0.001040582726326743,-0.009365244536940686,0.0
1604931712546,0.0009765625,-0.0078125,0.0
1604931712578,0.0,-0.0068359375,-0.01062177734375
1604931712611,0.0,-0.0027548209366391185,8.953168044076822e-05
1604931712659,0.00043402777777777775,-0.0008680555555555555,-0.00011974826388888582
1604931712691,0.0009765625,0.0,0.00048115234374999927
1604931712722,0.001040582726326743,0.0,0.0003818938605619045
1604931712754,-0.0009765625,0.001953125,0.0005183593749999993
1604931712786,-0.001953125,0.001953125,-0.00026347656249998963
1604931712818,-0.005859375,0.001953125,0.0
1604931712850,-0.0068359375,0.00390625,0.0
1604931712882,-0.0078125,0.00390625,0.0
1604931712915,-0.009182736455463728,0.0036730945821854912,0.0
1604931712946,-0.008324661810613945,0.005202913631633715,0.0
1604931712978,-0.0087890625,0.00390625,0.0
1604931713012,-0.007785467128027681,0.0034602076124567475,0.0
1604931713043,-0.009365244536940686,0.004162330905306972,0.0
1604931713091,-0.003472222222222222,0.0013020833333333333,-0.002664019097222223
1604931713123,-0.0068359375,0.0029296875,0.0
1604931713155,-0.0078125,0.0029296875,-0.0032032226562500044
1604931713186,-0.007284079084287201,0.002081165452653486,-0.0022041623309053088
1604931713219,-0.006427915518824609,0.0027548209366391185,-0.0018456382001836565
1604931713250,-0.006243496357960458,0.002081165452653486,-0.0017214360041623226
1604931713283,-0.006427915518824609,0.0018365472910927456,-0.0014169880624426167
1604931713314,-0.005202913631633715,0.002081165452653486,-0.0009315296566076883
1604931713346,-0.005859375,0.0029296875,-0.0008233398437500067
1604931713378,-0.0029296875,0.0029296875,-8.056640624999611e-05
1604931713411,-0.0018365472910927456,0.0018365472910927456,3.774104683195605e-05
1604931713443,-0.0009765625,0.0009765625,0.0003701171874999909
1604931713491,0.0,0.00043402777777777775,9.487847222222623e-05
1604931713536,0.0014814814814814814,0.0,0.0004178765432098746
1604931713563,0.0054869684499314125,0.0,0.0014127572016460876
1604931713586,0.00945179584120983,-0.001890359168241966,0.0
1604931713618,0.005859375,-0.0009765625,0.0
1604931713651,0.006427915518824609,-0.0018365472910927456,0.0
1604931713683,0.0068359375,-0.001953125,0.0
1604931713714,0.007284079084287201,-0.002081165452653486,0.0
1604931713746,0.0078125,-0.00390625,0.0
1604931713778,0.0068359375,-0.0029296875,0.0
1604931713810,0.0078125,-0.0029296875,0.0
1604931713843,0.006427915518824609,-0.0018365472910927456,0.0
1604931713891,0.003472222222222222,-0.0013020833333333333,0.0
1604931713922,0.008324661810613945,-0.001040582726326743,0.0
1604931713955,0.0073461891643709825,-0.0018365472910927456,0.0
1604931713987,0.0078125,-0.001953125,0.0
1604931714019,0.0078125,-0.001953125,0.0
1604931714050,0.008324661810613945,-0.002081165452653486,0.0
1604931714083,0.008264462809917356,-0.0009182736455463728,0.0
1604931714114,0.008324661810613945,-0.002081165452653486,0.0
1604931714146,0.0087890625,-0.001953125,0.0
1604931714179,0.008264462809917356,-0.0009182736455463728,0.04204426078971534
1604931714211,0.009765625,0.0,0.00023466796874999085
1604931714259,0.00390625,-0.0008680555555555555,0.0
1604931714291,0.009765625,0.0,0.0
1604931714323,0.0087890625,0.0009765625,-0.0026249999999999885
1604931714355,0.0087890625,0.0,0.0
1604931714386,0.009365244536940686,0.0,0.0
1604931714419,0.008264462809917356,0.0009182736455463728,0.0
1604931714451,0.0087890625,-0.0009765625,0.0
1604931714482,0.01040582726326743,-0.001040582726326743,0.0
1604931714514,0.009765625,-0.001953125,0.0
1604931714546,0.009765625,-0.001953125,-0.013567773437500014
1604931714579,0.006427915518824609,0.0,-0.002180808080808078
1604931714610,0.004162330905306972,-0.001040582726326743,-0.0006264308012487033
1604931714644,0.0025951557093425604,0.0,9.809688581315989e-05
1604931714691,0.001358080579447714,-0.0009053870529651426,0.00013856948845630896
1604931714722,0.002081165452653486,-0.001040582726326743,0.001786056191467244
1604931714755,0.0018365472910927456,-0.0018365472910927456,0.002633792470156082
1604931714786,0.0,-0.001040582726326743,0.002001352757544237
1604931714819,0.0,-0.0009182736455463728,0.0013825528007346331
1604931714850,-0.001040582726326743,-0.001040582726326743,-0.00012559833506763722
1604931714882,-0.001953125,0.0,0.0004591796874999776
1604931714915,-0.0027548209366391185,0.0009182736455463728,0.0009380165289256228
1604931714947,-0.0029296875,0.0,0.00180292968750001
1604931714979,-0.001953125,-0.0029296875,0.001854882812499986
1604931715011,-0.0009765625,-0.005859375,0.0010830078125000087
1604931715047,-0.0030864197530864196,-0.007716049382716049,0.0
1604931715090,-0.0027041644131963224,-0.0048674959437533805,0.0
1604931715122,-0.005859375,-0.009765625,0.0
1604931715155,-0.005509641873278237,-0.010101010101010102,0.0
1604931715186,-0.005202913631633715,-0.011446409989594173,0.0
1604931715218,-0.00390625,-0.01171875,0.0
1604931715251,-0.0027548209366391185,-0.0073461891643709825,0.0
1604931715282,-0.002081165452653486,-0.008324661810613945,0.0
1604931715315,-0.0018365472910927456,-0.009182736455463728,0.0
1604931715350,-0.0008163265306122449,-0.00816326530612245,0.0
