1604995168149,0.6451612903225806,0.7096774193548387,0.0
1604995168201,-1.1538461538461537,-0.6153846153846154,0.0
1604995168230,2.206896551724138,1.1724137931034482,0.0
1604995168247,-3.411764705882353,-2.235294117647059,0.0
1604995168293,1.173913043478261,0.8260869565217391,0.0
1604995168325,-1.875,-0.9375,0.0
1604995168358,1.7575757575757576,0.6060606060606061,0.0
1604995168390,-1.8125,-0.4375,0.0
1604995168422,1.6875,0.0625,0.0
1604995168454,-1.75,0.125,0.0
1604995168486,1.8125,0.5625,0.0
1604995168517,-1.8064516129032258,-0.9032258064516129,0.0
1604995168550,1.696969696969697,0.6060606060606061,0.0
1604995168583,-1.6363636363636365,-0.36363636363636365,0.0
1604995168615,1.6875,0.4375,0.0
1604995168646,-1.6774193548387097,-0.5806451612903226,0.0
1604995168695,1.0612244897959184,0.3673469387755102,0.0
1604995168727,-1.625,-0.8125,0.0
1604995168759,1.5625,0.875,0.0
1604995168790,-1.3548387096774193,-1.2903225806451613,0.0
1604995168822,1.5625,1.3125,-8.993881249999996
1604995168854,-1.5,-1.25,0.355324999999997
1604995168885,1.7419354838709677,1.2258064516129032,-0.409909677419353
1604995168918,-1.5757575757575757,-1.2121212121212122,0.3282000000000001
1604995168950,1.75,1.25,-0.27025000000000254
1604995168982,-1.875,-1.3125,0.2703500000000041
1604995169014,1.8125,1.3125,-0.2618250000000035
1604995169062,-1.1666666666666667,-0.7916666666666666,0.15141666666666845
1604995169094,1.5625,1.0625,-0.24719375000000277
1604995169126,-1.4375,-0.875,0.2575125000000025
1604995169157,1.4838709677419355,0.9032258064516129,-0.3462645161290355
1604995169189,-1.4375,-0.875,0.3264500000000048
1604995169227,1.105263157894737,0.5789473684210527,-0.2577894736842148
1604995169253,-1.4615384615384615,-0.3076923076923077,0.2776846153846205
1604995169285,1.0625,-0.25,-0.17495000000000438
1604995169318,-0.7878787878787878,0.48484848484848486,0.13696969696970332
1604995169350,0.625,-0.6875,-0.15736875000000872
1604995169382,-0.75,0.875,0.18866250000001017
1604995169414,0.8125,-1.1875,-0.17381875000001124
1604995169462,-0.5833333333333334,0.8333333333333334,0.13291666666667368
1604995169494,0.875,-1.1875,-0.2060750000000091
1604995169526,-0.9375,1.1875,0.26395625000000855
1604995169558,0.9375,-1.125,-0.2809375000000074
1604995169590,-1.0625,0.9375,0.2811062500000059
1604995169621,0.9032258064516129,-0.8387096774193549,-0.2661677419354888
1604995169653,-1.0,0.8125,-0.2661677419354888
1604995169685,0.8125,-0.8125,23.451774999999998
1604995169717,-0.875,1.0625,-31.35606875
1604995169750,0.6666666666666666,-1.1515151515151516,30.403
1604995169782,-0.8125,1.0625,-31.31050625
1604995169815,0.7878787878787878,-1.0303030303030303,30.333206060606067
1604995169862,-0.5957446808510638,0.723404255319149,30.333206060606067
1604995169893,0.967741935483871,-1.096774193548387,30.333206060606067
1604995169925,-0.8125,1.0625,30.333206060606067
1604995169958,0.9696969696969697,-0.9696969696969697,30.333206060606067
1604995169989,-0.8387096774193549,1.032258064516129,30.333206060606067
1604995170022,1.0909090909090908,-0.9090909090909091,53.046800000000005
1604995170053,-0.967741935483871,0.967741935483871,-64.38945806451613
1604995170085,1.0,-0.9375,62.48280625
1604995170117,-0.9375,1.0625,-62.472831250000006
1604995170150,0.9696969696969697,-0.9696969696969697,60.58604848484849
1604995170182,-0.875,0.875,-62.35619375000001
1604995170230,0.5833333333333334,-0.625,41.57132500000001
1604995170262,-0.75,1.0,-62.39957500000001
1604995170294,0.8125,-1.0625,62.401950000000014
1604995170326,-0.75,0.875,-62.366337500000014
1604995170358,0.75,-0.875,62.38956250000001
1604995170390,-0.6875,0.9375,-62.348506250000014
1604995170423,0.6666666666666666,-0.9090909090909091,60.46772727272729
1604995170454,-0.7096774193548387,0.9032258064516129,60.46772727272729
1604995170486,0.6875,-0.9375,60.46772727272729
1604995170517,-0.7741935483870968,1.096774193548387,60.46772727272729
1604995170567,0.48,-0.6,60.46772727272729
1604995170588,-1.1428571428571428,0.9523809523809523,-106.67421904761908
1604995170630,0.5238095238095238,-0.3333333333333333,46.120214285714304
1604995170661,-0.7741935483870968,0.7096774193548387,-62.4701612903226
1604995170693,0.75,-0.9375,60.474056250000025
1604995170726,-0.7272727272727273,0.9090909090909091,-58.647533333333364
1604995170758,0.6875,-1.125,60.47356250000003
1604995170789,-0.6451612903225806,1.4838709677419355,-62.453670967741964
1604995170827,0.47368421052631576,-1.263157894736842,50.934084210526336
1604995170854,-0.5925925925925926,1.6296296296296295,-71.65862222222225
1604995170885,0.45161290322580644,-1.3548387096774193,62.376032258064534
1604995170918,-0.42424242424242425,1.2727272727272727,-58.59413939393941
1604995170950,0.375,-1.1875,60.396456250000014
1604995170982,-0.4375,1.0625,-60.41838125000002
1604995171030,0.2916666666666667,-0.7083333333333334,40.271845833333344
1604995171062,-0.5,1.1875,-60.433106250000016
1604995171094,0.625,-1.3125,60.41126875000002
1604995171126,-0.6875,1.3125,-60.42153750000002
1604995171157,0.7741935483870968,-1.2903225806451613,62.356270967741956
1604995171189,-0.5625,1.375,-60.44931250000002
1604995171221,0.625,-1.4375,60.49595000000002
1604995171254,-0.5454545454545454,1.4545454545454546,-58.65454545454548
1604995171286,0.5625,-1.625,60.47964375000002
1604995171318,-0.4375,1.6875,-60.49513750000002
1604995171350,0.5,-1.8125,60.50074375000002
1604995171382,-0.375,1.875,-60.51830625000002
1604995171414,0.375,-1.9375,60.53063125000001
1604995171462,-0.16666666666666666,1.3333333333333333,-40.35834166666668
1604995171495,0.30303030303030304,-2.0,58.71553939393941
1604995171526,-0.3870967741935484,2.2580645161290325,-62.51761290322583
1604995171558,0.4375,-2.25,60.51658125000002
1604995171589,-0.45161290322580644,2.3225806451612905,-62.43853548387099
1604995171621,0.375,-2.25,60.46320000000003
1604995171653,-0.4375,2.25,-60.43585000000003
1604995171685,0.375,-2.1875,60.42029375000003
1604995171719,-0.4117647058823529,2.0,-56.84737647058826
1604995171749,0.3333333333333333,-2.2666666666666666,64.39540000000004
1604995171782,-0.42424242424242425,2.0,-58.54892121212124
1604995171814,0.375,-2.125,60.360875000000036
1604995171876,-0.22580645161290322,1.1290322580645162,-31.16741612903228
1604995171895,0.7368421052631579,-3.8947368421052633,101.70924210526323
1604995171926,-0.45161290322580644,2.5161290322580645,101.70924210526323
1604995171957,0.45161290322580644,-2.6451612903225805,101.70924210526323
1604995171990,-0.48484848484848486,2.484848484848485,101.70924210526323
1604995172021,0.5161290322580645,-2.7096774193548385,101.70924210526323
1604995172053,-0.5625,2.75,-69.76546250000004
1604995172085,0.5625,-2.8125,61.34696875000003
1604995172118,-0.6060606060606061,2.727272727272727,-59.442230303030335
1604995172151,0.6666666666666666,-2.727272727272727,59.37249090909094
1604995172183,-0.8125,2.875,-61.103181250000034
1604995172214,0.7741935483870968,-2.967741935483871,63.055535483871
1604995172262,-0.5416666666666666,1.8333333333333333,-40.699125000000016
1604995172294,0.75,-2.5,61.042250000000024
1604995172325,-0.8387096774193549,2.3870967741935485,-62.98127741935486
1604995172358,0.7272727272727273,-2.242424242424242,59.2072181818182
1604995172390,-0.75,2.3125,-61.04648750000002
1604995172421,0.7741935483870968,-2.3225806451612905,63.0621483870968
1604995172453,-0.8125,2.3125,-61.07991875000002
1604995172485,0.75,-2.25,61.07866875000002
1604995172518,-0.6666666666666666,2.0606060606060606,-59.1734181818182
1604995172550,0.75,-1.75,60.964268750000016
1604995172583,-0.7878787878787878,1.696969696969697,60.964268750000016
1604995172630,0.5957446808510638,-1.0638297872340425,60.964268750000016
1604995172663,-0.7878787878787878,1.5757575757575757,60.964268750000016
1604995172694,0.8387096774193549,-1.4193548387096775,60.964268750000016
1604995172726,-0.6875,1.75,60.964268750000016
1604995172758,0.625,-1.75,60.964268750000016
1604995172790,-0.625,2.1875,60.964268750000016
1604995172822,0.6875,-2.25,60.964268750000016
1604995172854,-0.8125,2.4375,60.964268750000016
1604995172886,0.875,-2.625,60.964268750000016
1604995172918,-0.875,2.4375,60.964268750000016
1604995172950,0.9375,-3.0,60.964268750000016
1604995172983,-1.0909090909090908,3.272727272727273,60.964268750000016
1604995173031,0.625,-2.375,60.964268750000016
1604995173062,-0.9032258064516129,3.2903225806451615,60.964268750000016
1604995173094,0.8125,-3.125,60.964268750000016
1604995173125,-0.1935483870967742,2.838709677419355,60.964268750000016
1604995173158,-0.30303030303030304,-2.8484848484848486,80.205496969697
1604995173190,0.5625,2.875,-91.66275000000003
1604995173222,-0.25,-3.5,91.66255625000004
1604995173254,-3.875,4.875,91.66255625000004
1604995173285,11.35483870967742,-6.967741935483871,91.66255625000004
1604995173318,-14.181818181818182,7.575757575757576,91.66255625000004
1604995173349,14.774193548387096,-8.129032258064516,91.66255625000004
1604995173383,-14.058823529411764,7.352941176470588,91.66255625000004
1604995173430,10.170212765957446,-5.23404255319149,91.66255625000004
1604995173464,-13.705882352941176,6.882352941176471,91.66255625000004
1604995173493,15.379310344827585,-7.310344827586207,91.66255625000004
1604995173526,-13.454545454545455,6.484848484848484,91.66255625000004
1604995173557,14.451612903225806,-7.290322580645161,91.66255625000004
1604995173590,-13.818181818181818,7.03030303030303,91.66255625000004
1604995173622,14.5,-7.375,91.66255625000004
1604995173654,-14.375,7.1875,91.66255625000004
1604995173686,14.3125,-6.875,91.66255625000004
1604995173718,-14.0625,6.4375,91.66255625000004
1604995173750,14.0625,-6.1875,91.66255625000004
1604995173784,-13.058823529411764,5.823529411764706,-100.6230823529412
1604995173830,10.043478260869565,-4.434782608695652,69.92778260869567
1604995173861,-14.774193548387096,7.032258064516129,-103.80085806451615
1604995173894,14.06060606060606,-7.090909090909091,97.62707272727276
1604995173926,-14.5,7.4375,-100.68495625000003
1604995173957,15.03225806451613,-7.67741935483871,103.98940645161294
1604995173990,-14.0,7.090909090909091,-97.68206060606065
1604995174022,14.375,-7.125,100.84465625000004
1604995174053,-14.64516129032258,7.548387096774194,100.84465625000004
1604995174087,13.411764705882353,-7.117647058823529,100.84465625000004
1604995174118,-14.64516129032258,8.0,100.84465625000004
1604995174150,14.25,-7.8125,122.05791250000003
1604995174183,-13.878787878787879,7.515151515151516,-125.94193939393942
1604995174230,9.74468085106383,-5.276595744680851,-125.94193939393942
1604995174262,-14.3125,7.875,-125.94193939393942
1604995174294,14.25,-7.9375,-125.94193939393942
1604995174326,-14.25,7.8125,-125.94193939393942
1604995174358,14.3125,-7.4375,122.72860000000001
1604995174390,-14.3125,7.0625,-132.9138
1604995174422,14.25,-7.125,132.87466875
1604995174453,-14.64516129032258,7.419354838709677,-137.19925806451616
1604995174486,13.696969696969697,-7.03030303030303,128.92214545454544
1604995174518,-14.125,7.3125,-133.02733750000002
1604995174551,13.636363636363637,-7.090909090909091,128.9581393939394
1604995174585,-13.235294117647058,6.882352941176471,-125.1847235294118
1604995174635,8.96,-4.68,85.11254400000001
1604995174662,-16.74074074074074,8.814814814814815,-157.62691111111118
1604995174693,14.516129032258064,-7.612903225806452,137.23287741935488
1604995174742,-9.142857142857142,4.775510204081633,-86.89418367346944
1604995174780,11.894736842105264,-6.157894736842105,112.00164210526323
1604995174795,-30.0,15.6,-283.69816000000014
1604995174821,17.46153846153846,-8.846153846153847,163.7196692307693
1604995174853,-14.125,7.1875,-133.02888750000005
1604995174885,14.25,-7.3125,133.10522500000008
1604995174917,-14.1875,7.5,-133.11514375000007
1604995174950,13.757575757575758,-7.2727272727272725,129.09726666666674
1604995174983,-13.636363636363637,7.2727272727272725,-129.12672121212128
1604995175030,9.574468085106384,-5.1063829787234045,90.65162127659579
1604995175062,-14.0625,7.5,-133.16886250000005
1604995175094,14.125,-7.4375,133.20275000000007
1604995175126,-14.25,7.3125,-133.23167500000005
1604995175157,14.838709677419354,-7.483870967741935,137.53318709677424
1604995175190,-13.93939393939394,7.03030303030303,-129.22525454545462
1604995175221,14.709677419354838,-7.741935483870968,137.57777419354846
1604995175253,-14.3125,7.5625,-133.2841875000001
1604995175286,13.696969696969697,-7.212121212121212,129.24922424242433
1604995175318,-14.1875,7.5,-133.28707500000007
1604995175350,13.9375,-7.6875,133.3334875000001
1604995175386,-12.38888888888889,6.944444444444445,-118.57523333333341
1604995175430,10.136363636363637,-5.7272727272727275,97.00222727272735
1604995175462,-13.9375,7.75,-133.4305375000001
1604995175494,13.9375,-7.75,133.3618437500001
1604995175526,-13.875,7.6875,-133.4118687500001
1604995175558,13.75,-7.75,133.41473750000011
1604995175590,-13.5625,7.75,133.41473750000011
1604995175622,13.5,-7.4375,133.41473750000011
1604995175654,-13.5625,7.0,133.41473750000011
1604995175685,14.32258064516129,-7.096774193548387,133.41473750000011
1604995175718,-13.696969696969697,6.606060606060606,133.41473750000011
1604995175750,13.875,-6.625,133.41473750000011
1604995175798,-9.25,4.708333333333333,133.41473750000011
1604995175831,13.636363636363637,-6.787878787878788,133.41473750000011
1604995175861,-15.2,7.133333333333334,133.41473750000011
1604995175898,12.594594594594595,-5.5675675675675675,133.41473750000011
1604995175926,-16.642857142857142,7.0,133.41473750000011
1604995175958,14.75,-6.125,154.93418125000008
1604995175989,-15.806451612903226,6.709677419354839,154.93418125000008
1604995176022,15.030303030303031,-6.606060606060606,154.93418125000008
1604995176054,-15.5625,6.625,-170.63155000000006
1604995176085,15.870967741935484,-6.387096774193548,168.92322580645165
1604995176118,-15.030303030303031,5.818181818181818,-158.38258787878794
1604995176151,15.212121212121213,-6.0606060606060606,158.22909696969703
1604995176198,-11.02127659574468,5.0638297872340425,-111.0809617021277
1604995176230,15.5625,-11.375,-111.0809617021277
1604995176262,-13.3125,16.5,-111.0809617021277
1604995176294,12.5,-22.1875,-111.0809617021277
1604995176325,-12.903225806451612,24.322580645161292,-111.0809617021277
1604995176358,12.121212121212121,-22.606060606060606,-111.0809617021277
1604995176390,-12.5625,24.125,-111.0809617021277
1604995176421,12.903225806451612,-26.322580645161292,-111.0809617021277
1604995176453,-12.0,27.375,-111.0809617021277
1604995176486,11.090909090909092,-26.96969696969697,-111.0809617021277
1604995176517,-12.193548387096774,30.193548387096776,-111.0809617021277
1604995176551,11.352941176470589,-28.941176470588236,-111.0809617021277
1604995176598,-8.212765957446809,21.319148936170212,-111.0809617021277
1604995176630,12.0625,-30.9375,-111.0809617021277
1604995176661,-12.258064516129032,31.225806451612904,-147.77789677419358
1604995176694,11.030303030303031,-27.333333333333332,-147.77789677419358
1604995176725,-11.225806451612904,27.93548387096774,-147.77789677419358
1604995176757,10.9375,-27.8125,-147.77789677419358
1604995176790,-10.909090909090908,28.424242424242426,-147.77789677419358
1604995176822,11.375,-30.25,-147.77789677419358
1604995176854,-11.4375,30.5625,-147.77789677419358
1604995176886,10.6875,-30.5625,-147.77789677419358
1604995176919,-9.333333333333334,30.060606060606062,-147.77789677419358
1604995176951,8.625,-30.875,-147.77789677419358
1604995177000,-5.020408163265306,20.122448979591837,-147.77789677419358
1604995177030,7.533333333333333,-32.13333333333333,-147.77789677419358
1604995177062,-6.8125,30.25,-147.77789677419358
1604995177093,7.806451612903226,-31.096774193548388,-147.77789677419358
1604995177126,-8.242424242424242,29.393939393939394,-147.77789677419358
1604995177158,8.6875,-30.4375,-147.77789677419358
1604995177189,-8.64516129032258,30.64516129032258,-147.77789677419358
1604995177222,7.9393939393939394,-28.848484848484848,-147.77789677419358
1604995177253,-8.193548387096774,30.06451612903226,-147.77789677419358
1604995177286,7.636363636363637,-28.363636363636363,126.64539393939395
1604995177317,-8.516129032258064,30.193548387096776,-143.7585032258065
1604995177352,5.371428571428571,-26.34285714285714,128.36860571428574
1604995177398,0.2608695652173913,17.956521739130434,-98.18848260869567
1604995177431,-8.606060606060606,-20.181818181818183,-98.18848260869567
1604995177463,12.75,18.4375,-98.18848260869567
1604995177493,-13.666666666666666,-19.733333333333334,-98.18848260869567
1604995177526,12.363636363636363,17.818181818181817,-98.18848260869567
1604995177563,-11.027027027027026,-16.16216216216216,-98.18848260869567
1604995177590,21.185185185185187,20.22222222222222,-98.18848260869567
1604995177621,-24.06451612903226,-15.483870967741936,-98.18848260869567
1604995177654,22.78787878787879,14.0,-98.18848260869567
1604995177686,-23.9375,-14.0625,-98.18848260869567
1604995177718,24.1875,14.0625,-98.18848260869567
1604995177751,-23.818181818181817,-13.575757575757576,-98.18848260869567
1604995177798,17.02127659574468,9.53191489361702,-98.18848260869567
1604995177829,-25.548387096774192,-14.580645161290322,-98.18848260869567
1604995177861,24.6875,14.3125,-98.18848260869567
1604995177894,-23.939393939393938,-14.424242424242424,-98.18848260869567
1604995177925,26.0,16.129032258064516,-98.18848260869567
1604995177957,-25.1875,-16.375,-98.18848260869567
1604995177989,25.8125,16.6875,-98.18848260869567
1604995178022,-25.454545454545453,-16.78787878787879,-98.18848260869567
1604995178054,26.8125,17.25,-98.18848260869567
1604995178086,-27.4375,-16.5,-98.18848260869567
1604995178118,27.8125,15.75,-98.18848260869567
1604995178151,-26.96969696969697,-15.272727272727273,-98.18848260869567
1604995178199,18.583333333333332,10.25,-98.18848260869567
1604995178232,-27.09090909090909,-14.303030303030303,-98.18848260869567
1604995178262,29.866666666666667,15.466666666666667,-98.18848260869567
1604995178293,-28.70967741935484,-15.225806451612904,-98.18848260869567
1604995178325,27.8125,14.625,-98.18848260869567
1604995178358,-26.90909090909091,-14.181818181818182,-98.18848260869567
1604995178389,28.70967741935484,15.225806451612904,-98.18848260869567
1604995178421,-27.8125,-14.6875,-98.18848260869567
1604995178454,26.96969696969697,14.363636363636363,-98.18848260869567
1604995178486,-27.75,-14.75,-98.18848260869567
1604995178518,27.75,14.8125,-98.18848260869567
1604995178550,-27.75,-14.8125,-98.18848260869567
1604995178597,18.851063829787233,10.212765957446809,-98.18848260869567
1604995178629,-27.8125,-14.9375,-98.18848260869567
1604995178662,26.96969696969697,14.666666666666666,-108.18706666666667
1604995178693,-28.838709677419356,-15.419354838709678,107.95068387096775
1604995178725,27.875,15.1875,107.95068387096775
1604995178758,-26.96969696969697,-14.424242424242424,107.95068387096775
1604995178789,28.70967741935484,15.67741935483871,107.95068387096775
1604995178822,-26.96969696969697,-14.666666666666666,107.95068387096775
1604995178854,27.8125,15.375,107.95068387096775
1604995178887,-26.90909090909091,-14.787878787878787,107.95068387096775
1604995178918,28.580645161290324,15.806451612903226,107.95068387096775
1604995178950,-27.5625,-15.125,107.95068387096775
1604995178997,18.76595744680851,10.297872340425531,107.95068387096775
1604995179030,-26.78787878787879,-14.666666666666666,107.95068387096775
1604995179061,28.580645161290324,15.290322580645162,107.95068387096775
1604995179095,-26.058823529411764,-14.058823529411764,107.95068387096775
1604995179125,29.533333333333335,15.533333333333333,107.95068387096775
1604995179158,-26.90909090909091,-14.181818181818182,107.95068387096775
1604995179190,27.75,14.1875,107.95068387096775
1604995179222,-27.75,-14.3125,125.98351250000002
1604995179254,27.8125,14.4375,-133.61424375
1604995179286,-27.8125,-14.8125,133.68115625000002
1604995179320,26.235294117647058,13.941176470588236,-125.73733529411766
1604995179367,-18.93617021276596,-10.0,-125.73733529411766
1604995179397,29.6,15.866666666666667,-125.73733529411766
1604995179430,-26.78787878787879,-14.787878787878787,122.6367090909091
1604995179462,27.6875,15.125,-134.28758749999997
1604995179494,-27.6875,-14.9375,134.29891249999997
1604995179526,27.75,15.0,134.29891249999997
1604995179558,-27.75,-15.0625,134.29891249999997
1604995179589,28.64516129032258,15.483870967741936,134.29891249999997
1604995179621,-27.75,-15.0,134.29891249999997
1604995179653,27.75,15.0,-142.231925
1604995179685,-27.8125,-14.875,132.20209375000002
1604995179719,26.11764705882353,13.941176470588236,-124.45885882352941
1604995179766,-18.851063829787233,-10.085106382978724,90.0233744680851
1604995179798,27.625,14.9375,-132.27816875
1604995179829,-28.516129032258064,-15.483870967741936,136.55945161290322
1604995179861,27.5625,15.0,-132.27641875
1604995179894,-26.727272727272727,-14.363636363636363,128.26322424242423
1604995179925,28.387096774193548,15.290322580645162,-136.57677419354837
1604995179958,-26.78787878787879,-14.545454545454545,128.23451515151513
1604995179990,27.625,14.8125,-132.28042499999998
1604995180023,-26.848484848484848,-14.484848484848484,128.2399696969697
1604995180054,28.580645161290324,15.290322580645162,-136.57884516129033
1604995180086,-27.75,-15.0,132.34237499999998
1604995180118,27.8125,15.0,-132.35994374999996
1604995180165,-18.93617021276596,-10.297872340425531,90.11207234042551
1604995180198,26.96969696969697,14.666666666666666,-128.3423212121212
1604995180230,-27.75,-15.0625,132.3934875
1604995180262,27.75,15.0,-132.43116249999997
1604995180293,-28.64516129032258,-15.419354838709678,136.68859354838708
1604995180326,26.90909090909091,14.545454545454545,-128.3841939393939
1604995180358,-27.75,-14.9375,132.40189374999997
1604995180390,27.75,15.125,-132.39400624999996
1604995180422,-27.6875,-15.1875,132.41559374999997
1604995180454,27.625,15.4375,-132.44339374999996
1604995180486,-27.625,-15.375,132.47725624999995
1604995180519,26.727272727272727,15.151515151515152,-128.43297575757572
1604995180566,-18.76595744680851,-10.595744680851064,90.17071489361699
1604995180598,27.5625,15.6875,-132.44259999999997
1604995180630,-27.5625,-15.5,132.45792499999996
1604995180662,27.5,15.625,-132.43853749999997
1604995180693,-28.322580645161292,-15.935483870967742,136.7242580645161
1604995180726,26.484848484848484,15.030303030303031,-128.45772121212119
1604995180758,-27.3125,-15.3125,132.52016249999997
1604995180790,27.375,15.375,-132.51573749999994
1604995180821,-28.322580645161292,-15.806451612903226,136.82111612903216
1604995180855,25.823529411764707,14.411764705882353,-124.78028823529405
1604995180886,-28.322580645161292,-15.806451612903226,136.89883225806443
1604995180919,26.666666666666668,14.787878787878787,-128.6198363636363
1604995180967,-18.375,-10.208333333333334,88.4157833333333
1604995180999,27.6875,15.1875,-132.6514812499999
1604995181029,-29.533333333333335,-16.333333333333332,141.47138666666658
1604995181062,26.90909090909091,14.606060606060606,-128.6313696969696
1604995181094,-27.625,-15.4375,132.6027687499999
1604995181125,28.580645161290324,15.935483870967742,-136.86652903225794
1604995181158,-26.727272727272727,-15.151515151515152,128.58468484848476
1604995181189,28.516129032258064,16.129032258064516,-136.87876129032244
1604995181222,-26.727272727272727,-15.151515151515152,128.60263636363624
1604995181253,28.451612903225808,16.129032258064516,-136.89515483870954
1604995181287,-25.764705882352942,-14.647058823529411,124.81564117647046
1604995181318,28.387096774193548,16.129032258064516,-136.9324129032257
1604995181365,-18.76595744680851,-10.680851063829786,90.32988085106375
1604995181397,27.6875,15.6875,-132.6880624999999
1604995181430,-26.848484848484848,-15.090909090909092,128.65443636363625
1604995181461,28.774193548387096,16.129032258064516,-136.95273548387084
1604995181494,-27.09090909090909,-15.151515151515152,128.6586727272726
1604995181526,27.9375,15.6875,-132.67328749999987
1604995181557,-29.032258064516128,-16.451612903225808,136.92174838709667
1604995181589,28.25,16.125,-132.6339499999999
1604995181622,-27.393939393939394,-15.454545454545455,128.60995757575748
1604995181654,28.125,15.75,-132.6502374999999
1604995181690,-25.11111111111111,-14.333333333333334,117.88615555555549
1604995181719,31.103448275862068,18.0,-146.36022068965508
1604995181765,-19.695652173913043,-11.173913043478262,92.34039999999995
1604995181798,27.393939393939394,15.272727272727273,-128.7362363636363
1604995181829,-29.225806451612904,-16.580645161290324,137.0091419354838
1604995181861,28.25,16.125,-132.74919999999992
1604995181893,-28.25,-16.4375,132.76938749999994
1604995181926,27.393939393939394,15.878787878787879,-128.76550909090903
1604995181957,-29.35483870967742,-17.225806451612904,137.09006451612896
1604995181989,28.4375,16.6875,-132.81818124999995
1604995182021,-28.5625,-16.75,132.84318749999994
1604995182054,27.757575757575758,16.181818181818183,-128.83250909090904
1604995182086,-28.75,-16.625,132.85554999999997
1604995182118,28.75,16.5625,-132.76093124999997
1604995182166,-19.083333333333332,-10.958333333333334,88.45917916666663
1604995182198,28.4375,16.5625,-132.65200624999994
1604995182229,-29.29032258064516,-16.967741935483872,136.89121935483865
1604995182262,27.515151515151516,16.0,-128.5406848484848
1604995182294,-28.3125,-16.4375,132.54501874999994
1604995182325,29.161290322580644,17.161290322580644,-136.8017483870967
1604995182358,-27.333333333333332,-16.0,128.4973939393939
1604995182390,28.1875,16.6875,-132.49278124999995
1604995182422,-28.1875,-16.5,132.46728749999994
1604995182453,29.032258064516128,17.161290322580644,-136.74036129032254
1604995182486,-27.21212121212121,-15.818181818181818,128.46401818181815
1604995182531,19.866666666666667,11.644444444444444,-94.16130666666666
1604995182565,-26.235294117647058,-15.117647058823529,124.62840588235292
1604995182598,27.03030303030303,15.636363636363637,-128.39599393939395
1604995182629,-28.70967741935484,-16.580645161290324,136.67297419354838
1604995182661,27.75,16.3125,-132.361625
1604995182694,-26.78787878787879,-15.757575757575758,128.33962424242424
1604995182726,27.5625,16.25,-132.314375
1604995182758,-27.5625,-16.25,132.27978125
1604995182790,27.625,16.25,-132.22967500000001
1604995182822,-27.75,-16.5,132.19849375
1604995182853,28.903225806451612,16.903225806451612,-136.51728387096773
1604995182886,-27.333333333333332,-16.424242424242426,128.20250303030303
1604995182934,18.875,11.0,-88.18580000000001
1604995182966,-28.3125,-16.0,132.24288124999998
1604995182997,29.29032258064516,16.258064516129032,-136.56729677419355
1604995183030,-27.575757575757574,-15.393939393939394,128.25602424242425
1604995183062,28.5,15.6875,-132.30283125
1604995183110,-19.0,-10.375,88.187475
1604995183131,43.333333333333336,23.428571428571427,-201.6104190476191
1604995183157,-34.92307692307692,-18.46153846153846,162.78213846153847
1604995183189,28.4375,14.8125,162.78213846153847
1604995183222,-27.515151515151516,-14.363636363636363,162.78213846153847
1604995183254,28.4375,14.1875,162.78213846153847
1604995183287,-27.515151515151516,-13.212121212121213,162.78213846153847
1604995183333,19.695652173913043,9.695652173913043,162.78213846153847
1604995183366,-27.454545454545453,-14.242424242424242,162.78213846153847
1604995183397,28.774193548387096,15.548387096774194,162.78213846153847
1604995183442,-19.555555555555557,-10.444444444444445,162.78213846153847
1604995183463,41.23809523809524,22.666666666666668,162.78213846153847
1604995183494,-27.225806451612904,-15.806451612903226,162.78213846153847
1604995183533,21.28205128205128,12.307692307692308,162.78213846153847
1604995183557,-35.416666666666664,-18.75,162.78213846153847
1604995183590,26.060606060606062,12.848484848484848,162.78213846153847
1604995183622,-30.875,-11.8125,162.78213846153847
1604995183653,35.16129032258065,10.258064516129032,162.78213846153847
1604995183687,-32.529411764705884,-8.588235294117647,162.78213846153847
1604995183739,24.23076923076923,3.923076923076923,-88.4107
1604995183766,-52.592592592592595,-4.074074074074074,158.97460740740746
1604995183797,45.67741935483871,4.516129032258065,158.97460740740746
1604995183829,-44.3125,-5.6875,158.97460740740746
1604995183862,43.03030303030303,6.363636363636363,158.97460740740746
1604995183894,-44.4375,-7.375,158.97460740740746
1604995183925,46.064516129032256,8.129032258064516,158.97460740740746
1604995183958,-42.90909090909091,-8.242424242424242,158.97460740740746
1604995183989,45.87096774193548,9.806451612903226,158.97460740740746
1604995184022,-42.84848484848485,-9.818181818181818,158.97460740740746
1604995184054,44.25,10.0,158.97460740740746
1604995184088,-41.294117647058826,-9.176470588235293,158.97460740740746
1604995184134,30.565217391304348,6.3478260869565215,-99.2795
1604995184166,-43.625,-9.25,-99.2795
1604995184198,43.8125,9.375,-99.2795
1604995184230,-43.5,-8.8125,-99.2795
1604995184262,43.5625,8.375,-99.2795
1604995184293,-44.83870967741935,-8.709677419354838,-99.2795
1604995184326,42.06060606060606,8.121212121212121,-111.80499393939397
1604995184357,-44.645161290322584,-8.516129032258064,-111.80499393939397
1604995184390,41.878787878787875,7.878787878787879,-111.80499393939397
1604995184421,-44.516129032258064,-8.387096774193548,-111.80499393939397
1604995184454,41.878787878787875,7.818181818181818,-111.80499393939397
1604995184486,-43.3125,-8.0625,100.91473125000003
1604995184534,28.916666666666668,5.416666666666667,-74.01580833333335
1604995184566,-43.4375,-8.1875,111.01707500000003
1604995184597,44.70967741935484,8.516129032258064,-114.7093290322581
1604995184629,-43.3125,-8.1875,111.06462500000004
1604995184661,43.125,8.125,-111.17614375000002
1604995184693,-43.0,-8.0,111.09968125000002
1604995184725,43.0,8.0,-111.17164375000002
1604995184758,-41.57575757575758,-7.636363636363637,107.83257575757577
1604995184790,43.0625,7.9375,-111.13768125000001
1604995184822,-43.0,-7.875,111.10237500000001
1604995184853,44.38709677419355,8.129032258064516,-114.71147741935484
1604995184886,-41.515151515151516,-7.636363636363637,107.74344848484849
1604995184934,28.541666666666668,5.208333333333333,-74.10553333333333
1604995184965,-44.193548387096776,-8.129032258064516,114.77079354838712
1604995184998,41.45454545454545,7.515151515151516,-107.80032121212122
1604995185030,-42.75,-7.6875,111.16737500000002
1604995185062,42.6875,7.75,-111.17438125000001
1604995185093,-44.0,-8.0,114.71220000000002
1604995185125,42.4375,7.625,114.71220000000002
1604995185158,-41.15151515151515,-7.393939393939394,114.71220000000002
1604995185189,43.54838709677419,7.806451612903226,114.71220000000002
1604995185222,-40.96969696969697,-7.333333333333333,114.71220000000002
1604995185254,42.0,7.75,114.71220000000002
1604995185286,-42.1875,-7.8125,134.9967375
1604995185334,28.083333333333332,5.291666666666667,-95.86493333333333
1604995185365,-43.354838709677416,-8.129032258064516,148.46009032258067
1604995185397,41.625,7.6875,-143.8803125
1604995185430,-40.121212121212125,-7.454545454545454,139.50831515151512
1604995185461,42.45161290322581,7.870967741935484,139.50831515151512
1604995185493,-40.9375,-7.875,139.50831515151512
1604995185526,39.45454545454545,7.757575757575758,139.50831515151512
1604995185558,-40.75,-8.125,139.50831515151512
1604995185590,40.625,8.3125,-152.70431250000001
1604995185622,-40.6875,-8.375,145.2321875
1604995185656,38.411764705882355,7.705882352941177,145.2321875
1604995185685,-44.89655172413793,-9.379310344827585,145.2321875
1604995185735,26.24,5.28,145.2321875
1604995185765,-43.4,-9.2,145.2321875
1604995185798,39.63636363636363,8.06060606060606,145.2321875
1604995185829,-42.25806451612903,-8.903225806451612,145.2321875
1604995185861,40.8125,8.9375,145.2321875
1604995185905,-29.727272727272727,-6.2272727272727275,145.2321875
1604995185931,50.23076923076923,10.538461538461538,145.2321875
