1605005590678,-0.6875,0.3125,0.0
1605005590710,0.375,4.3125,0.0
1605005590742,0.25,-13.6875,0.0
1605005590775,0.36363636363636365,18.0,0.0
1605005590823,-1.75,-9.583333333333334,0.0
1605005590856,4.0,9.030303030303031,0.0
1605005590887,-4.580645161290323,-8.258064516129032,0.0
1605005590919,5.8125,3.625,0.0
1605005590950,-6.838709677419355,0.3225806451612903,10.053258064516129
1605005590982,5.5,1.0,-21.1346
1605005591014,-4.25,-2.0625,21.257606250000002
1605005591046,3.9375,2.625,-21.2879
1605005591079,-3.5757575757575757,-3.696969696969697,20.487915151515146
1605005591111,3.5625,3.75,-21.120662499999995
1605005591142,-3.7419354838709675,-4.0,21.829632258064507
1605005591175,3.3333333333333335,3.696969696969697,-20.502660606060598
1605005591222,-2.382978723404255,-2.6808510638297873,14.415885106382971
1605005591254,3.375,4.0625,-21.150506249999985
1605005591286,-3.375,-4.0,21.142237499999986
1605005591318,3.25,4.125,-21.148918749999986
1605005591350,-3.1875,-4.0625,21.15841874999999
1605005591382,3.1875,4.3125,-21.109156249999987
1605005591414,-3.1875,-4.1875,21.126224999999987
1605005591447,3.212121212121212,4.181818181818182,-20.48381818181817
1605005591479,-3.125,-4.3125,21.110531249999983
1605005591511,3.3125,4.4375,-21.13678124999998
1605005591543,-3.125,-4.3125,21.10859374999998
1605005591590,2.25531914893617,3.0638297872340425,-14.399438297872326
1605005591623,-2.9696969696969697,-4.181818181818182,20.506187878787863
1605005591654,3.4193548387096775,4.258064516129032,-21.753361290322566
1605005591700,-2.217391304347826,-3.130434782608696,14.5852304347826
1605005591725,4.32,5.76,-26.710463999999984
1605005591750,-4.16,-6.96,26.55155999999998
1605005591781,3.2903225806451615,5.67741935483871,-21.34640645161289
1605005591813,-3.375,-6.0625,20.670849999999987
1605005591846,3.3333333333333335,6.121212121212121,-20.130163636363623
1605005591878,-3.3125,-5.875,20.775374999999983
1605005591910,2.5,5.3125,-20.707812499999985
1605005591944,-2.5294117647058822,-5.411764705882353,19.497999999999987
1605005591990,1.6521739130434783,4.304347826086956,-14.44242608695651
1605005592022,-2.5,-5.9375,20.753474999999987
1605005592071,1.469387755102041,3.7551020408163267,-13.54108163265305
1605005592097,-2.6923076923076925,-7.230769230769231,25.52840769230767
1605005592118,3.0476190476190474,9.047619047619047,-31.552904761904735
1605005592150,-2.0625,-5.1875,20.683206249999984
1605005592182,1.8125,5.5,-20.612912499999986
1605005592215,-1.5757575757575757,-5.03030303030303,19.98666666666665
1605005592245,2.0,5.733333333333333,-21.957759999999986
1605005592278,-1.5151515151515151,-5.090909090909091,19.913303030303013
1605005592310,1.9375,5.25,-20.61022499999998
1605005592343,-1.5151515151515151,-5.090909090909091,19.955460606060587
1605005592390,1.2340425531914894,3.4893617021276597,-14.021846808510626
1605005592422,-1.5625,-5.8125,20.618768749999983
1605005592454,1.6875,6.1875,-20.64073124999998
1605005592486,-1.625,-7.0,20.611443749999978
1605005592518,1.4375,6.875,-20.442062499999977
1605005592550,-1.1875,-7.0625,20.321468749999973
1605005592582,0.875,7.3125,-20.445474999999973
1605005592614,-1.5,-8.3125,20.64444999999997
1605005592646,1.125,8.3125,20.64444999999997
1605005592679,-1.2121212121212122,-7.757575757575758,20.64444999999997
1605005592711,1.0625,7.9375,20.64444999999997
1605005592743,-1.375,-7.6875,20.64444999999997
1605005592790,0.851063829787234,5.361702127659575,20.64444999999997
1605005592822,-1.25,-7.5625,20.64444999999997
1605005592854,1.1875,8.0,20.64444999999997
1605005592887,-1.1515151515151516,-7.393939393939394,20.64444999999997
1605005592918,1.3548387096774193,8.258064516129032,20.64444999999997
1605005592951,-1.2121212121212122,-7.515151515151516,20.64444999999997
1605005592982,1.8709677419354838,8.193548387096774,20.64444999999997
1605005593014,-1.375,-7.9375,20.64444999999997
1605005593046,1.875,7.6875,20.64444999999997
1605005593078,-1.625,-7.75,20.64444999999997
1605005593110,1.75,6.875,20.64444999999997
1605005593143,-1.6363636363636365,-6.484848484848484,20.64444999999997
1605005593190,1.2765957446808511,4.0,20.64444999999997
1605005593224,-2.1176470588235294,-5.882352941176471,20.64444999999997
1605005593254,2.3333333333333335,6.533333333333333,20.64444999999997
1605005593286,-2.5,-6.1875,20.64444999999997
1605005593323,1.8918918918918919,6.702702702702703,20.64444999999997
1605005593350,-2.5185185185185186,-10.37037037037037,20.64444999999997
1605005593382,1.1875,9.8125,20.64444999999997
1605005593414,-1.125,-10.4375,20.64444999999997
1605005593446,1.0,11.0,20.64444999999997
1605005593478,-0.9375,-11.5,20.64444999999997
1605005593511,0.48484848484848486,10.848484848484848,20.64444999999997
1605005593544,-0.36363636363636365,-8.909090909090908,20.64444999999997
1605005593590,0.0,5.6521739130434785,20.64444999999997
1605005593622,-0.0625,-9.625,20.64444999999997
1605005593654,0.3125,11.625,20.64444999999997
1605005593686,-0.0625,-12.75,20.64444999999997
1605005593718,0.3125,12.1875,20.64444999999997
1605005593750,-0.5,-12.1875,20.64444999999997
1605005593782,1.1875,11.4375,20.64444999999997
1605005593814,-0.75,-11.375,20.64444999999997
1605005593846,1.1875,11.4375,20.64444999999997
1605005593880,-1.0,-10.764705882352942,20.64444999999997
1605005593911,1.3548387096774193,12.064516129032258,20.64444999999997
1605005593943,-1.1875,-11.375,20.64444999999997
1605005593990,0.8085106382978723,8.085106382978724,20.64444999999997
1605005594022,-1.125,-11.4375,20.64444999999997
1605005594054,1.0625,11.8125,20.64444999999997
1605005594086,-1.1875,-11.3125,20.64444999999997
1605005594119,0.9696969696969697,11.030303030303031,20.64444999999997
1605005594150,-1.4838709677419355,-11.67741935483871,20.64444999999997
1605005594182,1.25,10.125,20.64444999999997
1605005594213,-1.8064516129032258,-8.903225806451612,20.64444999999997
1605005594246,1.696969696969697,8.121212121212121,20.64444999999997
1605005594278,-2.25,-8.5625,20.64444999999997
1605005594311,2.3636363636363638,8.06060606060606,20.64444999999997
1605005594344,-5.818181818181818,-7.575757575757576,20.64444999999997
1605005594390,6.3478260869565215,4.6521739130434785,20.64444999999997
1605005594423,-8.484848484848484,-7.2727272727272725,20.64444999999997
1605005594454,8.838709677419354,7.225806451612903,20.64444999999997
1605005594485,-7.032258064516129,-7.032258064516129,20.64444999999997
1605005594519,4.764705882352941,7.0,20.64444999999997
1605005594551,-4.1875,-7.875,20.64444999999997
1605005594582,4.645161290322581,7.612903225806452,20.64444999999997
1605005594614,-4.3125,-7.8125,20.64444999999997
1605005594646,4.4375,7.875,20.64444999999997
1605005594678,-4.25,-7.5625,20.64444999999997
1605005594710,4.4375,7.875,20.64444999999997
1605005594743,-4.242424242424242,-7.2727272727272725,20.64444999999997
1605005594791,2.9583333333333335,5.208333333333333,20.64444999999997
1605005594822,-4.645161290322581,-7.548387096774194,20.64444999999997
1605005594855,4.242424242424242,7.454545454545454,20.64444999999997
1605005594886,-4.709677419354839,-7.612903225806452,20.64444999999997
1605005594919,4.363636363636363,7.393939393939394,20.64444999999997
1605005594950,-5.096774193548387,-8.451612903225806,20.64444999999997
1605005594984,4.0588235294117645,7.411764705882353,20.64444999999997
1605005595014,-4.4,-7.266666666666667,20.64444999999997
1605005595046,4.5625,5.625,20.64444999999997
1605005595078,-5.75,-5.375,20.64444999999997
1605005595110,6.25,5.125,20.64444999999997
1605005595158,-3.5833333333333335,-4.333333333333333,20.64444999999997
1605005595190,4.0625,8.125,20.64444999999997
1605005595222,-3.9375,-9.75,20.64444999999997
1605005595254,3.625,9.125,20.64444999999997
1605005595286,-3.8125,-9.0,20.64444999999997
1605005595319,3.5757575757575757,9.212121212121213,20.64444999999997
1605005595350,-3.7419354838709675,-9.290322580645162,20.64444999999997
1605005595382,3.625,9.4375,20.64444999999997
1605005595415,-3.393939393939394,-8.484848484848484,20.64444999999997
1605005595447,3.6875,9.25,20.64444999999997
1605005595478,-3.6129032258064515,-9.548387096774194,20.64444999999997
1605005595511,4.181818181818182,9.272727272727273,20.64444999999997
1605005595558,-2.6808510638297873,-6.340425531914893,20.64444999999997
1605005595591,4.181818181818182,8.909090909090908,20.64444999999997
1605005595622,-4.193548387096774,-9.612903225806452,20.64444999999997
1605005595654,4.3125,8.5,20.64444999999997
1605005595685,-4.32258064516129,-8.838709677419354,20.64444999999997
1605005595718,4.121212121212121,8.0,20.64444999999997
1605005595750,-4.25,-8.375,48.45938124999997
1605005595782,4.125,8.3125,48.45938124999997
1605005595814,-4.3125,-8.5625,48.45938124999997
1605005595846,4.0,7.9375,48.45938124999997
1605005595878,-4.4375,-8.25,48.45938124999997
1605005595927,2.6530612244897958,5.224489795918367,48.45938124999997
1605005595958,-4.580645161290323,-8.193548387096774,48.45938124999997
1605005595989,4.387096774193548,8.387096774193548,48.45938124999997
1605005596023,-3.9411764705882355,-7.352941176470588,48.45938124999997
1605005596055,3.75,8.125,-66.22878125
1605005596086,-3.935483870967742,-8.0,57.570845161290315
1605005596118,3.625,8.25,-55.73516249999999
1605005596150,-3.875,-7.8125,55.76430624999999
1605005596182,4.375,8.0,55.76430624999999
1605005596214,-4.1875,-7.875,88.46397499999999
1605005596246,4.5,8.1875,-99.34219374999999
1605005596280,-3.823529411764706,-7.9411764705882355,93.43354117647058
1605005596310,4.666666666666667,9.2,-105.90142666666665
1605005596358,-2.75,-5.791666666666667,66.18416666666666
1605005596391,4.181818181818182,8.121212121212121,-96.27493333333332
1605005596422,-4.32258064516129,-9.096774193548388,102.42013548387095
1605005596454,4.3125,8.6875,-99.26298749999998
1605005596487,-4.424242424242424,-8.666666666666666,96.29903636363633
1605005596518,4.967741935483871,9.290322580645162,-102.5156580645161
1605005596550,-4.75,-8.875,99.29174374999997
1605005596582,4.5,8.9375,-99.22638749999997
1605005596614,-4.5,-9.0,99.23099374999998
1605005596646,4.375,8.8125,-99.19566249999997
1605005596679,-4.606060606060606,-8.545454545454545,96.3450121212121
1605005596712,4.0,8.484848484848484,-95.84393939393938
1605005596758,-3.130434782608696,-6.0,68.7589260869565
1605005596790,4.25,8.5625,-99.23504374999999
1605005596822,-4.5,-8.375,99.11714374999998
1605005596854,4.125,7.9375,-99.43608749999999
1605005596886,-3.8125,-8.0625,99.6373125
1605005596919,3.5757575757575757,8.181818181818182,-97.13247878787878
1605005596950,-2.193548387096774,-9.612903225806452,103.5457935483871
1605005596982,-0.875,9.4375,-100.17775625
1605005597014,4.1875,-8.0625,99.97038750000002
1605005597046,-6.25,5.75,-99.69646250000001
1605005597079,6.848484848484849,-4.242424242424242,96.60195757575758
1605005597125,-4.826086956521739,2.347826086956522,-69.30982608695653
1605005597158,7.090909090909091,-3.4545454545454546,96.58669090909092
1605005597190,-7.0,3.5625,-99.65641250000002
1605005597222,7.375,-3.375,99.69513125000002
1605005597254,-7.125,3.4375,-99.65230000000001
1605005597286,7.375,-3.4375,99.62875625000001
1605005597318,-7.125,3.6875,-99.58256875000001
1605005597351,7.03030303030303,-3.1515151515151514,96.53895151515152
1605005597382,-7.548387096774194,3.7419354838709675,-102.69913548387098
1605005597414,7.3125,-3.0,99.49594375000001
1605005597446,-7.5,3.4375,-99.44853125
1605005597478,7.3125,-2.875,-99.44853125
1605005597511,-7.2727272727272725,2.787878787878788,-99.44853125
1605005597560,4.448979591836735,-2.0816326530612246,-99.44853125
1605005597592,-7.125,2.5625,-99.44853125
1605005597622,7.666666666666667,-2.8666666666666667,-99.44853125
1605005597654,-7.75,3.375,-99.44853125
1605005597686,7.375,-3.9375,-99.44853125
1605005597718,-7.5,4.625,-72.02096875000001
1605005597750,7.4375,-5.625,-72.02096875000001
1605005597782,-7.375,5.75,-72.02096875000001
1605005597814,7.3125,-7.1875,-72.02096875000001
1605005597846,-7.0,6.5625,-72.02096875000001
1605005597878,7.3125,-6.75,-72.02096875000001
1605005597929,-4.392156862745098,4.235294117647059,-72.02096875000001
1605005597961,7.875,-6.4375,-72.02096875000001
1605005597990,-8.482758620689655,7.586206896551724,-72.02096875000001
1605005598022,8.0,-6.5625,-72.02096875000001
1605005598054,-8.0,6.8125,-72.02096875000001
1605005598087,7.9393939393939394,-6.0,-72.02096875000001
1605005598119,-8.3125,6.75,-72.02096875000001
1605005598150,8.580645161290322,-6.516129032258065,-72.02096875000001
1605005598182,-8.5625,6.875,-72.02096875000001
1605005598214,8.375,-6.625,-72.02096875000001
1605005598247,-8.606060606060606,6.303030303030303,-72.02096875000001
1605005598278,8.96774193548387,-6.774193548387097,-72.02096875000001
1605005598327,-5.918367346938775,3.5510204081632653,-72.02096875000001
1605005598360,8.727272727272727,-5.2727272727272725,-72.02096875000001
1605005598391,-9.483870967741936,6.193548387096774,-72.02096875000001
1605005598424,8.363636363636363,-6.848484848484849,-72.02096875000001
1605005598455,-8.774193548387096,7.290322580645161,-72.02096875000001
1605005598486,8.903225806451612,-6.903225806451613,-72.02096875000001
1605005598518,-8.8125,6.125,-72.02096875000001
1605005598550,9.3125,-6.0,-72.02096875000001
1605005598582,-9.375,4.0625,-72.02096875000001
1605005598614,10.25,-3.9375,-72.02096875000001
1605005598646,-9.8125,4.0625,-72.02096875000001
1605005598679,9.575757575757576,-3.696969696969697,-72.02096875000001
1605005598726,-6.553191489361702,2.978723404255319,-72.02096875000001
1605005598758,9.6875,-3.9375,-72.02096875000001
1605005598789,-10.064516129032258,4.580645161290323,-72.02096875000001
1605005598822,9.333333333333334,-3.696969696969697,-72.02096875000001
1605005598855,-9.393939393939394,4.181818181818182,-72.02096875000001
1605005598887,9.125,-4.375,-72.02096875000001
1605005598918,-9.35483870967742,4.967741935483871,-72.02096875000001
1605005598950,8.5625,-5.8125,-72.02096875000001
1605005598982,-8.5,5.6875,-72.02096875000001
1605005599014,7.625,-5.0625,-72.02096875000001
1605005599046,-7.0625,4.8125,-72.02096875000001
1605005599079,5.636363636363637,-5.393939393939394,46.96734545454547
1605005599143,-2.5,2.6875,-29.275018750000008
1605005599158,10.666666666666666,-9.866666666666667,-29.275018750000008
1605005599190,-4.75,3.625,-29.275018750000008
1605005599222,5.25,-4.25,-29.275018750000008
1605005599254,-4.8125,3.25,-29.275018750000008
1605005599286,5.3125,-3.3125,-29.275018750000008
1605005599319,-4.848484848484849,3.6363636363636362,-29.275018750000008
1605005599350,5.419354838709677,-3.4193548387096775,-29.275018750000008
1605005599382,-5.125,3.75,-29.275018750000008
1605005599414,5.25,-3.1875,-29.275018750000008
1605005599446,-5.3125,3.875,-29.275018750000008
1605005599478,5.1875,-3.25,-29.275018750000008
1605005599526,-3.625,2.375,-29.275018750000008
1605005599559,4.787878787878788,-3.4545454545454546,-29.275018750000008
1605005599590,-5.870967741935484,3.032258064516129,-29.275018750000008
1605005599622,5.9375,-2.625,-29.275018750000008
1605005599654,-6.9375,3.3125,-29.275018750000008
1605005599686,6.5625,-4.3125,-29.275018750000008
1605005599718,-6.5625,3.8125,-29.275018750000008
1605005599750,6.5625,-3.3125,-29.275018750000008
1605005599783,-6.0606060606060606,2.121212121212121,-29.275018750000008
1605005599814,6.645161290322581,-2.3870967741935485,-29.275018750000008
1605005599846,-6.375,1.0,-29.275018750000008
1605005599878,6.375,-1.125,-29.275018750000008
1605005599926,-3.7083333333333335,0.875,-29.275018750000008
1605005599958,5.875,-0.875,48.47682500000001
1605005599991,-5.575757575757576,1.1515151515151516,-56.912715151515165
1605005600022,6.193548387096774,-0.9032258064516129,60.616696774193564
1605005600054,-5.8125,0.9375,-58.69105625000002
1605005600086,5.8125,-0.3125,58.714331250000015
1605005600119,-5.696969696969697,0.9090909090909091,-56.943345454545465
1605005600150,6.0,-0.45161290322580644,60.66033548387099
1605005600182,-6.0,0.6875,-58.53348125000002
1605005600214,5.5625,-0.75,-58.53348125000002
1605005600247,-5.696969696969697,0.6666666666666666,-26.52020000000002
1605005600279,5.75,-1.625,17.021906250000022
1605005600326,-4.25531914893617,1.3191489361702127,-11.667127659574483
1605005600358,5.8125,-2.3125,17.099768750000024
1605005600390,-5.5625,2.3125,-17.022993750000026
1605005600422,6.0625,-2.5625,16.703125000000025
1605005600454,-6.6875,2.1875,-16.688025000000025
1605005600487,6.7272727272727275,-2.787878787878788,16.147866666666694
1605005600536,-4.204081632653061,1.6326530612244898,-10.96541632653063
1605005600560,9.0,-3.5,22.267833333333368
1605005600590,-6.733333333333333,2.8666666666666667,-17.746626666666696
1605005600614,8.75,-3.4166666666666665,22.285325000000032
1605005600647,-6.181818181818182,2.9696969696969697,-16.23675151515154
1605005600679,6.5625,-2.875,16.771681250000025
1605005600726,-4.340425531914893,1.9574468085106382,-11.382157446808527
1605005600758,6.1875,-2.1875,16.769637500000023
1605005600791,-6.0606060606060606,2.606060606060606,-16.310915151515175
1605005600822,6.451612903225806,-2.3870967741935485,17.443064516129056
1605005600855,-6.181818181818182,2.484848484848485,-16.330836363636383
1605005600886,6.32258064516129,-2.3225806451612905,17.47171612903228
1605005600918,-6.5625,1.9375,-16.918862500000017
1605005600949,6.387096774193548,-2.193548387096774,17.56148387096776
1605005600982,-6.424242424242424,1.696969696969697,-16.36292727272729
1605005601015,6.606060606060606,-1.4545454545454546,16.189351515151532
1605005601046,-7.741935483870968,0.7741935483870968,-17.246445161290342
1605005601079,6.666666666666667,-0.6060606060606061,16.270642424242443
1605005601127,-4.25,0.125,-11.209366666666677
1605005601158,7.225806451612903,0.8387096774193549,16.87734838709679
1605005601190,-7.0625,-2.3125,-16.259756250000013
1605005601222,7.375,1.625,16.24306250000001
1605005601254,-7.0,-1.75,-16.34827500000001
1605005601286,7.375,1.75,16.353943750000013
1605005601317,-7.354838709677419,-1.6774193548387097,-16.74030967741937
1605005601350,7.03030303030303,2.0,15.846660606060617
1605005601383,-6.909090909090909,-1.393939393939394,-15.834236363636371
1605005601414,7.354838709677419,1.7419354838709677,16.893419354838713
1605005601446,-7.125,-1.4375,-16.358043750000004
1605005601479,6.787878787878788,1.878787878787879,15.895084848484851
1605005601531,-4.346153846153846,-0.9230769230769231,-10.079938461538461
1605005601558,8.148148148148149,1.8518518518518519,19.38065185185185
1605005601590,-7.0625,-1.8125,-16.32903125
1605005601622,6.75,1.5,16.296918750000003
1605005601654,-7.1875,-1.75,-16.204118750000003
1605005601686,7.0625,2.25,16.156075
1605005601718,-7.3125,-2.8125,-16.217799999999997
1605005601749,7.161290322580645,2.2580645161290325,16.851703225806446
1605005601782,-6.242424242424242,-2.3636363636363638,-15.945206060606056
1605005601814,6.8125,4.0625,16.043625
1605005601846,-6.9375,-5.9375,-15.758149999999997
1605005601879,6.909090909090909,5.333333333333333,15.178763636363634
1605005601926,-4.553191489361702,-3.702127659574468,-10.69626808510638
1605005601958,6.875,5.4375,15.754299999999997
1605005601990,-6.6875,-5.1875,-15.716418749999997
1605005602022,6.875,5.5,15.767881249999999
1605005602054,-6.8125,-5.125,-15.703056250000001
1605005602086,6.75,5.75,15.717218750000004
1605005602118,-6.75,-5.5,-15.709162500000007
1605005602150,6.625,5.9375,15.678893750000007
1605005602183,-6.545454545454546,-5.636363636363637,-15.1595393939394
1605005602214,6.580645161290323,5.67741935483871,16.18484516129033
1605005602247,-6.484848484848484,-5.878787878787879,-14.962266666666672
1605005602294,4.297872340425532,4.76595744680851,10.344906382978726
1605005602327,-6.181818181818182,-7.696969696969697,-14.660175757575761
1605005602358,5.806451612903226,8.129032258064516,15.797709677419357
1605005602391,-4.787878787878788,-8.363636363636363,-15.208733333333337
1605005602422,5.548387096774194,10.0,15.803322580645165
1605005602454,-5.5625,-11.375,-14.932206250000005
1605005602486,5.625,10.75,14.823256250000005
1605005602518,-5.5,-10.9375,-14.845868750000005
1605005602550,5.5,11.0625,14.891856250000005
1605005602582,-5.6875,-10.625,-14.844881250000007
1605005602615,5.393939393939394,11.151515151515152,14.459078787878797
1605005602647,-5.875,-10.875,-14.82271875000001
1605005602694,3.9574468085106385,7.48936170212766,10.121600000000006
1605005602727,-5.515151515151516,-10.303030303030303,-14.417830303030312
1605005602758,6.0,11.419354838709678,15.383767741935495
1605005602791,-5.393939393939394,-10.303030303030303,-14.480672727272738
1605005602823,6.0,10.8125,14.972843750000013
1605005602854,-5.806451612903226,-11.548387096774194,-15.576400000000016
1605005602886,6.0,11.1875,15.039950000000015
1605005602918,-5.75,-11.6875,-15.144581250000016
1605005602950,5.75,11.0625,15.109162500000016
1605005602982,-5.6875,-11.4375,-15.120593750000015
1605005603015,5.393939393939394,10.363636363636363,14.730296969696983
1605005603047,-5.125,-9.9375,-15.156162500000015
1605005603094,3.3617021276595747,6.723404255319149,10.185919148936181
1605005603126,-5.625,-10.8125,-14.846912500000013
1605005603159,5.212121212121212,11.090909090909092,14.563254545454555
1605005603190,-6.258064516129032,-12.516129032258064,-15.386070967741945
1605005603222,5.8125,12.4375,14.872087500000008
1605005603254,-6.0625,-12.1875,-14.883337500000007
1605005603286,6.1875,12.5625,14.780925000000007
1605005603318,-6.25,-12.25,-14.762337500000006
1605005603351,5.818181818181818,12.242424242424242,14.282890909090915
1605005603382,-6.451612903225806,-12.516129032258064,-15.249064516129037
1605005603414,6.6875,12.3125,14.757212500000005
1605005603446,-6.375,-12.125,-14.800706250000003
1605005603495,4.489795918367347,7.918367346938775,9.687195918367348
1605005603526,-6.645161290322581,-12.32258064516129,-15.3817935483871
1605005603558,6.875,11.4375,14.928918750000003
1605005603590,-6.625,-12.0,-14.915325000000003
1605005603622,6.625,11.375,14.951575000000002
1605005603653,-6.709677419354839,-11.935483870967742,-15.288625806451613
1605005603686,6.424242424242424,11.878787878787879,14.28250303030303
1605005603717,-7.161290322580645,-13.870967741935484,-15.26766451612903
1605005603750,6.303030303030303,12.969696969696969,14.360587878787875
1605005603782,-7.1875,-13.9375,-14.638287499999997
1605005603815,6.666666666666667,14.0,14.194309090909089
1605005603847,-6.875,-14.375,-14.722024999999997
1605005603895,4.25,9.75,9.773116666666665
1605005603928,-6.303030303030303,-13.757575757575758,-14.282048484848483
1605005603958,6.8,15.533333333333333,15.785006666666666
1605005603991,-6.121212121212121,-13.757575757575758,15.785006666666666
1605005604021,6.866666666666666,15.533333333333333,15.785006666666666
1605005604054,-6.0,-13.757575757575758,15.785006666666666
1605005604085,6.903225806451613,14.838709677419354,15.785006666666666
1605005604118,-6.242424242424242,-14.121212121212121,15.785006666666666
1605005604150,7.1875,14.375,15.785006666666666
1605005604182,-7.0,-14.4375,15.785006666666666
1605005604214,7.375,14.0625,15.785006666666666
1605005604247,-7.090909090909091,-14.181818181818182,15.785006666666666
1605005604295,4.916666666666667,9.541666666666666,15.785006666666666
1605005604328,-7.515151515151516,-14.606060606060606,15.785006666666666
1605005604360,8.0625,16.1875,15.785006666666666
1605005604390,-9.133333333333333,-17.4,15.785006666666666
1605005604422,7.9375,15.3125,15.785006666666666
1605005604454,-8.6875,-15.375,15.785006666666666
1605005604486,8.6875,15.5,15.785006666666666
1605005604518,-9.3125,-15.3125,15.785006666666666
1605005604550,9.0,15.75,15.785006666666666
1605005604583,-8.666666666666666,-14.909090909090908,15.785006666666666
1605005604614,9.290322580645162,16.258064516129032,15.785006666666666
1605005604647,-8.606060606060606,-14.727272727272727,15.785006666666666
1605005604695,6.083333333333333,10.25,15.785006666666666
1605005604726,-8.903225806451612,-15.67741935483871,15.785006666666666
1605005604759,8.787878787878787,14.424242424242424,15.785006666666666
1605005604791,-8.5,-15.1875,15.785006666666666
1605005604822,9.290322580645162,15.225806451612904,15.785006666666666
1605005604854,-8.75,-15.625,15.785006666666666
1605005604886,9.0,15.9375,15.785006666666666
1605005604918,-9.1875,-16.625,15.785006666666666
1605005604950,8.875,17.1875,15.785006666666666
1605005604984,-8.941176470588236,-16.764705882352942,15.785006666666666
1605005605015,9.096774193548388,18.322580645161292,15.785006666666666
1605005605047,-9.25,-17.125,15.785006666666666
1605005605094,6.127659574468085,11.574468085106384,15.785006666666666
1605005605126,-9.125,-16.9375,15.785006666666666
1605005605158,9.0,17.3125,15.785006666666666
1605005605190,-9.4375,-17.125,15.785006666666666
1605005605222,10.0625,17.5,50.049874999999986
1605005605253,-10.32258064516129,-18.451612903225808,-62.670025806451605
1605005605286,10.848484848484848,17.575757575757574,58.35723636363636
1605005605319,-10.606060606060606,-17.272727272727273,-58.360212121212115
1605005605350,11.35483870967742,16.580645161290324,62.181006451612895
1605005605383,-10.363636363636363,-15.515151515151516,-58.49975757575757
1605005605414,11.290322580645162,16.774193548387096,62.30116774193547
1605005605449,-9.714285714285714,-14.685714285714285,-55.22022285714285
1605005605494,7.6,11.733333333333333,43.002977777777765
1605005605527,-10.424242424242424,-15.454545454545455,-58.6433212121212
1605005605558,11.03225806451613,17.096774193548388,62.432438709677406
1605005605590,-10.9375,-15.9375,62.432438709677406
1605005605641,6.588235294117647,10.03921568627451,62.432438709677406
1605005605668,-13.333333333333334,-19.185185185185187,62.432438709677406
1605005605686,20.11111111111111,27.77777777777778,62.432438709677406
1605005605719,-11.93939393939394,-15.696969696969697,62.432438709677406
1605005605750,11.935483870967742,16.774193548387096,93.65576129032257
1605005605783,-9.818181818181818,-15.212121212121213,-98.83325454545454
1605005605815,9.5,14.3125,101.80704374999999
1605005605862,-6.425531914893617,-9.872340425531915,-69.37223404255319
1605005605894,9.875,13.75,101.76584999999999
1605005605926,-9.25,-14.0,-101.90382499999998
1605005605958,9.5625,13.8125,102.07572499999998
1605005605990,-9.125,-13.25,-102.10902499999999
1605005606022,9.3125,13.625,102.05430625
1605005606054,-9.0,-13.625,-102.01908124999999
1605005606086,8.8125,14.25,102.05495624999998
1605005606118,-9.125,-13.4375,-101.96599999999998
1605005606151,8.727272727272727,13.393939393939394,98.95472727272727
1605005606182,-9.548387096774194,-13.806451612903226,-105.23015483870967
1605005606214,9.0,13.375,102.05815000000001
1605005606263,-6.0,-8.775510204081632,-66.71756734693878
1605005606294,9.161290322580646,13.483870967741936,105.41814193548387
1605005606328,-8.588235294117647,-12.588235294117647,-96.12313529411765
1605005606357,9.793103448275861,14.275862068965518,112.62466896551723
1605005606390,-8.848484848484848,-12.242424242424242,-98.91396969696969
1605005606421,9.35483870967742,12.96774193548387,105.28667096774191
1605005606454,-8.787878787878787,-12.606060606060606,-98.93891515151513
1605005606485,9.483870967741936,13.35483870967742,105.22374838709675
1605005606517,-8.875,-13.5625,-102.00119999999998
1605005606551,8.705882352941176,12.411764705882353,95.85704117647056
1605005606582,-9.161290322580646,-13.741935483870968,-105.3020451612903
1605005606615,8.969696969696969,12.848484848484848,98.95840606060604
1605005606662,-6.0,-9.063829787234043,-69.49328085106383
1605005606694,9.0625,13.625,102.09177499999998
1605005606726,-8.9375,-13.25,-102.03056249999999
1605005606758,8.9375,13.75,102.01821874999999
1605005606790,-9.125,-13.0,102.01821874999999
1605005606822,8.9375,13.125,130.53378125
1605005606853,-9.870967741935484,-14.258064516129032,130.53378125
1605005606886,8.848484848484848,14.06060606060606,130.53378125
1605005606917,-9.290322580645162,-14.32258064516129,130.53378125
1605005606951,7.647058823529412,13.705882352941176,130.53378125
1605005606983,-8.5625,-15.5625,130.53378125
1605005607015,8.125,15.1875,130.53378125
1605005607062,-5.23404255319149,-9.829787234042554,130.53378125
1605005607094,7.5,13.375,130.53378125
1605005607126,-7.1875,-13.125,130.53378125
1605005607158,7.3125,11.9375,130.53378125
1605005607191,-6.96969696969697,-12.545454545454545,130.53378125
1605005607222,8.64516129032258,13.35483870967742,130.53378125
1605005607254,-7.9375,-12.875,130.53378125
1605005607285,8.64516129032258,13.419354838709678,130.53378125
1605005607318,-7.696969696969697,-12.363636363636363,130.53378125
1605005607350,8.0625,13.3125,130.53378125
1605005607382,-8.25,-12.625,130.53378125
1605005607420,6.684210526315789,10.894736842105264,130.53378125
1605005607462,-6.523809523809524,-10.142857142857142,130.53378125
1605005607494,8.0,13.875,130.53378125
1605005607526,-8.125,-13.6875,130.53378125
1605005607558,7.1875,14.25,130.53378125
1605005607590,-7.5,-15.0625,130.53378125
1605005607622,7.375,14.625,130.53378125
1605005607653,-6.838709677419355,-15.806451612903226,130.53378125
1605005607686,6.303030303030303,14.727272727272727,130.53378125
1605005607720,-5.294117647058823,-14.117647058823529,130.53378125
1605005607752,5.8125,13.125,130.53378125
1605005607783,-5.741935483870968,-14.32258064516129,130.53378125
1605005607815,6.0,13.8125,130.53378125
1605005607863,-3.7916666666666665,-8.666666666666666,130.53378125
1605005607894,6.516129032258065,14.580645161290322,130.53378125
