1604988264482,-0.7272727272727273,0.6666666666666666,0.0
1604988264513,0.7741935483870968,-0.7096774193548387,0.0
1604988264545,-0.5625,0.5625,0.0
1604988264577,0.5625,-0.6875,0.0
1604988264609,-0.5,0.625,0.0
1604988264641,0.5,-0.625,0.0
1604988264673,-0.4375,1.0,0.0
1604988264721,0.2916666666666667,-0.7083333333333334,0.0
1604988264753,-0.3125,1.0625,0.0
1604988264785,0.4375,-1.125,0.0
1604988264817,-0.3125,1.125,10.041325
1604988264849,0.3125,-1.125,-19.9420375
1604988264881,-0.3125,1.25,19.931125
1604988264913,0.25,-1.625,-19.946375000000003
1604988264945,-0.1875,1.875,19.933781250000003
1604988264978,0.24242424242424243,-1.878787878787879,-19.347163636363636
1604988265010,-0.3125,1.5,19.976881249999998
1604988265042,0.3125,-1.1875,-19.97304375
1604988265074,-0.25,1.3125,19.994518749999997
1604988265121,0.1276595744680851,-0.9361702127659575,-13.595680851063829
1604988265153,-0.1875,1.1875,19.95131875
1604988265185,0.1875,-0.9375,-19.964118749999997
1604988265218,-0.24242424242424243,0.6666666666666666,19.36209090909091
1604988265249,0.3870967741935484,-0.967741935483871,-20.645993548387093
1604988265280,-0.45161290322580644,1.096774193548387,20.626380645161287
1604988265313,0.42424242424242425,-1.2727272727272727,-19.374684848484844
1604988265345,-0.375,1.3125,19.935281249999996
1604988265377,0.4375,-0.875,-19.925137499999998
1604988265409,-0.5,0.5625,19.936199999999996
1604988265443,0.4117647058823529,-0.5294117647058824,-18.778294117647054
1604988265473,-0.4,0.5333333333333333,21.278993333333332
1604988265522,0.20408163265306123,-0.32653061224489793,-13.04925714285714
1604988265553,-0.3225806451612903,0.5806451612903226,20.608580645161283
1604988265585,0.25,-0.6875,-19.999287499999994
1604988265617,-0.25,0.6875,19.97357499999999
1604988265649,0.1875,-0.75,-20.020431249999987
1604988265681,-0.125,0.9375,19.987293749999985
1604988265713,0.125,-0.9375,-20.003349999999987
1604988265745,-0.1875,0.9375,19.950662499999986
1604988265777,0.1875,-1.0625,-19.943112499999984
1604988265809,-0.1875,1.0625,19.946956249999985
1604988265843,0.23529411764705882,-0.9411764705882353,-18.82289999999999
1604988265890,-0.1702127659574468,0.5957446808510638,-18.82289999999999
1604988265921,0.5806451612903226,-0.7096774193548387,6.324825806451623
1604988265953,-0.875,0.625,-14.85836250000001
1604988265985,0.875,-0.6875,14.889843750000011
1604988266017,-0.8125,0.625,-14.906968750000011
1604988266049,0.75,-0.9375,14.954106250000011
1604988266082,-0.6666666666666666,1.393939393939394,-14.521533333333345
1604988266113,0.7741935483870968,-1.8064516129032258,15.637503225806467
1604988266145,-0.875,1.6875,-15.246350000000017
1604988266177,0.875,-1.6875,15.37932500000002
1604988266209,-0.875,1.6875,-15.42566250000002
1604988266242,1.2727272727272727,-1.6363636363636365,14.712012121212139
1604988266290,-0.9583333333333334,1.375,-9.974583333333344
1604988266322,1.5625,-3.375,15.008043750000018
1604988266353,-2.3870967741935485,5.67741935483871,-15.546580645161312
1604988266385,2.875,-6.1875,15.072875000000021
1604988266417,-3.0625,6.0625,-14.800243750000023
1604988266449,3.1875,-6.125,14.384031250000024
1604988266481,-3.4375,6.5625,-14.257081250000024
1604988266513,3.4375,-6.75,-14.257081250000024
1604988266546,-3.1515151515151514,6.0606060606060606,-14.257081250000024
1604988266577,3.2903225806451615,-5.806451612903226,-14.257081250000024
1604988266610,-3.090909090909091,4.96969696969697,6.850890909090888
1604988266645,2.9714285714285715,-4.742857142857143,-13.051354285714268
1604988266689,-2.3636363636363638,4.090909090909091,10.387990909090895
1604988266722,3.212121212121212,-5.636363636363637,-13.806806060606043
1604988266754,-3.6875,5.75,14.25534374999998
1604988266784,4.6,-5.933333333333334,-15.233279999999978
1604988266817,-4.424242424242424,5.03030303030303,13.920478787878768
1604988266865,2.875,-3.375,13.920478787878768
1604988266891,-4.923076923076923,6.3076923076923075,13.920478787878768
1604988266913,5.7272727272727275,-7.363636363636363,-33.16837272727269
1604988266954,-3.073170731707317,3.951219512195122,10.487541463414617
1604988266977,5.478260869565218,-7.043478260869565,-18.631495652173886
1604988267009,-3.9375,5.0,13.352912499999979
1604988267042,3.878787878787879,-4.606060606060606,-12.966121212121191
1604988267090,-2.625,3.0416666666666665,8.895741666666654
1604988267122,3.75,-4.8125,-13.325743749999981
1604988267153,-3.7419354838709675,5.161290322580645,13.75531612903224
1604988267186,3.5757575757575757,-4.606060606060606,-12.937133333333318
1604988267217,-4.0,4.516129032258065,13.772677419354821
1604988267249,3.9375,-4.25,-13.378181249999983
1604988267281,-3.9375,4.25,13.362206249999984
1604988267313,3.9375,-4.5625,-13.389631249999985
1604988267345,-4.0,4.9375,13.368656249999983
1604988267377,4.0625,-4.9375,-13.38234374999998
1604988267427,-2.6,3.04,8.556703999999987
1604988267444,7.647058823529412,-8.352941176470589,-25.155294117647017
1604988267489,-2.888888888888889,3.022222222222222,9.50830666666665
1604988267521,4.0625,-4.3125,-13.448331249999974
1604988267553,-4.0625,4.375,13.430012499999973
1604988267585,4.0625,-4.1875,-13.423093749999973
1604988267617,-4.1875,3.75,13.395668749999972
1604988267650,4.121212121212121,-3.0303030303030303,-12.935696969696941
1604988267682,-4.25,2.9375,13.321581249999971
1604988267713,4.32258064516129,-3.161290322580645,-13.78698064516126
1604988267745,-4.125,3.0625,13.27328124999997
1604988267778,3.878787878787879,-2.9696969696969697,-12.871757575757545
1604988267810,-3.9375,3.0,13.206999999999967
1604988267844,3.7058823529411766,-2.764705882352941,-12.43015294117644
1604988267890,-2.739130434782609,2.0869565217391304,9.185343478260847
1604988267922,3.9375,-3.125,-13.22791249999997
1604988267953,-4.129032258064516,3.2903225806451615,13.663812903225777
1604988267985,4.0,-3.1875,-13.23086249999997
1604988268017,-3.9375,3.25,13.21962499999997
1604988268050,3.8181818181818183,-3.090909090909091,-12.833145454545425
1604988268085,-3.6,2.857142857142857,12.108245714285687
1604988268114,4.275862068965517,-3.4482758620689653,-14.609193103448245
1604988268145,-4.0,3.096774193548387,13.665103225806424
1604988268177,3.875,-3.0625,-13.231456249999974
1604988268210,-3.757575757575758,3.090909090909091,12.834709090909065
1604988268242,3.9375,-3.3125,-13.256756249999974
1604988268289,-2.6382978723404253,2.3404255319148937,9.052714893617003
1604988268321,3.75,-3.5,-13.290774999999973
1604988268353,-3.6875,3.25,13.316868749999973
1604988268385,4.0625,-2.6875,-13.381356249999971
1604988268417,-4.4375,2.25,13.48210624999997
1604988268449,4.4375,-2.1875,-13.48588124999997
1604988268482,-4.303030303030303,2.303030303030303,13.062533333333302
1604988268513,4.580645161290323,-2.5161290322580645,-13.88522580645158
1604988268545,-4.4375,2.4375,13.44696249999997
1604988268577,4.4375,-2.5625,-13.42096249999997
1604988268610,-4.242424242424242,2.4242424242424243,13.035751515151485
1604988268657,2.978723404255319,-1.574468085106383,-9.178242553191469
1604988268690,-4.242424242424242,2.0606060606060606,13.211060606060578
1604988268737,2.978723404255319,-1.3617021276595744,-9.32468510638296
1604988268763,-5.3076923076923075,2.5384615384615383,16.896415384615352
1604988268785,6.181818181818182,-3.090909090909091,-19.94285454545451
1604988268816,-4.387096774193548,2.129032258064516,14.18543225806449
1604988268849,4.242424242424242,-2.0606060606060606,-13.318496969696943
1604988268881,-4.375,2.375,13.777437499999971
1604988268914,4.181818181818182,-2.3636363636363638,-13.313478787878761
1604988268945,-4.451612903225806,2.2580645161290325,14.215941935483844
1604988268977,4.3125,-1.9375,-13.765818749999976
1604988269010,-4.121212121212121,1.9393939393939394,13.355745454545433
1604988269057,2.851063829787234,-1.446808510638298,-9.36831063829786
1604988269089,-4.4375,2.0625,13.760649999999984
1604988269122,4.7272727272727275,-1.7575757575757576,-13.373521212121199
1604988269153,-5.354838709677419,1.5483870967741935,14.282348387096762
1604988269185,5.375,-1.375,-13.86864999999999
1604988269217,-5.3125,1.3125,13.859799999999991
1604988269249,5.25,-1.25,-13.829868749999992
1604988269281,-5.375,1.0625,13.842962499999992
1604988269313,5.4375,-0.875,-13.86608124999999
1604988269346,-5.212121212121212,0.7878787878787878,13.42579999999999
1604988269377,5.483870967741935,-0.8387096774193549,-14.285264516129022
1604988269410,-5.151515151515151,0.7878787878787878,13.39087878787878
1604988269457,3.617021276595745,-0.5957446808510638,-9.397510638297867
1604988269489,-5.3125,1.0,13.79272499999999
1604988269521,5.375,-1.0625,-13.802931249999991
1604988269553,-5.4375,1.0625,13.770999999999994
1604988269585,5.5,-1.0625,-13.774843749999995
1604988269617,-5.5625,1.0625,13.788493749999995
1604988269649,5.5,-1.0,-13.809949999999994
1604988269680,-5.612903225806452,0.967741935483871,14.254445161290315
1604988269713,5.2727272727272725,-0.8484848484848485,-13.408799999999992
1604988269745,-5.5,0.875,13.82944999999999
1604988269778,5.393939393939394,-0.8484848484848485,-13.441533333333323
1604988269810,-5.5625,0.875,13.79042499999999
1604988269861,3.4901960784313726,-0.5882352941176471,-8.652454901960779
1604988269889,-6.5,1.0714285714285714,15.739964285714276
1604988269921,5.75,-0.8125,-13.723131249999991
1604988269953,-5.6875,0.9375,13.728868749999991
1604988269986,5.393939393939394,-1.0303030303030303,-13.311006060606053
1604988270017,-5.741935483870968,1.032258064516129,14.12537419354838
1604988270048,5.741935483870968,-1.032258064516129,-14.169361290322572
1604988270081,-5.393939393939394,0.9696969696969697,13.270424242424234
1604988270113,5.5625,-0.9375,-13.71872499999999
1604988270145,-5.5625,0.9375,13.71066249999999
1604988270177,5.5,-0.875,-13.749762499999992
1604988270226,-3.5510204081632653,0.5714285714285714,8.960759183673465
1604988270257,5.548387096774194,-0.8387096774193549,-14.16089677419354
1604988270289,-5.3125,0.75,13.715749999999991
1604988270321,5.25,-0.8125,-13.71971874999999
1604988270353,-5.25,0.875,13.677568749999988
1604988270389,4.722222222222222,-0.7777777777777778,-12.140172222222212
1604988270422,-5.212121212121212,0.8484848484848485,13.254466666666655
1604988270449,6.444444444444445,-1.037037037037037,-16.236081481481467
1604988270481,-5.4375,0.8125,13.725587499999985
1604988270514,5.2727272727272725,-0.7878787878787878,-13.30813939393938
1604988270545,-5.612903225806452,0.7741935483870968,14.174283870967725
1604988270577,5.4375,-0.6875,-13.730287499999985
1604988270625,-3.625,0.4166666666666667,9.17792499999999
1604988270657,5.75,-0.6875,-13.779468749999984
1604988270689,-5.9375,0.875,13.785506249999983
1604988270721,5.8125,-1.125,-13.746237499999983
1604988270752,-5.935483870967742,1.2258064516129032,14.181541935483851
1604988270785,5.636363636363637,-1.0909090909090908,-13.294915151515132
1604988270817,-5.875,1.0625,13.76043124999998
1604988270849,5.875,-1.1875,-13.808287499999981
1604988270881,-5.875,1.4375,13.88221874999998
1604988270913,5.875,-1.6875,-13.92298124999998
1604988270945,-5.875,1.9375,14.00055624999998
1604988270978,5.757575757575758,-1.8181818181818181,-13.556884848484827
1604988271025,-4.127659574468085,1.1063829787234043,9.46977872340424
1604988271057,6.125,-1.4375,-13.743462499999977
1604988271090,-6.0,1.393939393939394,13.30011515151513
1604988271122,6.1875,-1.4375,-13.724131249999976
1604988271152,-6.533333333333333,1.3333333333333333,14.62615333333331
1604988271185,6.0,-0.8484848484848485,-13.290787878787858
1604988271217,-6.25,0.375,13.73536249999998
1604988271249,6.25,-0.375,-13.68417499999998
1604988271281,-6.125,0.9375,13.670724999999981
1604988271314,5.818181818181818,-1.3333333333333333,-13.22116363636362
1604988271346,-5.875,1.5625,13.665118749999984
1604988271378,5.75,-1.625,-13.674324999999984
1604988271426,-3.9583333333333335,0.9583333333333334,9.137404166666656
1604988271459,6.0606060606060606,-1.0909090909090908,-13.30145454545453
1604988271490,-6.580645161290323,0.967741935483871,14.155180645161275
1604988271522,6.4375,-0.875,-13.708956249999986
1604988271553,-6.580645161290323,0.967741935483871,14.156632258064501
1604988271585,6.25,-1.125,-13.678649999999985
1604988271618,-6.0,1.2727272727272727,13.245393939393924
1604988271658,4.95,-1.15,-10.927269999999988
1604988271681,-8.608695652173912,2.0869565217391304,18.9946260869565
1604988271713,6.1875,-1.5625,-13.688362499999986
1604988271745,-6.1875,1.5625,13.674962499999985
1604988271777,6.1875,-1.5625,-13.665737499999985
1604988271826,-4.081632653061225,1.0204081632653061,8.919473469387745
1604988271860,6.0,-1.411764705882353,-12.88493529411763
1604988271889,-7.103448275862069,1.5862068965517242,15.123048275862049
1604988271921,6.375,-1.5,-13.756987499999981
1604988271953,-6.3125,1.6875,13.757543749999982
1604988271985,6.3125,-1.8125,-13.776393749999983
1604988272017,-6.3125,1.8125,13.767981249999982
1604988272049,6.25,-1.6875,-13.788318749999982
1604988272081,-6.1875,1.625,13.788937499999983
1604988272113,6.125,-1.6875,-13.789149999999985
1604988272145,-6.125,1.75,13.792999999999987
1604988272179,5.823529411764706,-1.6470588235294117,-12.983070588235282
1604988272209,-6.666666666666667,1.8,14.702239999999986
1604988272258,4.122448979591836,-1.0612244897959184,-9.009995918367336
1604988272294,-5.666666666666667,1.4444444444444444,12.294816666666652
1604988272321,7.62962962962963,-1.9259259259259258,-16.488155555555537
1604988272353,-6.5,1.625,13.912812499999983
1604988272385,6.5,-1.6875,-13.899456249999984
1604988272417,-6.5,1.75,13.877256249999984
1604988272449,6.5,-1.625,-13.870131249999984
1604988272481,-6.5,1.625,13.864637499999983
1604988272513,6.4375,-1.6875,-13.882756249999982
1604988272545,-6.4375,1.6875,13.835293749999982
1604988272577,6.4375,-1.6875,-13.867281249999982
1604988272631,-3.814814814814815,1.037037037037037,8.190018518518507
1604988272657,7.846153846153846,-2.230769230769231,-17.05455384615382
1604988272689,-6.3125,1.8125,13.876499999999977
1604988272721,6.25,-1.75,-13.927849999999976
1604988272752,-6.387096774193548,1.7419354838709677,14.384361290322556
1604988272785,6.0,-1.5757575757575757,-13.505842424242399
1604988272817,-6.1875,1.625,13.907674999999973
1604988272867,4.0,-1.04,-8.926163999999982
1604988272895,-7.214285714285714,1.9285714285714286,15.958014285714253
1604988272917,9.272727272727273,-2.5454545454545454,-20.276190909090868
1604988272945,-7.357142857142857,1.9285714285714286,15.940535714285682
1604988272978,6.363636363636363,-1.5151515151515151,-13.52098787878785
1604988273025,-4.553191489361702,1.0212765957446808,9.49784680851062
1604988273057,6.8125,-1.5625,-13.904381249999972
1604988273089,-6.9375,1.5,13.875418749999971
1604988273121,7.3125,-1.5,-13.866781249999972
1604988273153,-7.625,1.3125,13.945687499999973
1604988273185,7.6875,-1.125,-14.002387499999973
1604988273217,-7.75,1.0625,14.048812499999972
1604988273249,7.8125,-1.0625,-14.067624999999973
1604988273283,-7.352941176470588,1.0,13.286294117647035
1604988273314,8.0,-1.2903225806451613,-14.611664516129006
1604988273345,-7.870967741935484,1.4193548387096775,14.741329032258037
1604988273378,7.333333333333333,-1.3333333333333333,-13.983672727272703
1604988273426,-5.083333333333333,0.875,9.745520833333318
1604988273457,7.935483870967742,-1.032258064516129,-15.248464516129008
1604988273489,-7.75,1.0625,14.937724999999977
1604988273521,7.625,-1.5,-14.951631249999977
1604988273553,-7.4375,1.875,14.919549999999976
1604988273585,7.3125,-2.0,-14.888612499999974
1604988273617,-7.3125,2.125,14.916049999999972
1604988273649,7.375,-2.375,-14.88201874999997
1604988273681,-7.4375,2.5625,14.86356249999997
1604988273714,7.2727272727272725,-2.606060606060606,-14.355327272727244
1604988273745,-7.741935483870968,2.967741935483871,15.268290322580617
1604988273793,5.041666666666667,-2.0,-9.857058333333315
1604988273826,-7.393939393939394,2.8484848484848486,14.354812121212094
1604988273857,7.870967741935484,-2.967741935483871,-15.255406451612876
1604988273889,-7.75,2.75,14.831431249999975
1604988273921,7.8125,-2.75,-14.855987499999975
1604988273952,-7.935483870967742,3.032258064516129,15.341109677419329
1604988273985,7.393939393939394,-2.909090909090909,-14.394448484848459
1604988274017,-7.6875,3.0,14.826518749999972
1604988274049,7.8125,-2.9375,-14.84106874999997
1604988274081,-7.875,2.8125,14.849762499999967
1604988274113,7.875,-2.875,-14.865449999999965
1604988274150,-6.756756756756757,2.5405405405405403,12.846151351351322
1604988274193,5.813953488372093,-2.2325581395348837,-11.039967441860439
1604988274225,-7.875,3.0,14.811381249999965
1604988274256,8.193548387096774,-3.032258064516129,-15.280148387096736
1604988274289,-7.696969696969697,2.787878787878788,14.349157575757538
1604988274321,7.9375,-2.75,-14.809174999999962
1604988274354,-7.696969696969697,2.606060606060606,14.3429333333333
1604988274385,8.129032258064516,-2.774193548387097,-15.27061290322577
1604988274417,-7.8125,2.6875,14.757724999999965
1604988274449,7.8125,-2.625,-14.790112499999966
1604988274481,-7.875,2.5625,14.805799999999966
1604988274513,7.9375,-2.5625,-14.796468749999967
1604988274546,-7.757575757575758,2.5454545454545454,14.32651515151512
1604988274577,8.32258064516129,-2.7096774193548385,-15.265670967741901
1604988274629,-5.0,1.5769230769230769,9.111846153846132
1604988274657,9.285714285714286,-2.7857142857142856,-16.9286571428571
1604988274689,-8.0625,2.3125,14.701306249999964
1604988274721,8.0625,-2.25,-14.705081249999964
1604988274752,-8.387096774193548,2.193548387096774,15.208748387096735
1604988274785,7.878787878787879,-1.9393939393939394,-14.289266666666629
1604988274817,-8.125,2.125,14.744381249999961
1604988274849,8.0625,-2.125,-14.73185624999996
1604988274881,-8.125,2.0625,14.710143749999961
1604988274913,8.1875,-2.125,-14.755493749999962
1604988274945,-8.1875,2.1875,14.714487499999963
1604988274978,7.878787878787879,-2.121212121212121,-14.308806060606027
1604988275026,-5.375,1.4166666666666667,9.801466666666643
1604988275056,8.533333333333333,-2.2,-15.662099999999961
1604988275089,-7.757575757575758,1.9393939393939394,14.18186060606057
1604988275122,7.757575757575758,-1.8181818181818181,-14.175236363636326
1604988275153,-8.193548387096774,1.8709677419354838,15.089225806451573
1604988275185,7.9375,-1.75,-14.626037499999963
1604988275217,-7.9375,1.625,14.629243749999965
1604988275249,7.9375,-1.5,-14.668281249999964
1604988275281,-7.9375,1.4375,14.669449999999962
1604988275313,7.9375,-1.4375,-14.64044999999996
1604988275346,-7.696969696969697,1.4545454545454546,14.186321212121172
1604988275395,5.183673469387755,-0.9795918367346939,-9.529477551020381
1604988275427,-7.9375,1.4375,14.57028749999996
1604988275457,8.533333333333333,-1.5333333333333334,-15.541626666666625
1604988275489,-8.0625,1.4375,14.61124374999996
1604988275521,8.3125,-1.625,-14.60892499999996
1604988275553,-8.5,1.75,14.62438124999996
1604988275585,8.5625,-1.75,-14.635899999999959
1604988275617,-8.625,1.5625,14.695968749999958
1604988275650,8.424242424242424,-1.5151515151515151,-14.244060606060566
1604988275681,-8.96774193548387,1.8709677419354838,15.127632258064473
1604988275713,8.625,-2.25,-14.56630624999996
1604988275746,-8.242424242424242,2.6666666666666665,14.093903030302991
1604988275794,5.583333333333333,-1.9166666666666667,-9.753270833333307
1604988275825,-8.516129032258064,2.838709677419355,15.19612258064512
1604988275862,6.972972972972973,-2.3783783783783785,-12.630659459459425
1604988275889,-9.407407407407407,3.8518518518518516,17.315451851851805
1604988275921,7.8125,-3.75,-14.52691874999996
1604988275953,-7.75,3.875,14.50429374999996
1604988275988,7.085714285714285,-3.3142857142857145,-13.297297142857106
1604988276017,-8.620689655172415,3.7241379310344827,16.12785517241375
1604988276049,7.875,-3.375,-14.646424999999963
1604988276081,-7.875,3.3125,14.696731249999965
1604988276114,7.575757575757576,-3.212121212121212,-14.223193939393905
1604988276146,-7.75,3.3125,14.653549999999964
1604988276193,5.319148936170213,-2.127659574468085,-9.95610212765955
1604988276225,-7.9375,2.9375,14.630231249999962
1604988276257,7.8125,-2.9375,14.630231249999962
1604988276289,-7.6875,2.8125,14.630231249999962
1604988276321,7.75,-2.75,14.630231249999962
1604988276353,-7.6875,2.875,42.11452499999996
1604988276385,7.625,-2.9375,-51.545687499999964
1604988276417,-7.5625,3.0,51.57955624999997
1604988276450,7.333333333333333,-3.0303030303030303,-50.041503030303005
1604988276481,-7.870967741935484,3.4193548387096775,53.27468387096771
1604988276514,7.454545454545454,-3.3333333333333335,-50.048939393939364
1604988276545,-8.0,3.5483870967741935,53.230774193548356
1604988276593,5.208333333333333,-2.25,-34.37839166666665
1604988276626,-7.575757575757576,3.212121212121212,49.991999999999976
1604988276673,5.319148936170213,-2.25531914893617,-35.112940425531896
1604988276701,-9.0,3.7142857142857144,58.93247142857139
1604988276722,12.095238095238095,-4.857142857142857,-78.56887619047613
1604988276753,-8.193548387096774,3.3548387096774195,53.18943870967738
1604988276800,5.404255319148936,-2.25531914893617,-35.07233191489359
1604988276826,-9.846153846153847,4.076923076923077,63.36819230769227
1604988276849,11.217391304347826,-4.608695652173913,-71.67630434782605
1604988276881,-8.125,3.375,51.52183749999996
1604988276913,8.1875,-3.4375,-51.52048749999996
1604988276946,-8.0,3.3333333333333335,49.93767878787875
1604988276993,5.659574468085107,-2.2127659574468086,-35.08639148936167
1604988277025,-8.25,3.0,51.44618749999995
1604988277057,8.125,-2.875,-51.39672499999995
1604988277089,-8.125,2.6875,51.36838124999995
1604988277121,8.0625,-2.375,-51.31728124999995
1604988277153,-8.0,2.5625,51.31499374999995
1604988277184,8.193548387096774,-2.967741935483871,-52.990238709677364
1604988277216,-7.9375,2.875,51.282143749999946
1604988277249,7.636363636363637,-2.787878787878788,-49.76463030303025
1604988277281,-7.8125,2.9375,51.294487499999946
1604988277313,7.75,-3.0,-51.34891249999994
1604988277362,-5.020408163265306,2.0,33.52656326530609
1604988277394,7.5625,-3.0,-51.32443124999995
1604988277425,-7.67741935483871,3.096774193548387,52.93336774193543
1604988277457,7.375,-3.0,-51.28751874999995
1604988277489,-7.3125,2.9375,51.264449999999954
1604988277521,7.25,-2.875,-51.252424999999945
1604988277553,-7.1875,2.8125,51.24741874999994
1604988277585,7.125,-2.75,-51.252318749999944
1604988277618,-6.848484848484849,2.606060606060606,49.70276969696964
1604988277649,7.290322580645161,-2.7096774193548385,-52.9073354838709
1604988277681,-7.125,2.625,51.28914999999994
1604988277714,6.909090909090909,-2.787878787878788,51.28914999999994
1604988277762,-4.666666666666667,2.1666666666666665,51.23937083333329
1604988277793,7.483870967741935,-3.3548387096774195,-88.12767741935477
1604988277825,-7.9375,2.75,85.38253749999994
1604988277856,9.03225806451613,-2.3870967741935485,-88.12174193548381
1604988277889,-8.909090909090908,2.0606060606060606,82.81464242424236
1604988277921,9.3125,-2.1875,-85.42831874999993
1604988277953,-9.375,2.125,85.49278749999993
1604988277985,9.3125,-1.875,-85.50619374999994
1604988278017,-9.25,1.5,85.52233749999995
1604988278049,9.375,-1.25,-85.62633749999995
1604988278081,-9.5,1.25,85.79977499999995
1604988278113,9.5625,-1.375,-85.80657499999995
1604988278161,-6.375,0.7916666666666666,57.22510416666663
1604988278193,9.5,-0.5,-85.90129374999995
1604988278225,-9.5625,0.0625,86.16941874999995
1604988278258,9.393939393939394,0.06060606060606061,-83.69536969696965
1604988278289,-10.064516129032258,0.12903225806451613,-83.69536969696965
1604988278321,9.625,-0.75,-83.69536969696965
1604988278353,-9.5,1.0625,79.41806249999996
1604988278384,9.806451612903226,-0.9032258064516129,-89.52599354838706
1604988278417,-9.272727272727273,0.6060606060606061,84.1750545454545
1604988278449,9.625,-0.5,-86.81161249999997
1604988278482,-9.333333333333334,0.48484848484848486,84.20561818181815
1604988278514,9.625,-0.4375,-86.83889374999995
1604988278561,-6.553191489361702,0.2553191489361702,59.14117872340423
1604988278593,9.4375,-0.4375,-86.85483749999996
1604988278625,-9.25,0.375,-86.85483749999996
1604988278657,9.3125,-0.375,-86.85483749999996
1604988278690,-8.969696969696969,0.48484848484848486,75.93184242424236
1604988278720,9.8,-0.6666666666666666,-93.52119999999994
1604988278753,-8.848484848484848,0.7878787878787878,85.02212121212116
1604988278785,9.0625,-1.0,-87.65986249999995
1604988278816,-9.35483870967742,1.096774193548387,90.48877419354832
1604988278849,8.787878787878787,-0.9696969696969697,-85.03787878787875
1604988278881,-9.0625,0.8125,87.72412499999996
1604988278914,8.787878787878787,-0.6060606060606061,-85.09435151515147
1604988278962,-6.041666666666667,0.375,58.50700833333332
1604988278993,9.35483870967742,-0.5161290322580645,-90.629264516129
1604988279025,-9.0625,0.5,87.78363124999997
1604988279057,9.0625,-0.5625,-87.78777499999997
1604988279093,-8.055555555555555,0.5555555555555556,78.0081833333333
1604988279122,10.068965517241379,-0.6896551724137931,-96.87939999999996
1604988279152,-9.8,0.5333333333333333,93.66495999999994
1604988279185,8.909090909090908,-0.42424242424242425,-85.17003636363631
1604988279216,-9.483870967741936,0.5161290322580645,90.65961935483865
1604988279249,8.909090909090908,-0.48484848484848486,-85.17801212121208
1604988279281,-9.1875,0.5,87.85747499999995
1604988279314,8.909090909090908,-0.5454545454545454,-85.20749090909086
1604988279345,-9.548387096774194,0.7096774193548387,90.72554193548383
1604988279393,6.208333333333333,-0.4583333333333333,-58.60690833333331
1604988279425,-9.375,0.625,87.88169374999997
1604988279457,9.4375,-0.625,-87.88756874999997
1604988279489,-9.4375,0.5625,87.84329999999997
1604988279521,9.375,-0.6875,-87.83612499999997
1604988279553,-9.4375,1.0,87.83474999999996
1604988279584,9.806451612903226,-1.1612903225806452,-90.66005161290319
1604988279617,-9.212121212121213,1.1515151515151516,85.13303636363634
1604988279653,8.38888888888889,-1.0555555555555556,-78.03283333333331
1604988279681,-10.857142857142858,1.2857142857142858,100.26439285714284
1604988279714,9.272727272727273,-0.9696969696969697,-85.11944242424241
1604988279778,-4.8125,0.40625,43.872703124999994
1604988279808,10.266666666666667,-0.6666666666666666,-93.59731333333333
1604988279825,-18.235294117647058,1.0588235294117647,165.0909764705882
1604988279857,9.75,-0.5,-87.72667499999999
1604988279889,-9.8125,0.4375,87.73715625
1604988279920,10.193548387096774,-0.3870967741935484,-90.62121290322581
1604988279952,-9.9375,0.3125,87.800975
1604988279984,9.9375,-0.3125,-87.79813124999998
1604988280017,-9.515151515151516,0.36363636363636365,85.14807272727272
1604988280049,9.75,-0.375,-87.81215624999999
1604988280081,-9.8125,0.375,87.83603124999999
1604988280114,9.636363636363637,-0.36363636363636365,87.83603124999999
1604988280161,-6.595744680851064,0.3404255319148936,87.83603124999999
1604988280193,9.1875,-0.8125,87.83603124999999
1604988280225,-8.625,1.0625,113.42094374999998
1604988280257,8.3125,-1.4375,-121.66530624999999
1604988280289,-8.1875,1.8125,121.66104999999999
1604988280321,8.125,-2.0625,-121.62656874999999
1604988280353,-8.125,2.0625,121.61536874999999
1604988280402,5.346938775510204,-1.2653061224489797,-79.39198367346938
1604988280432,-8.733333333333333,1.8,129.69108
1604988280449,15.294117647058824,-3.176470588235294,-228.7852470588235
1604988280481,-8.0625,2.0,121.3235
1604988280528,5.446808510638298,-1.5319148936170213,-82.39920851063829
1604988280561,-7.757575757575758,2.121212121212121,117.30533333333334
1604988280593,8.0,-1.9375,-121.02934375
1604988280626,-7.818181818181818,1.7575757575757576,117.44466666666666
1604988280657,8.32258064516129,-1.8709677419354838,-124.95513548387096
1604988280689,-8.0,2.1875,120.95934374999999
1604988280721,8.0,-2.8125,-120.83288124999999
1604988280753,-8.0625,3.5,120.79243749999998
1604988280785,8.125,-3.6875,-120.76858124999998
1604988280817,-8.1875,3.25,120.81654999999998
1604988280850,8.06060606060606,-2.9696969696969697,-117.14633939393937
1604988280882,-8.3125,3.25,120.78071249999998
1604988280929,5.574468085106383,-2.382978723404255,-82.19679574468084
1604988280961,-8.0625,3.5,120.72736249999998
1604988280993,8.125,-3.1875,-120.71916249999998
1604988281026,-8.0,2.8484848484848486,117.08674545454544
1604988281057,8.32258064516129,-3.161290322580645,117.08674545454544
1604988281089,-7.8125,3.3125,117.08674545454544
1604988281122,7.575757575757576,-3.4545454545454546,117.08674545454544
1604988281153,-8.0,3.870967741935484,117.08674545454544
1604988281185,7.8125,-3.8125,-128.86389374999996
1604988281217,-8.0,3.75,119.37494374999997
1604988281250,7.818181818181818,-3.6363636363636362,-115.76881212121208
1604988281281,-8.258064516129032,3.870967741935484,123.24599354838706
1604988281330,5.224489795918367,-2.4081632653061225,-77.96489795918365
1604988281361,-8.32258064516129,3.870967741935484,123.19832903225804
1604988281393,8.0625,-3.9375,-119.31987499999997
1604988281425,-8.0625,4.0625,119.27919374999998
1604988281457,8.125,-4.0625,-119.26110624999998
1604988281489,-8.1875,4.125,119.23358749999997
1604988281522,8.0,-4.121212121212121,-115.61722424242423
1604988281553,-8.516129032258064,4.451612903225806,123.04625806451611
1604988281584,8.451612903225806,-4.516129032258065,-123.0142
1604988281617,-7.878787878787879,4.303030303030303,115.53069090909091
1604988281650,7.757575757575758,-4.303030303030303,-115.52372121212122
1604988281681,-8.193548387096774,4.580645161290323,122.97632903225806
1604988281730,5.142857142857143,-2.938775510204082,-77.82672653061225
1604988281762,-7.75,4.5625,119.08291249999999
1604988281793,8.0,-4.838709677419355,-123.0214129032258
1604988281825,-7.9375,4.6875,119.2403875
1604988281857,7.9375,-4.625,-119.26878124999999
1604988281889,-7.8125,4.8125,119.29005624999999
1604988281921,7.6875,-5.1875,-119.28137499999998
1604988281952,-8.0,4.903225806451613,123.03292258064513
1604988281985,7.515151515151516,-4.848484848484849,-115.67959999999998
1604988282017,-7.8125,4.5625,119.19625624999998
1604988282050,7.515151515151516,-4.787878787878788,-115.63386060606058
1604988282081,-7.870967741935484,4.645161290322581,122.97821935483869
1604988282128,5.191489361702128,-3.021276595744681,-81.10458723404254
1604988282161,-7.212121212121212,5.333333333333333,-81.10458723404254
1604988282193,8.375,-5.4375,-89.97483124999998
